%t (s)	Idd (a.u.)	Ida (a.u.)	Iaa (a.u.)	FRET E
0.000	+3.610e+03	+5.831e+03	+1.083e+04	+0.618
0.100	+2.601e+03	+7.395e+03	+1.005e+04	+0.740
0.200	+2.847e+03	+7.212e+03	+1.011e+04	+0.717
0.300	+1.837e+03	+6.562e+03	+9.933e+03	+0.781
0.400	+3.239e+03	+7.718e+03	+9.439e+03	+0.704
0.500	+1.507e+03	+6.511e+03	+1.104e+04	+0.812
0.600	+3.841e+03	+6.307e+03	+1.082e+04	+0.622
0.700	+3.544e+03	+7.471e+03	+1.010e+04	+0.678
0.800	+3.860e+03	+7.490e+03	+1.031e+04	+0.660
0.900	+1.574e+03	+8.044e+03	+1.092e+04	+0.836
1.000	+4.236e+03	+7.083e+03	+8.873e+03	+0.626
1.100	+2.835e+03	+6.276e+03	+1.069e+04	+0.689
1.200	+3.653e+03	+6.353e+03	+9.846e+03	+0.635
1.300	+2.147e+03	+7.832e+03	+1.167e+04	+0.785
1.400	+1.925e+03	+7.195e+03	+9.093e+03	+0.789
1.500	+3.969e+03	+6.065e+03	+1.056e+04	+0.604
1.600	+2.229e+03	+7.346e+03	+9.793e+03	+0.767
1.700	+3.238e+03	+7.144e+03	+1.092e+04	+0.688
1.800	+4.091e+03	+5.381e+03	+9.998e+03	+0.568
1.900	+4.048e+03	+7.309e+03	+9.222e+03	+0.644
2.000	+3.845e+03	+7.138e+03	+1.018e+04	+0.650
2.100	+3.284e+03	+7.780e+03	+9.047e+03	+0.703
2.200	+2.056e+03	+6.844e+03	+9.348e+03	+0.769
2.300	+3.888e+03	+6.985e+03	+1.040e+04	+0.642
2.400	+2.900e+03	+6.304e+03	+1.000e+04	+0.685
2.500	+2.967e+03	+7.299e+03	+9.517e+03	+0.711
2.600	+1.454e+03	+7.060e+03	+9.147e+03	+0.829
2.700	+3.307e+03	+6.514e+03	+1.005e+04	+0.663
2.800	+3.232e+03	+6.621e+03	+8.599e+03	+0.672
2.900	+4.736e+03	+7.220e+03	+1.049e+04	+0.604
3.000	+2.885e+03	+8.055e+03	+9.905e+03	+0.736
3.100	+2.533e+03	+7.129e+03	+9.208e+03	+0.738
3.200	+3.899e+03	+7.700e+03	+8.392e+03	+0.664
3.300	+2.761e+03	+6.508e+03	+9.782e+03	+0.702
3.400	+2.471e+03	+7.304e+03	+1.018e+04	+0.747
3.500	+4.110e+03	+7.133e+03	+9.445e+03	+0.634
3.600	+3.538e+03	+5.826e+03	+9.990e+03	+0.622
3.700	+2.911e+03	+6.005e+03	+9.785e+03	+0.674
3.800	+2.460e+03	+7.110e+03	+9.165e+03	+0.743
3.900	+2.788e+03	+6.370e+03	+1.074e+04	+0.696
4.000	+3.909e+03	+6.980e+03	+9.241e+03	+0.641
4.100	+3.375e+03	+5.968e+03	+1.105e+04	+0.639
4.200	+3.232e+03	+6.428e+03	+1.063e+04	+0.665
4.300	+3.597e+03	+6.498e+03	+9.970e+03	+0.644
4.400	+4.198e+03	+6.390e+03	+9.171e+03	+0.604
4.500	+5.315e+03	+2.625e+03	+1.060e+04	+0.331
4.600	+5.409e+03	+5.005e+03	+9.623e+03	+0.481
4.700	+2.745e+03	+8.045e+03	+1.017e+04	+0.746
4.800	+2.547e+03	+5.039e+03	+9.773e+03	+0.664
4.900	+3.874e+03	+5.430e+03	+8.057e+03	+0.584
5.000	+3.336e+03	+6.875e+03	+9.118e+03	+0.673
5.100	+2.690e+03	+6.619e+03	+9.702e+03	+0.711
5.200	+2.718e+03	+7.341e+03	+1.040e+04	+0.730
5.300	+3.054e+03	+7.789e+03	+9.482e+03	+0.718
5.400	+3.222e+03	+6.428e+03	+9.012e+03	+0.666
5.500	+2.813e+03	+7.890e+03	+1.055e+04	+0.737
5.600	+1.231e+03	+7.974e+03	+9.317e+03	+0.866
5.700	+3.898e+03	+7.078e+03	+9.523e+03	+0.645
5.800	+3.904e+03	+6.191e+03	+8.902e+03	+0.613
5.900	+1.873e+03	+8.015e+03	+1.011e+04	+0.811
6.000	+4.855e+03	+7.368e+03	+1.116e+04	+0.603
6.100	+2.444e+03	+6.949e+03	+9.989e+03	+0.740
6.200	+2.825e+03	+6.735e+03	+1.166e+04	+0.705
6.300	+2.227e+03	+5.087e+03	+9.993e+03	+0.696
6.400	+3.498e+03	+7.284e+03	+7.673e+03	+0.676
6.500	+2.612e+03	+8.301e+03	+9.775e+03	+0.761
6.600	+2.481e+03	+6.355e+03	+1.040e+04	+0.719
6.700	+1.530e+03	+6.071e+03	+9.726e+03	+0.799
6.800	+2.683e+03	+6.351e+03	+1.009e+04	+0.703
6.900	+3.133e+03	+6.306e+03	+1.199e+04	+0.668
7.000	+3.445e+03	+6.489e+03	+9.495e+03	+0.653
7.100	+3.546e+03	+6.842e+03	+1.082e+04	+0.659
7.200	+2.793e+03	+6.814e+03	+8.717e+03	+0.709
7.300	+2.449e+03	+7.711e+03	+1.027e+04	+0.759
7.400	+2.638e+03	+7.536e+03	+9.818e+03	+0.741
7.500	+2.950e+03	+8.072e+03	+1.054e+04	+0.732
7.600	+2.604e+03	+5.796e+03	+1.102e+04	+0.690
7.700	+2.863e+03	+8.132e+03	+8.172e+03	+0.740
7.800	+2.696e+03	+6.039e+03	+9.723e+03	+0.691
7.900	+3.736e+03	+7.567e+03	+1.009e+04	+0.670
8.000	+8.473e+01	+5.621e+03	+1.104e+04	+0.985
8.100	+2.583e+03	+6.626e+03	+1.031e+04	+0.720
8.200	+2.807e+03	+8.350e+03	+1.077e+04	+0.748
8.300	+2.781e+03	+6.984e+03	+1.005e+04	+0.715
8.400	+6.894e+03	+3.270e+03	+9.665e+03	+0.322
8.500	+5.469e+03	+2.480e+03	+1.001e+04	+0.312
8.600	+6.202e+03	+1.706e+03	+1.018e+04	+0.216
8.700	+7.617e+03	+3.303e+03	+9.363e+03	+0.302
8.800	+5.991e+03	+4.205e+03	+1.042e+04	+0.412
8.900	+7.857e+03	+4.123e+03	+8.356e+03	+0.344
9.000	+6.773e+03	+2.633e+03	+9.833e+03	+0.280
9.100	+7.114e+03	+2.284e+03	+8.636e+03	+0.243
9.200	+6.883e+03	+3.148e+03	+9.258e+03	+0.314
9.300	+5.415e+03	+4.452e+03	+1.086e+04	+0.451
9.400	+3.693e+03	+4.905e+03	+9.374e+03	+0.571
9.500	+2.774e+03	+6.413e+03	+1.134e+04	+0.698
9.600	+4.585e+03	+6.531e+03	+1.022e+04	+0.588
9.700	+2.812e+03	+7.381e+03	+8.914e+03	+0.724
9.800	+3.403e+03	+6.111e+03	+9.537e+03	+0.642
9.900	+1.941e+03	+8.352e+03	+1.062e+04	+0.811
10.000	+3.227e+03	+7.953e+03	+1.040e+04	+0.711
10.100	+3.249e+03	+8.773e+03	+9.125e+03	+0.730
10.200	+3.475e+03	+6.292e+03	+1.051e+04	+0.644
10.300	+3.281e+03	+7.466e+03	+1.025e+04	+0.695
10.400	+3.154e+03	+6.855e+03	+9.795e+03	+0.685
10.500	+3.403e+03	+8.363e+03	+1.065e+04	+0.711
10.600	+3.506e+03	+6.639e+03	+9.799e+03	+0.654
10.700	+1.014e+03	+8.164e+03	+1.126e+04	+0.889
10.800	+2.692e+03	+7.526e+03	+9.473e+03	+0.737
10.900	+3.100e+03	+6.117e+03	+1.037e+04	+0.664
11.000	+3.135e+03	+6.823e+03	+9.763e+03	+0.685
11.100	+3.171e+03	+6.484e+03	+1.094e+04	+0.672
11.200	+2.686e+03	+7.682e+03	+1.005e+04	+0.741
11.300	+2.449e+03	+7.479e+03	+9.378e+03	+0.753
11.400	+2.239e+03	+6.983e+03	+9.432e+03	+0.757
11.500	+2.660e+03	+7.530e+03	+1.034e+04	+0.739
11.600	+2.694e+03	+6.047e+03	+8.582e+03	+0.692
11.700	+4.304e+03	+8.027e+03	+1.142e+04	+0.651
11.800	+3.416e+03	+6.875e+03	+1.052e+04	+0.668
11.900	+3.279e+03	+6.769e+03	+9.322e+03	+0.674
12.000	+3.831e+03	+7.403e+03	+9.728e+03	+0.659
12.100	+2.968e+03	+6.179e+03	+1.080e+04	+0.676
12.200	+1.437e+03	+6.193e+03	+1.061e+04	+0.812
12.300	+2.320e+03	+7.145e+03	+1.007e+04	+0.755
12.400	+3.432e+03	+7.112e+03	+9.199e+03	+0.675
12.500	+3.207e+03	+6.235e+03	+1.066e+04	+0.660
12.600	+6.423e+03	+3.760e+03	+8.785e+03	+0.369
12.700	+6.750e+03	+3.685e+03	+1.017e+04	+0.353
12.800	+6.438e+03	+4.346e+03	+9.937e+03	+0.403
12.900	+2.561e+03	+6.844e+03	+9.188e+03	+0.728
13.000	+3.134e+03	+7.451e+03	+1.011e+04	+0.704
13.100	+3.577e+03	+6.801e+03	+1.100e+04	+0.655
13.200	+6.243e+03	+4.412e+03	+1.024e+04	+0.414
13.300	+7.501e+03	+3.406e+03	+9.585e+03	+0.312
13.400	+7.378e+03	+2.506e+03	+9.958e+03	+0.254
13.500	+3.024e+03	+6.250e+03	+1.207e+04	+0.674
13.600	+2.623e+03	+7.412e+03	+1.036e+04	+0.739
13.700	+1.532e+03	+5.822e+03	+9.359e+03	+0.792
13.800	+2.581e+03	+6.877e+03	+1.060e+04	+0.727
13.900	+4.138e+03	+5.727e+03	+9.900e+03	+0.581
14.000	+4.291e+03	+7.464e+03	+1.162e+04	+0.635
14.100	+6.597e+03	+2.666e+03	+1.059e+04	+0.288
14.200	+7.537e+03	+3.196e+03	+9.134e+03	+0.298
14.300	+7.018e+03	+4.480e+03	+1.064e+04	+0.390
14.400	+7.462e+03	+3.184e+03	+1.033e+04	+0.299
14.500	+6.553e+03	+2.279e+03	+8.460e+03	+0.258
14.600	+7.809e+03	+3.136e+03	+1.031e+04	+0.287
14.700	+1.845e+03	+6.523e+03	+8.733e+03	+0.780
14.800	+4.182e+03	+5.882e+03	+1.021e+04	+0.584
14.900	+7.286e+03	+3.437e+03	+1.084e+04	+0.321
15.000	+6.364e+03	+4.102e+03	+1.014e+04	+0.392
15.100	+5.599e+03	+1.215e+03	+1.135e+04	+0.178
15.200	+7.515e+03	+3.177e+03	+8.384e+03	+0.297
15.300	+7.605e+03	+2.091e+03	+9.016e+03	+0.216
15.400	+6.114e+03	+3.259e+03	+1.031e+04	+0.348
15.500	+6.912e+03	+3.365e+03	+9.363e+03	+0.327
15.600	+6.862e+03	+3.636e+03	+1.050e+04	+0.346
15.700	+2.749e+03	+6.088e+03	+8.971e+03	+0.689
15.800	+8.139e+03	+3.300e+03	+1.027e+04	+0.288
15.900	+5.777e+03	+3.367e+03	+1.064e+04	+0.368
16.000	+7.127e+03	+2.813e+03	+1.053e+04	+0.283
16.100	+7.278e+03	+1.937e+03	+1.039e+04	+0.210
16.200	+6.984e+03	+3.480e+03	+1.041e+04	+0.333
16.300	+6.824e+03	+3.245e+03	+9.174e+03	+0.322
16.400	+6.344e+03	+3.389e+03	+1.050e+04	+0.348
16.500	+6.630e+03	+2.435e+03	+1.040e+04	+0.269
16.600	+7.800e+03	+2.650e+03	+1.061e+04	+0.254
16.700	+6.570e+03	+2.204e+03	+1.082e+04	+0.251
16.800	+6.758e+03	+4.569e+03	+9.668e+03	+0.403
16.900	+7.375e+03	+1.159e+03	+9.424e+03	+0.136
17.000	+5.616e+03	+3.484e+03	+1.048e+04	+0.383
17.100	+4.819e+03	+7.099e+03	+1.058e+04	+0.596
17.200	+3.566e+03	+7.736e+03	+1.062e+04	+0.685
17.300	+3.458e+03	+5.572e+03	+8.987e+03	+0.617
17.400	+3.924e+03	+7.991e+03	+1.114e+04	+0.671
17.500	+1.140e+03	+7.421e+03	+9.056e+03	+0.867
17.600	+2.671e+03	+7.323e+03	+1.063e+04	+0.733
17.700	+4.401e+03	+5.756e+03	+1.044e+04	+0.567
17.800	+7.173e+03	+3.690e+03	+1.027e+04	+0.340
17.900	+4.033e+03	+7.584e+03	+9.927e+03	+0.653
18.000	+4.060e+03	+7.092e+03	+1.129e+04	+0.636
18.100	+2.454e+03	+7.082e+03	+1.076e+04	+0.743
18.200	+3.145e+03	+7.132e+03	+9.189e+03	+0.694
18.300	+3.250e+03	+6.820e+03	+1.054e+04	+0.677
18.400	+3.114e+03	+6.158e+03	+1.012e+04	+0.664
18.500	+2.813e+03	+6.804e+03	+9.611e+03	+0.708
18.600	+4.368e+03	+6.049e+03	+9.971e+03	+0.581
18.700	+5.407e+03	+4.911e+03	+9.803e+03	+0.476
18.800	+2.452e+03	+5.752e+03	+1.052e+04	+0.701
18.900	+2.492e+03	+6.810e+03	+9.479e+03	+0.732
19.000	+2.181e+03	+6.473e+03	+1.063e+04	+0.748
19.100	+4.331e+03	+6.196e+03	+9.678e+03	+0.589
19.200	+1.743e+03	+8.243e+03	+1.002e+04	+0.825
19.300	+7.296e+03	+3.889e+03	+9.553e+03	+0.348
19.400	+7.167e+03	+2.611e+03	+9.378e+03	+0.267
19.500	+6.984e+03	+3.846e+03	+1.009e+04	+0.355
19.600	+7.763e+03	+2.276e+03	+9.992e+03	+0.227
19.700	+8.517e+03	+3.373e+03	+1.028e+04	+0.284
19.800	+6.420e+03	+3.467e+03	+9.118e+03	+0.351
19.900	+6.225e+03	+4.929e+03	+9.425e+03	+0.442
20.000	+6.903e+03	+3.641e+03	+9.978e+03	+0.345
20.100	+6.787e+03	+2.202e+03	+8.707e+03	+0.245
20.200	+7.412e+03	+2.201e+03	+1.085e+04	+0.229
20.300	+6.530e+03	+1.538e+03	+1.012e+04	+0.191
20.400	+7.760e+03	+3.193e+03	+1.077e+04	+0.292
20.500	+7.167e+03	+4.213e+03	+1.076e+04	+0.370
20.600	+6.761e+03	+3.520e+03	+1.209e+04	+0.342
20.700	+7.553e+03	+3.076e+03	+1.056e+04	+0.289
20.800	+6.579e+03	+3.154e+03	+9.692e+03	+0.324
20.900	+6.322e+03	+3.474e+03	+9.506e+03	+0.355
21.000	+4.062e+03	+7.703e+03	+9.148e+03	+0.655
21.100	+2.422e+03	+8.607e+03	+1.036e+04	+0.780
21.200	+3.923e+03	+5.197e+03	+9.943e+03	+0.570
21.300	+7.174e+03	+3.376e+03	+1.035e+04	+0.320
21.400	+6.600e+03	+1.876e+03	+9.823e+03	+0.221
21.500	+5.983e+03	+4.307e+03	+1.080e+04	+0.419
21.600	+7.762e+03	+2.192e+03	+9.743e+03	+0.220
21.700	+8.067e+03	+2.938e+03	+9.636e+03	+0.267
21.800	+6.589e+03	+3.212e+03	+1.045e+04	+0.328
21.900	+6.948e+03	+2.556e+03	+9.528e+03	+0.269
22.000	+7.258e+03	+3.164e+03	+1.071e+04	+0.304
22.100	+4.607e+03	+3.177e+03	+1.073e+04	+0.408
22.200	+7.488e+03	+3.401e+03	+1.024e+04	+0.312
22.300	+7.788e+03	+3.573e+03	+1.101e+04	+0.314
22.400	+4.917e+03	+2.398e+03	+1.094e+04	+0.328
22.500	+6.316e+03	+2.085e+03	+1.066e+04	+0.248
22.600	+6.405e+03	+1.980e+03	+9.793e+03	+0.236
22.700	+7.358e+03	+3.908e+03	+9.727e+03	+0.347
22.800	+6.942e+03	+3.567e+03	+9.483e+03	+0.339
22.900	+7.951e+03	+3.235e+03	+9.862e+03	+0.289
23.000	+7.731e+03	+4.261e+03	+1.093e+04	+0.355
23.100	+5.197e+03	+3.430e+03	+9.340e+03	+0.398
23.200	+7.302e+03	+2.670e+03	+1.098e+04	+0.268
23.300	+6.413e+03	+4.418e+03	+9.630e+03	+0.408
23.400	+6.183e+03	+3.182e+03	+1.139e+04	+0.340
23.500	+5.930e+03	+3.116e+03	+8.923e+03	+0.344
23.600	+2.133e+03	+7.240e+03	+1.004e+04	+0.772
23.700	+4.264e+03	+7.658e+03	+9.249e+03	+0.642
23.800	+3.240e+03	+7.143e+03	+1.050e+04	+0.688
23.900	+2.263e+03	+5.861e+03	+9.401e+03	+0.721
24.000	+3.190e+03	+5.806e+03	+9.707e+03	+0.645
24.100	+1.267e+03	+5.974e+03	+1.042e+04	+0.825
24.200	+2.182e+03	+5.780e+03	+9.712e+03	+0.726
24.300	+3.576e+03	+7.750e+03	+1.014e+04	+0.684
24.400	+3.134e+03	+7.277e+03	+1.045e+04	+0.699
24.500	+3.506e+03	+8.563e+03	+1.076e+04	+0.710
24.600	+3.068e+03	+6.190e+03	+7.668e+03	+0.669
24.700	+1.740e+03	+7.740e+03	+1.049e+04	+0.816
24.800	+3.562e+03	+6.713e+03	+1.158e+04	+0.653
24.900	+2.306e+03	+8.154e+03	+1.111e+04	+0.780
25.000	+3.764e+03	+6.626e+03	+9.961e+03	+0.638
25.100	+2.760e+03	+6.182e+03	+9.927e+03	+0.691
25.200	+2.374e+03	+6.463e+03	+1.121e+04	+0.731
25.300	+3.030e+03	+7.223e+03	+9.390e+03	+0.704
25.400	+3.856e+03	+6.746e+03	+1.081e+04	+0.636
25.500	+2.127e+03	+6.675e+03	+1.038e+04	+0.758
25.600	+3.682e+03	+7.565e+03	+1.146e+04	+0.673
25.700	+3.966e+03	+4.925e+03	+1.049e+04	+0.554
25.800	+2.112e+03	+6.805e+03	+1.013e+04	+0.763
25.900	+5.804e+03	+3.766e+03	+1.092e+04	+0.394
26.000	+6.641e+03	+3.151e+03	+9.845e+03	+0.322
26.100	+8.961e+03	+2.507e+03	+1.038e+04	+0.219
26.200	+7.010e+03	+2.600e+03	+9.481e+03	+0.271
26.300	+7.110e+03	+2.746e+03	+1.138e+04	+0.279
26.400	+7.141e+03	+3.170e+03	+8.792e+03	+0.307
26.500	+5.026e+03	+4.037e+03	+9.699e+03	+0.445
26.600	+6.169e+03	+3.637e+03	+1.048e+04	+0.371
26.700	+7.658e+03	+2.872e+03	+1.102e+04	+0.273
26.800	+7.249e+03	+3.458e+03	+1.078e+04	+0.323
26.900	+7.158e+03	+3.526e+03	+8.537e+03	+0.330
27.000	+7.175e+03	+3.425e+03	+1.186e+04	+0.323
27.100	+7.998e+03	+2.620e+03	+1.137e+04	+0.247
27.200	+6.742e+03	+3.818e+03	+1.046e+04	+0.362
27.300	+7.929e+03	+1.993e+03	+1.024e+04	+0.201
27.400	+7.286e+03	+2.930e+03	+1.064e+04	+0.287
27.500	+6.678e+03	+4.328e+03	+1.064e+04	+0.393
27.600	+7.742e+03	+2.714e+03	+8.806e+03	+0.260
27.700	+4.662e+03	+5.073e+03	+1.057e+04	+0.521
27.800	+2.453e+03	+7.282e+03	+9.648e+03	+0.748
27.900	+2.505e+03	+6.757e+03	+1.131e+04	+0.730
28.000	+4.580e+03	+5.355e+03	+9.477e+03	+0.539
28.100	+7.695e+03	+3.669e+03	+1.006e+04	+0.323
28.200	+6.369e+03	+2.296e+03	+1.011e+04	+0.265
28.300	+4.059e+03	+7.595e+03	+1.061e+04	+0.652
28.400	+2.440e+03	+7.061e+03	+1.103e+04	+0.743
28.500	+3.625e+03	+5.324e+03	+9.482e+03	+0.595
28.600	+2.605e+03	+7.749e+03	+1.140e+04	+0.748
28.700	+3.826e+03	+7.846e+03	+8.700e+03	+0.672
28.800	+4.114e+03	+6.970e+03	+1.119e+04	+0.629
28.900	+3.679e+03	+6.271e+03	+1.063e+04	+0.630
29.000	+4.503e+03	+7.181e+03	+9.246e+03	+0.615
29.100	+2.281e+03	+6.631e+03	+1.024e+04	+0.744
29.200	+3.955e+03	+6.342e+03	+8.495e+03	+0.616
29.300	+2.335e+03	+7.381e+03	+1.093e+04	+0.760
29.400	+3.052e+03	+6.472e+03	+1.015e+04	+0.680
29.500	+2.855e+03	+6.725e+03	+1.084e+04	+0.702
29.600	+1.881e+03	+8.410e+03	+1.055e+04	+0.817
29.700	+3.547e+03	+8.734e+03	+9.720e+03	+0.711
29.800	+2.928e+03	+6.000e+03	+9.123e+03	+0.672
29.900	+3.364e+03	+7.534e+03	+1.064e+04	+0.691
30.000	+3.623e+03	+6.583e+03	+8.863e+03	+0.645
30.100	+3.486e+03	+6.955e+03	+1.107e+04	+0.666
30.200	+3.765e+03	+7.082e+03	+9.132e+03	+0.653
30.300	+3.920e+03	+8.275e+03	+9.843e+03	+0.679
30.400	+2.019e+03	+6.734e+03	+1.069e+04	+0.769
30.500	+5.249e+03	+3.755e+03	+1.072e+04	+0.417
30.600	+6.537e+03	+2.691e+03	+9.158e+03	+0.292
30.700	+6.418e+03	+2.931e+03	+1.035e+04	+0.314
30.800	+6.585e+03	+3.398e+03	+9.203e+03	+0.340
30.900	+7.340e+03	+2.922e+03	+8.662e+03	+0.285
31.000	+7.675e+03	+3.294e+03	+1.080e+04	+0.300
31.100	+7.030e+03	+3.397e+03	+9.660e+03	+0.326
31.200	+7.094e+03	+3.659e+03	+9.913e+03	+0.340
31.300	+6.892e+03	+2.798e+03	+1.048e+04	+0.289
31.400	+7.724e+03	+3.363e+03	+9.161e+03	+0.303
31.500	+7.681e+03	+1.815e+03	+9.305e+03	+0.191
31.600	+7.328e+03	+1.868e+03	+8.974e+03	+0.203
31.700	+7.411e+03	+2.474e+03	+1.097e+04	+0.250
31.800	+8.047e+03	+4.297e+03	+9.621e+03	+0.348
31.900	+5.658e+03	+4.174e+03	+9.597e+03	+0.425
32.000	+6.702e+03	+3.405e+03	+1.003e+04	+0.337
32.100	+6.772e+03	+3.733e+03	+9.578e+03	+0.355
32.200	+3.941e+03	+6.024e+03	+1.058e+04	+0.605
32.300	+2.400e+03	+6.192e+03	+1.055e+04	+0.721
32.400	+2.073e+03	+6.959e+03	+1.126e+04	+0.771
32.500	+2.366e+03	+6.760e+03	+1.005e+04	+0.741
32.600	+2.211e+03	+6.503e+03	+1.177e+04	+0.746
32.700	+2.948e+03	+5.724e+03	+1.118e+04	+0.660
32.800	+5.954e+03	+4.563e+03	+9.579e+03	+0.434
32.900	+8.269e+03	+3.548e+03	+1.078e+04	+0.300
33.000	+7.295e+03	+4.147e+03	+9.505e+03	+0.362
33.100	+7.424e+03	+3.205e+03	+8.395e+03	+0.302
33.200	+7.304e+03	+2.513e+03	+1.123e+04	+0.256
33.300	+4.706e+03	+4.920e+03	+9.604e+03	+0.511
33.400	+3.245e+03	+5.871e+03	+1.014e+04	+0.644
33.500	+3.137e+03	+7.651e+03	+9.045e+03	+0.709
33.600	+2.388e+03	+6.957e+03	+9.309e+03	+0.744
33.700	+1.980e+03	+6.795e+03	+1.021e+04	+0.774
33.800	+3.518e+03	+6.715e+03	+8.924e+03	+0.656
33.900	+3.267e+03	+7.446e+03	+9.110e+03	+0.695
34.000	+3.662e+03	+7.258e+03	+9.905e+03	+0.665
34.100	+2.249e+03	+6.034e+03	+9.258e+03	+0.729
34.200	+4.015e+03	+7.271e+03	+9.404e+03	+0.644
34.300	+4.089e+03	+6.331e+03	+9.289e+03	+0.608
34.400	+2.563e+03	+6.321e+03	+9.681e+03	+0.712
34.500	+1.927e+03	+7.795e+03	+1.034e+04	+0.802
34.600	+3.145e+03	+7.749e+03	+8.153e+03	+0.711
34.700	+3.410e+03	+6.903e+03	+1.018e+04	+0.669
34.800	+2.371e+03	+6.868e+03	+8.562e+03	+0.743
34.900	+4.771e+03	+4.126e+03	+9.461e+03	+0.464
35.000	+6.546e+03	+2.635e+03	+1.031e+04	+0.287
35.100	+6.914e+03	+3.730e+03	+1.024e+04	+0.350
35.200	+7.060e+03	+3.062e+03	+9.830e+03	+0.303
35.300	+7.304e+03	+2.480e+03	+1.008e+04	+0.253
35.400	+7.398e+03	+4.186e+03	+1.019e+04	+0.361
35.500	+7.104e+03	+2.754e+03	+1.014e+04	+0.279
35.600	+7.402e+03	+1.311e+03	+1.095e+04	+0.150
35.700	+7.173e+03	+2.709e+03	+1.031e+04	+0.274
35.800	+6.974e+03	+2.859e+03	+9.061e+03	+0.291
35.900	+6.190e+03	+1.427e+03	+9.530e+03	+0.187
36.000	+6.386e+03	+2.975e+03	+1.005e+04	+0.318
36.100	+3.463e+03	+6.244e+03	+1.004e+04	+0.643
36.200	+3.709e+03	+7.323e+03	+1.066e+04	+0.664
36.300	+2.982e+03	+7.152e+03	+9.985e+03	+0.706
36.400	+3.567e+03	+7.532e+03	+8.741e+03	+0.679
36.500	+3.436e+03	+6.697e+03	+1.104e+04	+0.661
36.600	+2.162e+03	+7.962e+03	+9.511e+03	+0.786
36.700	+3.345e+03	+6.639e+03	+1.169e+04	+0.665
36.800	+3.450e+03	+7.390e+03	+1.090e+04	+0.682
36.900	+3.084e+03	+7.744e+03	+1.013e+04	+0.715
37.000	+3.332e+03	+7.294e+03	+8.478e+03	+0.686
37.100	+2.564e+03	+6.948e+03	+9.757e+03	+0.730
37.200	+2.898e+03	+5.140e+03	+9.563e+03	+0.639
37.300	+2.106e+03	+6.064e+03	+9.806e+03	+0.742
37.400	+2.910e+03	+6.714e+03	+1.224e+04	+0.698
37.500	+3.226e+03	+8.173e+03	+1.012e+04	+0.717
37.600	+2.810e+03	+5.384e+03	+1.037e+04	+0.657
37.700	+3.914e+03	+5.704e+03	+9.785e+03	+0.593
37.800	+2.634e+03	+7.197e+03	+1.058e+04	+0.732
37.900	+2.624e+03	+6.671e+03	+8.920e+03	+0.718
38.000	+3.586e+03	+6.458e+03	+1.156e+04	+0.643
38.100	+2.587e+03	+6.790e+03	+1.009e+04	+0.724
38.200	+2.864e+03	+6.957e+03	+9.583e+03	+0.708
38.300	+1.436e+03	+7.957e+03	+9.219e+03	+0.847
38.400	+1.191e+03	+7.620e+03	+9.229e+03	+0.865
38.500	+2.417e+03	+7.891e+03	+1.020e+04	+0.766
38.600	+3.519e+03	+7.822e+03	+1.094e+04	+0.690
38.700	+3.448e+03	+5.852e+03	+1.025e+04	+0.629
38.800	+2.674e+03	+5.132e+03	+9.702e+03	+0.657
38.900	+2.106e+03	+7.100e+03	+9.729e+03	+0.771
39.000	+3.488e+03	+6.260e+03	+9.655e+03	+0.642
39.100	+3.689e+03	+6.460e+03	+1.010e+04	+0.636
39.200	+3.502e+03	+7.198e+03	+9.489e+03	+0.673
39.300	+3.066e+03	+8.590e+03	+1.071e+04	+0.737
39.400	+1.895e+03	+6.733e+03	+9.847e+03	+0.780
39.500	+1.514e+03	+6.495e+03	+1.061e+04	+0.811
39.600	+4.972e+03	+6.646e+03	+9.958e+03	+0.572
39.700	+3.125e+03	+8.580e+03	+1.064e+04	+0.733
39.800	+1.138e+03	+7.353e+03	+1.104e+04	+0.866
39.900	+3.570e+03	+6.708e+03	+8.854e+03	+0.653
40.000	+1.985e+03	+6.977e+03	+9.857e+03	+0.779
40.100	+2.689e+03	+7.962e+03	+9.043e+03	+0.748
40.200	+4.646e+03	+4.946e+03	+1.013e+04	+0.516
40.300	+5.993e+03	+2.123e+03	+9.344e+03	+0.262
40.400	+6.297e+03	+3.977e+03	+9.988e+03	+0.387
40.500	+7.673e+03	+2.810e+03	+8.561e+03	+0.268
40.600	+6.763e+03	+2.015e+03	+9.880e+03	+0.230
40.700	+7.151e+03	+2.536e+03	+9.047e+03	+0.262
40.800	+6.913e+03	+3.728e+03	+9.692e+03	+0.350
40.900	+7.166e+03	+1.363e+03	+1.080e+04	+0.160
41.000	+5.544e+03	+3.638e+03	+9.608e+03	+0.396
41.100	+7.326e+03	+3.074e+03	+9.724e+03	+0.296
41.200	+7.817e+03	+2.086e+03	+9.585e+03	+0.211
41.300	+5.454e+03	+3.303e+03	+9.505e+03	+0.377
41.400	+6.759e+03	+2.823e+03	+9.651e+03	+0.295
41.500	+8.121e+03	+3.942e+03	+1.037e+04	+0.327
41.600	+5.895e+03	+3.767e+03	+9.194e+03	+0.390
41.700	+3.931e+03	+8.045e+03	+9.345e+03	+0.672
41.800	+2.772e+03	+6.401e+03	+1.056e+04	+0.698
41.900	+1.501e+03	+7.713e+03	+1.055e+04	+0.837
42.000	+3.490e+03	+6.792e+03	+1.112e+04	+0.661
42.100	+3.918e+03	+7.562e+03	+9.592e+03	+0.659
42.200	+3.136e+03	+6.382e+03	+1.063e+04	+0.671
42.300	+2.572e+03	+6.303e+03	+9.861e+03	+0.710
42.400	+3.409e+03	+8.717e+03	+1.041e+04	+0.719
42.500	+1.463e+03	+7.140e+03	+9.753e+03	+0.830
42.600	+2.644e+03	+6.818e+03	+9.006e+03	+0.721
42.700	+4.573e+03	+6.247e+03	+9.970e+03	+0.577
42.800	+3.045e+03	+5.965e+03	+9.427e+03	+0.662
42.900	+3.009e+03	+7.736e+03	+1.048e+04	+0.720
43.000	+3.163e+03	+7.219e+03	+7.417e+03	+0.695
43.100	+2.061e+03	+4.999e+03	+1.018e+04	+0.708
43.200	+1.999e+03	+6.651e+03	+1.012e+04	+0.769
43.300	+3.857e+03	+7.246e+03	+1.046e+04	+0.653
43.400	+6.824e+03	+3.861e+03	+9.267e+03	+0.361
43.500	+6.645e+03	+4.963e+03	+9.945e+03	+0.428
43.600	+8.278e+03	+3.206e+03	+1.028e+04	+0.279
43.700	+7.831e+03	+3.246e+03	+9.675e+03	+0.293
43.800	+6.568e+03	+3.453e+03	+9.674e+03	+0.345
43.900	+3.501e+03	+7.237e+03	+1.073e+04	+0.674
44.000	+3.618e+03	+6.717e+03	+9.312e+03	+0.650
44.100	+2.501e+03	+6.200e+03	+1.130e+04	+0.713
44.200	+2.573e+03	+7.451e+03	+1.039e+04	+0.743
44.300	+2.764e+03	+7.254e+03	+8.270e+03	+0.724
44.400	+4.354e+03	+4.312e+03	+9.530e+03	+0.498
44.500	+6.150e+03	+2.874e+03	+1.058e+04	+0.318
44.600	+2.540e+03	+6.669e+03	+9.717e+03	+0.724
44.700	+3.465e+03	+8.080e+03	+1.040e+04	+0.700
44.800	+2.389e+03	+6.355e+03	+1.124e+04	+0.727
44.900	+3.135e+03	+7.362e+03	+8.937e+03	+0.701
45.000	+7.523e+03	+2.194e+03	+9.199e+03	+0.226
45.100	+5.997e+03	+2.348e+03	+1.029e+04	+0.281
45.200	+7.378e+03	+2.043e+03	+7.756e+03	+0.217
45.300	+6.436e+03	+2.272e+03	+8.578e+03	+0.261
45.400	+5.466e+03	+4.395e+03	+9.138e+03	+0.446
45.500	+8.141e+03	+3.726e+03	+9.665e+03	+0.314
45.600	+7.456e+03	+3.027e+03	+1.055e+04	+0.289
45.700	+6.922e+03	+3.873e+03	+1.044e+04	+0.359
45.800	+7.858e+03	+2.787e+03	+1.014e+04	+0.262
45.900	+6.865e+03	+4.661e+03	+9.591e+03	+0.404
46.000	+3.364e+03	+5.386e+03	+9.359e+03	+0.616
46.100	+4.395e+03	+5.803e+03	+1.021e+04	+0.569
46.200	+6.633e+03	+3.929e+03	+9.792e+03	+0.372
46.300	+6.942e+03	+2.895e+03	+9.553e+03	+0.294
46.400	+6.523e+03	+2.104e+03	+1.014e+04	+0.244
46.500	+7.148e+03	+2.237e+03	+1.061e+04	+0.238
46.600	+6.629e+03	+2.946e+03	+9.606e+03	+0.308
46.700	+7.541e+03	+2.535e+03	+9.688e+03	+0.252
46.800	+6.480e+03	+2.558e+03	+9.807e+03	+0.283
46.900	+7.072e+03	+1.957e+03	+1.167e+04	+0.217
47.000	+6.682e+03	+3.483e+03	+1.018e+04	+0.343
47.100	+6.933e+03	+1.923e+03	+9.590e+03	+0.217
47.200	+6.123e+03	+3.938e+03	+8.692e+03	+0.391
47.300	+7.002e+03	+4.667e+03	+7.963e+03	+0.400
47.400	+7.802e+03	+3.648e+03	+1.108e+04	+0.319
47.500	+7.453e+03	+3.472e+03	+1.172e+04	+0.318
47.600	+3.261e+03	+7.074e+03	+1.062e+04	+0.684
47.700	+2.037e+03	+6.893e+03	+1.006e+04	+0.772
47.800	+2.805e+03	+6.252e+03	+1.049e+04	+0.690
47.900	+2.645e+03	+6.180e+03	+1.067e+04	+0.700
48.000	+2.305e+03	+7.176e+03	+1.006e+04	+0.757
48.100	+2.833e+03	+5.807e+03	+9.140e+03	+0.672
48.200	+3.120e+03	+7.534e+03	+9.867e+03	+0.707
48.300	+3.768e+03	+7.149e+03	+1.055e+04	+0.655
48.400	+7.055e+03	+4.043e+03	+9.722e+03	+0.364
48.500	+6.768e+03	+3.262e+03	+9.338e+03	+0.325
48.600	+8.407e+03	+4.206e+03	+1.003e+04	+0.333
48.700	+4.055e+03	+5.843e+03	+9.624e+03	+0.590
48.800	+4.105e+03	+7.080e+03	+1.052e+04	+0.633
48.900	+7.550e+03	+2.924e+03	+8.961e+03	+0.279
49.000	+7.307e+03	+4.948e+03	+8.765e+03	+0.404
49.100	+7.177e+03	+2.925e+03	+9.365e+03	+0.290
49.200	+7.597e+03	+3.129e+03	+8.507e+03	+0.292
49.300	+6.896e+03	+4.730e+03	+9.288e+03	+0.407
49.400	+4.007e+03	+4.108e+03	+9.758e+03	+0.506
49.500	+6.371e+03	+3.423e+03	+1.064e+04	+0.350
49.600	+3.299e+03	+5.008e+03	+1.156e+04	+0.603
49.700	+2.741e+03	+6.317e+03	+8.698e+03	+0.697
49.800	+2.605e+03	+6.541e+03	+9.167e+03	+0.715
49.900	+3.642e+03	+6.054e+03	+9.586e+03	+0.624
50.000	+2.292e+03	+6.777e+03	+9.210e+03	+0.747
50.100	+1.285e+03	+7.792e+03	+8.730e+03	+0.858
50.200	+2.712e+03	+6.399e+03	+1.067e+04	+0.702
50.300	+2.166e+03	+7.840e+03	+9.407e+03	+0.784
50.400	+4.099e+03	+7.542e+03	+1.140e+04	+0.648
50.500	+2.609e+03	+7.723e+03	+1.020e+04	+0.747
50.600	+2.942e+03	+8.425e+03	+1.018e+04	+0.741
50.700	+2.304e+03	+6.634e+03	+9.932e+03	+0.742
50.800	+3.356e+03	+7.861e+03	+1.001e+04	+0.701
50.900	+2.435e+03	+8.129e+03	+1.014e+04	+0.770
51.000	+2.816e+03	+7.584e+03	+1.065e+04	+0.729
51.100	+2.469e+03	+6.364e+03	+9.685e+03	+0.720
51.200	+2.630e+03	+7.957e+03	+9.880e+03	+0.752
51.300	+2.612e+03	+7.504e+03	+9.996e+03	+0.742
51.400	+3.117e+03	+6.107e+03	+1.127e+04	+0.662
51.500	+3.326e+03	+7.328e+03	+9.993e+03	+0.688
51.600	+2.665e+03	+7.122e+03	+1.068e+04	+0.728
51.700	+3.889e+03	+5.953e+03	+8.888e+03	+0.605
51.800	+1.807e+03	+7.599e+03	+9.244e+03	+0.808
51.900	+4.544e+03	+6.993e+03	+9.627e+03	+0.606
52.000	+3.220e+03	+7.932e+03	+8.738e+03	+0.711
52.100	+3.018e+03	+8.209e+03	+1.132e+04	+0.731
52.200	+2.929e+03	+7.281e+03	+9.698e+03	+0.713
52.300	+5.183e+03	+7.641e+03	+9.312e+03	+0.596
52.400	+2.991e+03	+7.270e+03	+9.770e+03	+0.709
52.500	+4.298e+03	+7.778e+03	+1.058e+04	+0.644
52.600	+1.870e+03	+6.379e+03	+9.495e+03	+0.773
52.700	+2.633e+03	+7.299e+03	+1.004e+04	+0.735
52.800	+1.129e+03	+5.635e+03	+1.115e+04	+0.833
52.900	+1.910e+03	+4.893e+03	+9.372e+03	+0.719
53.000	+1.441e+03	+6.802e+03	+8.732e+03	+0.825
53.100	+1.606e+03	+7.390e+03	+1.022e+04	+0.821
53.200	+2.074e+03	+6.667e+03	+9.138e+03	+0.763
53.300	+2.486e+03	+7.221e+03	+8.050e+03	+0.744
53.400	+3.526e+03	+7.268e+03	+1.127e+04	+0.673
53.500	+3.922e+03	+6.598e+03	+1.050e+04	+0.627
53.600	+3.291e+03	+6.120e+03	+9.679e+03	+0.650
53.700	+2.356e+03	+6.723e+03	+9.690e+03	+0.740
53.800	+2.581e+03	+6.239e+03	+9.961e+03	+0.707
53.900	+3.853e+03	+6.284e+03	+1.185e+04	+0.620
54.000	+3.598e+03	+7.277e+03	+1.053e+04	+0.669
54.100	+6.430e+03	+5.344e+03	+9.455e+03	+0.454
54.200	+6.845e+03	+2.424e+03	+1.016e+04	+0.261
54.300	+6.314e+03	+3.996e+03	+1.064e+04	+0.388
54.400	+3.550e+03	+7.487e+03	+8.599e+03	+0.678
54.500	+2.348e+03	+5.639e+03	+1.005e+04	+0.706
54.600	+3.788e+03	+8.081e+03	+9.885e+03	+0.681
54.700	+3.046e+03	+7.600e+03	+1.114e+04	+0.714
54.800	+2.576e+03	+6.213e+03	+9.257e+03	+0.707
54.900	+8.141e+03	+2.521e+03	+9.305e+03	+0.236
55.000	+6.200e+03	+2.563e+03	+1.020e+04	+0.292
55.100	+6.746e+03	+2.511e+03	+9.647e+03	+0.271
55.200	+8.170e+03	+2.944e+03	+9.948e+03	+0.265
55.300	+7.162e+03	+3.572e+03	+8.909e+03	+0.333
55.400	+6.706e+03	+2.640e+03	+9.853e+03	+0.282
55.500	+7.030e+03	+3.620e+03	+9.653e+03	+0.340
55.600	+7.703e+03	+2.930e+03	+8.958e+03	+0.276
55.700	+6.176e+03	+2.300e+03	+1.001e+04	+0.271
55.800	+7.073e+03	+3.656e+03	+1.037e+04	+0.341
55.900	+7.495e+03	+3.559e+03	+1.070e+04	+0.322
56.000	+6.774e+03	+3.201e+03	+1.029e+04	+0.321
56.100	+6.526e+03	+3.268e+03	+9.687e+03	+0.334
56.200	+6.405e+03	+1.953e+03	+9.830e+03	+0.234
56.300	+6.487e+03	+3.189e+03	+1.047e+04	+0.330
56.400	+6.082e+03	+3.210e+03	+1.027e+04	+0.345
56.500	+7.028e+03	+2.743e+03	+1.031e+04	+0.281
56.600	+7.068e+03	+3.495e+03	+1.074e+04	+0.331
56.700	+6.162e+03	+3.527e+03	+1.012e+04	+0.364
56.800	+7.416e+03	+2.589e+03	+9.346e+03	+0.259
56.900	+6.005e+03	+3.160e+03	+9.771e+03	+0.345
57.000	+2.738e+03	+6.833e+03	+8.367e+03	+0.714
57.100	+2.534e+03	+7.081e+03	+1.066e+04	+0.736
57.200	+2.586e+03	+5.285e+03	+8.447e+03	+0.671
57.300	+2.502e+03	+7.574e+03	+9.727e+03	+0.752
57.400	+3.258e+03	+7.747e+03	+8.970e+03	+0.704
57.500	+4.258e+03	+5.109e+03	+1.124e+04	+0.545
57.600	+1.880e+03	+7.004e+03	+9.974e+03	+0.788
57.700	+4.092e+03	+7.246e+03	+1.007e+04	+0.639
57.800	+2.455e+03	+6.860e+03	+1.080e+04	+0.736
57.900	+3.270e+03	+6.439e+03	+1.069e+04	+0.663
58.000	+4.543e+03	+7.021e+03	+8.619e+03	+0.607
58.100	+3.394e+03	+5.310e+03	+9.529e+03	+0.610
58.200	+3.693e+03	+6.588e+03	+9.826e+03	+0.641
58.300	+3.081e+03	+7.589e+03	+8.831e+03	+0.711
58.400	+3.272e+03	+7.526e+03	+9.079e+03	+0.697
58.500	+3.404e+03	+5.486e+03	+1.127e+04	+0.617
58.600	+3.194e+03	+6.313e+03	+1.189e+04	+0.664
58.700	+5.771e+03	+7.251e+03	+9.370e+03	+0.557
58.800	+2.369e+03	+7.327e+03	+8.849e+03	+0.756
58.900	+6.159e+03	+4.096e+03	+8.735e+03	+0.399
59.000	+7.439e+03	+1.355e+03	+9.248e+03	+0.154
59.100	+5.953e+03	+4.197e+03	+9.371e+03	+0.413
59.200	+1.059e+03	+8.024e+03	+1.065e+04	+0.883
59.300	+2.884e+03	+8.064e+03	+9.955e+03	+0.737
59.400	+3.956e+03	+6.840e+03	+1.073e+04	+0.634
59.500	+2.556e+03	+6.731e+03	+9.756e+03	+0.725
59.600	+5.066e+03	+5.162e+03	+1.036e+04	+0.505
59.700	+6.541e+03	+3.987e+03	+1.072e+04	+0.379
59.800	+6.562e+03	+3.853e+03	+9.303e+03	+0.370
59.900	+6.172e+03	+4.294e+03	+9.147e+03	+0.410
60.000	+2.870e+03	+7.571e+03	+1.128e+04	+0.725
60.100	+2.518e+03	+6.641e+03	+9.263e+03	+0.725
60.200	+1.848e+03	+7.210e+03	+1.019e+04	+0.796
60.300	+2.790e+03	+8.090e+03	+9.582e+03	+0.744
60.400	+3.698e+03	+6.669e+03	+9.997e+03	+0.643
60.500	+3.860e+03	+6.229e+03	+1.054e+04	+0.617
60.600	+5.941e+03	+4.116e+03	+9.682e+03	+0.409
60.700	+6.790e+03	+2.393e+03	+1.089e+04	+0.261
60.800	+7.156e+03	+2.711e+03	+9.946e+03	+0.275
60.900	+8.163e+03	+3.811e+03	+9.425e+03	+0.318
61.000	+7.068e+03	+2.574e+03	+8.567e+03	+0.267
61.100	+6.797e+03	+3.268e+03	+1.044e+04	+0.325
61.200	+8.220e+03	+2.522e+03	+1.084e+04	+0.235
61.300	+6.390e+03	+3.269e+03	+9.950e+03	+0.338
61.400	+7.873e+03	+3.454e+03	+9.184e+03	+0.305
61.500	+6.112e+03	+1.915e+03	+8.253e+03	+0.239
61.600	+7.242e+03	+2.379e+03	+9.299e+03	+0.247
61.700	+6.076e+03	+4.208e+03	+9.110e+03	+0.409
61.800	+8.228e+03	+3.698e+03	+9.998e+03	+0.310
61.900	+7.041e+03	+4.627e+03	+1.119e+04	+0.397
62.000	+5.666e+03	+4.853e+03	+1.026e+04	+0.461
62.100	+4.291e+03	+6.370e+03	+1.132e+04	+0.598
62.200	+2.672e+03	+6.823e+03	+1.069e+04	+0.719
62.300	+1.930e+03	+6.332e+03	+1.020e+04	+0.766
62.400	+2.506e+03	+6.457e+03	+9.376e+03	+0.720
62.500	+3.367e+03	+7.830e+03	+1.010e+04	+0.699
62.600	+3.387e+03	+7.994e+03	+1.020e+04	+0.702
62.700	+4.001e+03	+5.837e+03	+1.095e+04	+0.593
62.800	+2.642e+03	+8.216e+03	+8.867e+03	+0.757
62.900	+2.315e+03	+6.631e+03	+1.071e+04	+0.741
63.000	+3.575e+03	+7.621e+03	+1.024e+04	+0.681
63.100	+5.212e+03	+4.674e+03	+9.660e+03	+0.473
63.200	+6.234e+03	+3.833e+03	+9.889e+03	+0.381
63.300	+6.962e+03	+2.766e+03	+9.430e+03	+0.284
63.400	+7.336e+03	+2.266e+03	+1.073e+04	+0.236
63.500	+5.682e+03	+4.041e+03	+8.918e+03	+0.416
63.600	+6.422e+03	+2.839e+03	+1.078e+04	+0.307
63.700	+7.792e+03	+3.471e+03	+9.698e+03	+0.308
63.800	+8.150e+03	+3.135e+03	+8.934e+03	+0.278
63.900	+5.710e+03	+2.645e+03	+9.178e+03	+0.317
64.000	+8.464e+03	+1.646e+03	+9.541e+03	+0.163
64.100	+8.434e+03	+2.467e+03	+9.013e+03	+0.226
64.200	+6.655e+03	+3.967e+03	+8.736e+03	+0.373
64.300	+6.213e+03	+2.853e+03	+9.446e+03	+0.315
64.400	+6.337e+03	+2.109e+03	+9.880e+03	+0.250
64.500	+5.707e+03	+2.354e+03	+8.708e+03	+0.292
64.600	+6.895e+03	+2.764e+03	+1.012e+04	+0.286
64.700	+7.233e+03	+2.539e+03	+1.081e+04	+0.260
64.800	+6.373e+03	+4.227e+03	+8.519e+03	+0.399
64.900	+7.507e+03	+2.438e+03	+9.397e+03	+0.245
65.000	+5.114e+03	+3.912e+03	+1.002e+04	+0.433
65.100	+4.800e+03	+3.634e+03	+9.492e+03	+0.431
65.200	+1.675e+03	+7.825e+03	+1.130e+04	+0.824
65.300	+3.296e+03	+7.049e+03	+1.008e+04	+0.681
65.400	+3.389e+03	+6.318e+03	+9.675e+03	+0.651
65.500	+3.194e+03	+6.676e+03	+1.029e+04	+0.676
65.600	+2.155e+03	+7.184e+03	+1.165e+04	+0.769
65.700	+2.771e+03	+7.164e+03	+1.120e+04	+0.721
65.800	+3.283e+03	+7.158e+03	+9.561e+03	+0.686
65.900	+2.596e+03	+7.156e+03	+1.089e+04	+0.734
66.000	+2.063e+03	+6.960e+03	+1.108e+04	+0.771
66.100	+3.120e+03	+5.591e+03	+1.021e+04	+0.642
66.200	+2.406e+03	+6.674e+03	+1.012e+04	+0.735
66.300	+2.379e+03	+8.073e+03	+1.052e+04	+0.772
66.400	+3.570e+03	+7.103e+03	+1.050e+04	+0.665
66.500	+2.528e+03	+7.781e+03	+1.009e+04	+0.755
66.600	+2.175e+03	+7.304e+03	+9.241e+03	+0.771
66.700	+4.260e+03	+6.559e+03	+1.018e+04	+0.606
66.800	+4.356e+03	+6.552e+03	+1.145e+04	+0.601
66.900	+3.982e+03	+7.143e+03	+8.896e+03	+0.642
67.000	+2.563e+03	+7.035e+03	+1.048e+04	+0.733
67.100	+4.847e+03	+7.045e+03	+8.951e+03	+0.592
67.200	+3.284e+03	+6.969e+03	+1.071e+04	+0.680
67.300	+3.330e+03	+6.389e+03	+9.962e+03	+0.657
67.400	+3.385e+03	+6.167e+03	+1.154e+04	+0.646
67.500	+2.034e+03	+7.134e+03	+9.498e+03	+0.778
67.600	+4.191e+03	+7.276e+03	+9.942e+03	+0.635
67.700	+2.902e+03	+7.486e+03	+1.040e+04	+0.721
67.800	+3.434e+03	+7.185e+03	+1.049e+04	+0.677
67.900	+4.036e+03	+7.322e+03	+8.901e+03	+0.645
68.000	+3.459e+03	+8.459e+03	+8.875e+03	+0.710
68.100	+2.915e+03	+7.536e+03	+9.415e+03	+0.721
68.200	+3.950e+03	+8.073e+03	+1.065e+04	+0.671
68.300	+3.097e+03	+7.836e+03	+1.090e+04	+0.717
68.400	+3.202e+03	+6.984e+03	+1.025e+04	+0.686
68.500	+2.748e+03	+7.540e+03	+9.924e+03	+0.733
68.600	+1.984e+03	+7.456e+03	+8.983e+03	+0.790
68.700	+3.391e+03	+7.526e+03	+1.027e+04	+0.689
68.800	+5.803e+03	+1.993e+03	+9.742e+03	+0.256
68.900	+3.601e+03	+7.156e+03	+9.875e+03	+0.665
69.000	+2.987e+03	+6.821e+03	+9.995e+03	+0.695
69.100	+4.224e+03	+7.819e+03	+1.117e+04	+0.649
69.200	+3.797e+03	+7.160e+03	+1.010e+04	+0.653
69.300	+2.917e+03	+7.512e+03	+1.102e+04	+0.720
69.400	+1.760e+03	+6.730e+03	+9.429e+03	+0.793
69.500	+6.551e+03	+4.122e+03	+1.016e+04	+0.386
69.600	+6.776e+03	+3.699e+03	+9.462e+03	+0.353
69.700	+6.853e+03	+2.182e+03	+8.881e+03	+0.242
69.800	+8.103e+03	+4.049e+03	+8.269e+03	+0.333
69.900	+5.790e+03	+4.045e+03	+1.043e+04	+0.411
70.000	+8.899e+03	+2.534e+03	+9.175e+03	+0.222
70.100	+6.133e+03	+2.695e+03	+1.120e+04	+0.305
70.200	+6.154e+03	+2.988e+03	+1.012e+04	+0.327
70.300	+4.988e+03	+5.198e+03	+9.581e+03	+0.510
70.400	+2.509e+03	+6.667e+03	+8.234e+03	+0.727
70.500	+4.688e+03	+5.325e+03	+1.179e+04	+0.532
70.600	+7.542e+03	+3.122e+03	+9.565e+03	+0.293
70.700	+6.757e+03	+3.747e+03	+1.095e+04	+0.357
70.800	+8.684e+03	+3.909e+03	+9.346e+03	+0.310
70.900	+6.647e+03	+3.984e+03	+9.672e+03	+0.375
71.000	+6.383e+03	+3.047e+03	+9.114e+03	+0.323
71.100	+7.623e+03	+4.541e+03	+9.081e+03	+0.373
71.200	+6.959e+03	+2.072e+03	+1.040e+04	+0.229
71.300	+7.240e+03	+2.830e+03	+1.042e+04	+0.281
71.400	+7.746e+03	+4.375e+03	+1.016e+04	+0.361
71.500	+7.678e+03	+4.374e+03	+8.701e+03	+0.363
71.600	+7.770e+03	+3.011e+03	+9.188e+03	+0.279
71.700	+5.683e+03	+3.585e+03	+1.115e+04	+0.387
71.800	+3.905e+03	+7.673e+03	+8.091e+03	+0.663
71.900	+2.397e+03	+7.548e+03	+9.377e+03	+0.759
72.000	+3.671e+03	+6.294e+03	+1.028e+04	+0.632
72.100	+2.917e+03	+5.559e+03	+1.061e+04	+0.656
72.200	+3.212e+03	+6.172e+03	+1.011e+04	+0.658
72.300	+2.344e+03	+6.739e+03	+9.089e+03	+0.742
72.400	+2.725e+03	+5.893e+03	+1.017e+04	+0.684
72.500	+2.545e+03	+7.059e+03	+1.113e+04	+0.735
72.600	+2.654e+03	+7.189e+03	+1.063e+04	+0.730
72.700	+1.891e+03	+6.507e+03	+1.046e+04	+0.775
72.800	+4.487e+03	+7.434e+03	+9.480e+03	+0.624
72.900	+2.269e+03	+7.015e+03	+1.026e+04	+0.756
73.000	+5.948e+03	+3.517e+03	+1.013e+04	+0.372
73.100	+7.147e+03	+2.869e+03	+7.822e+03	+0.286
73.200	+6.149e+03	+3.750e+03	+1.016e+04	+0.379
73.300	+6.062e+03	+3.100e+03	+8.957e+03	+0.338
73.400	+6.576e+03	+4.004e+03	+1.032e+04	+0.378
73.500	+7.498e+03	+2.303e+03	+1.092e+04	+0.235
73.600	+7.620e+03	+2.493e+03	+1.040e+04	+0.247
73.700	+7.955e+03	+3.345e+03	+9.768e+03	+0.296
73.800	+6.751e+03	+3.740e+03	+9.097e+03	+0.356
73.900	+7.808e+03	+2.434e+03	+1.134e+04	+0.238
74.000	+6.726e+03	+2.106e+03	+1.133e+04	+0.238
74.100	+7.006e+03	+3.197e+03	+1.068e+04	+0.313
74.200	+7.158e+03	+4.854e+03	+1.078e+04	+0.404
74.300	+7.153e+03	+2.191e+03	+1.002e+04	+0.234
74.400	+8.117e+03	+4.275e+03	+9.455e+03	+0.345
74.500	+7.193e+03	+2.350e+03	+9.486e+03	+0.246
74.600	+7.683e+03	+3.334e+03	+1.094e+04	+0.303
74.700	+3.586e+03	+6.536e+03	+1.010e+04	+0.646
74.800	+2.043e+03	+6.220e+03	+1.015e+04	+0.753
74.900	+2.704e+03	+6.560e+03	+1.085e+04	+0.708
75.000	+4.530e+03	+6.745e+03	+9.753e+03	+0.598
75.100	+3.750e+03	+6.613e+03	+8.809e+03	+0.638
75.200	+2.671e+03	+8.867e+03	+9.024e+03	+0.769
75.300	+3.165e+03	+6.452e+03	+1.134e+04	+0.671
75.400	+2.028e+03	+6.932e+03	+1.059e+04	+0.774
75.500	+1.501e+03	+6.068e+03	+9.271e+03	+0.802
75.600	+3.800e+03	+5.812e+03	+9.864e+03	+0.605
75.700	+2.880e+03	+8.109e+03	+1.031e+04	+0.738
75.800	+3.554e+03	+6.794e+03	+1.120e+04	+0.657
75.900	+2.224e+03	+7.740e+03	+1.103e+04	+0.777
76.000	+5.633e+03	+3.011e+03	+8.646e+03	+0.348
76.100	+7.607e+03	+1.419e+03	+9.921e+03	+0.157
76.200	+6.268e+03	+2.360e+03	+9.892e+03	+0.274
76.300	+8.322e+03	+2.156e+03	+1.179e+04	+0.206
76.400	+7.112e+03	+2.731e+03	+9.596e+03	+0.277
76.500	+4.456e+03	+3.733e+03	+1.063e+04	+0.456
76.600	+2.519e+03	+7.554e+03	+9.729e+03	+0.750
76.700	+4.034e+03	+8.629e+03	+1.022e+04	+0.681
76.800	+3.812e+03	+7.785e+03	+1.087e+04	+0.671
76.900	+2.810e+03	+8.127e+03	+9.482e+03	+0.743
77.000	+3.113e+03	+6.989e+03	+9.669e+03	+0.692
77.100	+2.855e+03	+6.520e+03	+1.118e+04	+0.695
77.200	+1.267e+03	+7.164e+03	+1.089e+04	+0.850
77.300	+3.581e+03	+7.663e+03	+8.079e+03	+0.682
77.400	+3.081e+03	+7.442e+03	+9.311e+03	+0.707
77.500	+3.860e+03	+6.592e+03	+1.037e+04	+0.631
77.600	+3.870e+03	+7.793e+03	+9.673e+03	+0.668
77.700	+3.678e+03	+7.141e+03	+1.037e+04	+0.660
77.800	+5.287e+03	+2.297e+03	+1.053e+04	+0.303
77.900	+7.817e+03	+3.718e+03	+9.119e+03	+0.322
78.000	+7.612e+03	+3.765e+03	+9.067e+03	+0.331
78.100	+6.979e+03	+3.134e+03	+9.697e+03	+0.310
78.200	+6.017e+03	+2.318e+03	+1.084e+04	+0.278
78.300	+5.646e+03	+1.943e+03	+1.069e+04	+0.256
78.400	+6.788e+03	+2.405e+03	+9.883e+03	+0.262
78.500	+4.487e+03	+4.455e+03	+1.024e+04	+0.498
78.600	+4.776e+03	+5.565e+03	+1.079e+04	+0.538
78.700	+7.363e+03	+3.208e+03	+9.052e+03	+0.303
78.800	+6.666e+03	+2.766e+03	+9.252e+03	+0.293
78.900	+4.438e+03	+3.919e+03	+9.568e+03	+0.469
79.000	+3.346e+03	+7.370e+03	+1.006e+04	+0.688
79.100	+3.725e+03	+7.724e+03	+9.325e+03	+0.675
79.200	+2.773e+03	+6.593e+03	+9.068e+03	+0.704
79.300	+2.921e+03	+7.171e+03	+1.081e+04	+0.711
79.400	+3.201e+03	+6.662e+03	+8.891e+03	+0.675
79.500	+3.449e+03	+6.788e+03	+9.957e+03	+0.663
79.600	+4.326e+03	+7.284e+03	+9.746e+03	+0.627
79.700	+3.105e+03	+7.906e+03	+9.854e+03	+0.718
79.800	+3.496e+03	+7.006e+03	+1.032e+04	+0.667
79.900	+2.895e+03	+5.688e+03	+1.027e+04	+0.663
80.000	+1.699e+03	+6.623e+03	+1.242e+04	+0.796
80.100	+2.495e+03	+6.589e+03	+9.575e+03	+0.725
80.200	+2.891e+03	+6.594e+03	+9.840e+03	+0.695
80.300	+3.074e+03	+5.784e+03	+1.013e+04	+0.653
80.400	+1.983e+03	+6.776e+03	+1.013e+04	+0.774
80.500	+3.410e+03	+5.816e+03	+1.032e+04	+0.630
80.600	+2.276e+03	+5.451e+03	+1.091e+04	+0.705
80.700	+3.249e+03	+6.959e+03	+9.654e+03	+0.682
80.800	+2.610e+03	+6.710e+03	+9.542e+03	+0.720
80.900	+4.261e+03	+6.948e+03	+1.008e+04	+0.620
81.000	+3.326e+03	+7.014e+03	+1.061e+04	+0.678
81.100	+2.835e+03	+8.215e+03	+9.297e+03	+0.743
81.200	+3.284e+03	+7.316e+03	+9.776e+03	+0.690
81.300	+3.037e+03	+5.951e+03	+1.040e+04	+0.662
81.400	+3.571e+03	+7.606e+03	+9.716e+03	+0.680
81.500	+3.063e+03	+6.466e+03	+1.115e+04	+0.679
81.600	+1.216e+03	+7.089e+03	+1.090e+04	+0.854
81.700	+2.358e+03	+6.901e+03	+1.007e+04	+0.745
81.800	+3.579e+03	+6.796e+03	+8.426e+03	+0.655
81.900	+3.366e+03	+7.153e+03	+1.056e+04	+0.680
82.000	+1.913e+03	+8.045e+03	+9.549e+03	+0.808
82.100	+3.344e+03	+7.719e+03	+9.956e+03	+0.698
82.200	+3.131e+03	+7.110e+03	+8.351e+03	+0.694
82.300	+2.080e+03	+7.414e+03	+9.605e+03	+0.781
82.400	+2.649e+03	+7.482e+03	+9.275e+03	+0.739
82.500	+3.224e+03	+6.633e+03	+9.150e+03	+0.673
82.600	+3.683e+03	+6.145e+03	+1.036e+04	+0.625
82.700	+2.815e+03	+7.742e+03	+9.223e+03	+0.733
82.800	+2.180e+03	+7.128e+03	+9.721e+03	+0.766
82.900	+1.733e+03	+7.468e+03	+8.770e+03	+0.812
83.000	+3.634e+03	+7.532e+03	+1.120e+04	+0.675
83.100	+4.202e+03	+6.312e+03	+8.904e+03	+0.600
83.200	+1.448e+03	+6.721e+03	+9.906e+03	+0.823
83.300	+3.660e+03	+5.322e+03	+9.889e+03	+0.593
83.400	+1.906e+03	+6.195e+03	+1.005e+04	+0.765
83.500	+3.721e+03	+6.469e+03	+9.754e+03	+0.635
83.600	+3.360e+03	+6.988e+03	+9.950e+03	+0.675
83.700	+2.256e+03	+6.837e+03	+1.012e+04	+0.752
83.800	+3.755e+03	+6.626e+03	+9.753e+03	+0.638
83.900	+4.464e+03	+7.447e+03	+1.008e+04	+0.625
84.000	+2.757e+03	+6.559e+03	+1.045e+04	+0.704
84.100	+2.397e+03	+6.854e+03	+1.087e+04	+0.741
84.200	+4.147e+03	+7.494e+03	+1.145e+04	+0.644
84.300	+2.315e+03	+7.403e+03	+8.756e+03	+0.762
84.400	+2.757e+03	+6.472e+03	+9.505e+03	+0.701
84.500	+6.603e+03	+3.749e+03	+9.477e+03	+0.362
84.600	+6.921e+03	+3.705e+03	+1.066e+04	+0.349
84.700	+6.567e+03	+3.313e+03	+9.780e+03	+0.335
84.800	+6.948e+03	+3.340e+03	+8.909e+03	+0.325
84.900	+7.498e+03	+1.678e+03	+9.612e+03	+0.183
85.000	+6.639e+03	+3.162e+03	+1.058e+04	+0.323
85.100	+5.788e+03	+3.557e+03	+9.295e+03	+0.381
85.200	+4.766e+03	+4.157e+03	+1.036e+04	+0.466
85.300	+2.959e+03	+7.757e+03	+1.079e+04	+0.724
85.400	+4.259e+03	+7.440e+03	+9.974e+03	+0.636
85.500	+2.496e+03	+8.571e+03	+9.542e+03	+0.774
85.600	+1.950e+03	+6.991e+03	+9.640e+03	+0.782
85.700	+2.620e+03	+6.782e+03	+1.050e+04	+0.721
85.800	+1.599e+03	+8.633e+03	+1.003e+04	+0.844
85.900	+4.255e+03	+6.402e+03	+9.370e+03	+0.601
86.000	+2.835e+03	+7.278e+03	+1.111e+04	+0.720
86.100	+5.551e+03	+2.859e+03	+1.050e+04	+0.340
86.200	+7.168e+03	+3.660e+03	+8.992e+03	+0.338
86.300	+6.666e+03	+3.495e+03	+9.156e+03	+0.344
86.400	+7.296e+03	+2.740e+03	+1.119e+04	+0.273
86.500	+5.687e+03	+3.910e+03	+9.380e+03	+0.407
86.600	+2.957e+03	+6.071e+03	+9.165e+03	+0.672
86.700	+3.196e+03	+7.972e+03	+9.680e+03	+0.714
86.800	+2.842e+03	+7.331e+03	+9.418e+03	+0.721
86.900	+3.831e+03	+8.067e+03	+1.056e+04	+0.678
87.000	+2.605e+03	+6.584e+03	+9.771e+03	+0.717
87.100	+2.656e+03	+7.430e+03	+1.035e+04	+0.737
87.200	+2.520e+03	+6.779e+03	+9.929e+03	+0.729
87.300	+4.483e+03	+7.695e+03	+1.035e+04	+0.632
87.400	+2.330e+03	+6.238e+03	+8.494e+03	+0.728
87.500	+3.946e+03	+6.752e+03	+1.008e+04	+0.631
87.600	+1.769e+03	+7.178e+03	+9.004e+03	+0.802
87.700	+3.130e+03	+6.162e+03	+9.702e+03	+0.663
87.800	+3.069e+03	+6.563e+03	+1.076e+04	+0.681
87.900	+3.228e+03	+8.109e+03	+9.748e+03	+0.715
88.000	+4.307e+03	+8.012e+03	+1.091e+04	+0.650
88.100	+2.279e+03	+7.631e+03	+9.280e+03	+0.770
88.200	+1.935e+03	+8.050e+03	+9.437e+03	+0.806
88.300	+2.436e+03	+6.271e+03	+9.332e+03	+0.720
88.400	+2.874e+03	+7.622e+03	+1.120e+04	+0.726
88.500	+2.060e+03	+5.364e+03	+1.161e+04	+0.722
88.600	+4.847e+02	+7.268e+03	+9.861e+03	+0.937
88.700	+2.759e+03	+6.848e+03	+9.843e+03	+0.713
88.800	+3.686e+03	+6.015e+03	+9.743e+03	+0.620
88.900	+3.840e+03	+7.215e+03	+9.301e+03	+0.653
89.000	+3.990e+03	+6.767e+03	+1.027e+04	+0.629
89.100	+3.668e+03	+6.567e+03	+9.310e+03	+0.642
89.200	+2.851e+03	+6.391e+03	+9.768e+03	+0.692
89.300	+1.938e+03	+7.044e+03	+9.603e+03	+0.784
89.400	+5.113e+03	+4.689e+03	+1.031e+04	+0.478
89.500	+6.256e+03	+2.880e+03	+1.067e+04	+0.315
89.600	+6.366e+03	+3.122e+03	+9.122e+03	+0.329
89.700	+6.039e+03	+3.733e+03	+9.877e+03	+0.382
89.800	+7.173e+03	+2.605e+03	+9.827e+03	+0.266
89.900	+7.170e+03	+3.596e+03	+9.040e+03	+0.334
90.000	+5.804e+03	+3.669e+03	+1.145e+04	+0.387
90.100	+6.863e+03	+3.322e+03	+9.265e+03	+0.326
90.200	+6.308e+03	+3.513e+03	+9.862e+03	+0.358
90.300	+6.433e+03	+2.909e+03	+1.053e+04	+0.311
90.400	+6.363e+03	+1.865e+03	+1.083e+04	+0.227
90.500	+3.401e+03	+8.228e+03	+1.025e+04	+0.708
90.600	+4.799e+03	+7.377e+03	+1.048e+04	+0.606
90.700	+3.428e+03	+7.145e+03	+1.021e+04	+0.676
90.800	+3.541e+03	+7.529e+03	+9.968e+03	+0.680
90.900	+2.924e+03	+7.303e+03	+9.898e+03	+0.714
91.000	+2.366e+03	+7.825e+03	+1.154e+04	+0.768
91.100	+2.642e+03	+6.689e+03	+1.005e+04	+0.717
91.200	+2.388e+03	+8.077e+03	+1.006e+04	+0.772
91.300	+4.817e+03	+7.424e+03	+9.887e+03	+0.606
91.400	+3.357e+03	+8.202e+03	+1.018e+04	+0.710
91.500	+2.489e+03	+6.654e+03	+1.065e+04	+0.728
91.600	+2.394e+03	+5.233e+03	+9.359e+03	+0.686
91.700	+2.209e+03	+6.578e+03	+1.175e+04	+0.749
91.800	+5.049e+03	+3.708e+03	+9.976e+03	+0.423
91.900	+7.654e+03	+3.287e+03	+1.030e+04	+0.300
92.000	+7.534e+03	+3.332e+03	+1.059e+04	+0.307
92.100	+8.995e+03	+1.684e+03	+9.543e+03	+0.158
92.200	+7.975e+03	+1.985e+03	+9.896e+03	+0.199
92.300	+6.633e+03	+3.360e+03	+9.623e+03	+0.336
92.400	+6.703e+03	+2.519e+03	+9.966e+03	+0.273
92.500	+7.312e+03	+3.131e+03	+1.048e+04	+0.300
92.600	+6.598e+03	+3.651e+03	+1.085e+04	+0.356
92.700	+6.846e+03	+3.294e+03	+1.092e+04	+0.325
92.800	+7.562e+03	+2.211e+03	+8.773e+03	+0.226
92.900	+5.641e+03	+3.920e+03	+1.086e+04	+0.410
93.000	+7.013e+03	+2.435e+03	+1.013e+04	+0.258
93.100	+7.797e+03	+2.276e+03	+9.487e+03	+0.226
93.200	+7.456e+03	+2.152e+03	+9.777e+03	+0.224
93.300	+7.171e+03	+1.778e+03	+9.140e+03	+0.199
93.400	+6.842e+03	+2.317e+03	+8.261e+03	+0.253
93.500	+5.847e+03	+2.317e+03	+1.084e+04	+0.284
93.600	+6.997e+03	+2.096e+03	+9.896e+03	+0.231
93.700	+7.841e+03	+3.839e+03	+9.001e+03	+0.329
93.800	+6.266e+03	+3.807e+03	+1.123e+04	+0.378
93.900	+7.260e+03	+3.702e+03	+1.080e+04	+0.338
94.000	+6.073e+03	+2.825e+03	+1.016e+04	+0.317
94.100	+8.854e+03	+3.022e+03	+1.190e+04	+0.254
94.200	+7.678e+03	+1.746e+03	+1.056e+04	+0.185
94.300	+8.256e+03	+1.703e+03	+9.611e+03	+0.171
94.400	+7.747e+03	+2.990e+03	+1.041e+04	+0.278
94.500	+6.015e+03	+2.465e+03	+9.450e+03	+0.291
94.600	+8.355e+03	+2.078e+03	+9.506e+03	+0.199
94.700	+5.734e+03	+3.278e+03	+9.127e+03	+0.364
94.800	+7.000e+03	+2.784e+03	+1.058e+04	+0.285
94.900	+6.576e+03	+3.834e+03	+1.045e+04	+0.368
95.000	+5.676e+03	+2.959e+03	+1.015e+04	+0.343
95.100	+5.713e+03	+2.645e+03	+9.879e+03	+0.316
95.200	+7.354e+03	+3.226e+03	+9.395e+03	+0.305
95.300	+7.472e+03	+3.721e+03	+9.824e+03	+0.332
95.400	+7.439e+03	+3.203e+03	+1.158e+04	+0.301
95.500	+3.876e+03	+5.489e+03	+1.019e+04	+0.586
95.600	+1.708e+03	+7.580e+03	+1.097e+04	+0.816
95.700	+1.835e+03	+7.848e+03	+1.120e+04	+0.811
95.800	+2.035e+03	+7.151e+03	+1.065e+04	+0.778
95.900	+4.293e+03	+5.958e+03	+1.032e+04	+0.581
96.000	+3.442e+03	+7.812e+03	+9.850e+03	+0.694
96.100	+3.103e+03	+7.122e+03	+9.240e+03	+0.697
96.200	+4.325e+03	+7.014e+03	+1.086e+04	+0.619
96.300	+2.548e+03	+6.721e+03	+1.107e+04	+0.725
96.400	+3.713e+03	+7.619e+03	+1.029e+04	+0.672
96.500	+1.964e+03	+7.700e+03	+1.035e+04	+0.797
96.600	+2.850e+03	+7.168e+03	+9.406e+03	+0.715
96.700	+1.735e+03	+7.179e+03	+9.938e+03	+0.805
96.800	+4.174e+03	+7.557e+03	+9.179e+03	+0.644
96.900	+3.321e+03	+7.103e+03	+1.048e+04	+0.681
97.000	+2.776e+03	+7.340e+03	+9.411e+03	+0.726
97.100	+3.562e+03	+7.094e+03	+1.081e+04	+0.666
97.200	+1.446e+03	+7.033e+03	+1.054e+04	+0.829
97.300	+2.283e+03	+6.574e+03	+9.475e+03	+0.742
97.400	+3.142e+03	+6.211e+03	+8.842e+03	+0.664
97.500	+4.215e+03	+6.827e+03	+1.036e+04	+0.618
97.600	+2.423e+03	+7.003e+03	+9.793e+03	+0.743
97.700	+3.012e+03	+7.827e+03	+1.138e+04	+0.722
97.800	+3.783e+03	+7.219e+03	+9.356e+03	+0.656
97.900	+3.090e+03	+6.448e+03	+1.009e+04	+0.676
98.000	+9.695e+02	+8.067e+03	+9.440e+03	+0.893
98.100	+6.203e+03	+4.247e+03	+1.007e+04	+0.406
98.200	+6.445e+03	+3.013e+03	+1.117e+04	+0.319
98.300	+6.003e+03	+2.776e+03	+9.685e+03	+0.316
98.400	+7.342e+03	+3.307e+03	+1.114e+04	+0.311
98.500	+6.617e+03	+2.553e+03	+1.097e+04	+0.278
98.600	+6.979e+03	+4.324e+03	+9.948e+03	+0.383
98.700	+6.309e+03	+2.258e+03	+9.408e+03	+0.264
98.800	+7.179e+03	+2.265e+03	+1.093e+04	+0.240
98.900	+4.662e+03	+3.152e+03	+9.659e+03	+0.403
99.000	+6.959e+03	+3.023e+03	+9.242e+03	+0.303
99.100	+6.808e+03	+3.347e+03	+1.067e+04	+0.330
99.200	+8.086e+03	+1.859e+03	+1.111e+04	+0.187
99.300	+6.990e+03	+2.925e+03	+1.097e+04	+0.295
99.400	+7.499e+03	+2.388e+03	+9.290e+03	+0.241
99.500	+6.436e+03	+3.362e+03	+1.055e+04	+0.343
99.600	+3.528e+03	+7.535e+03	+9.636e+03	+0.681
99.700	+2.460e+03	+7.039e+03	+8.565e+03	+0.741
99.800	+3.706e+03	+6.803e+03	+1.098e+04	+0.647
99.900	+3.490e+03	+5.735e+03	+1.029e+04	+0.622
100.000	+6.869e+03	+4.213e+03	+1.024e+04	+0.380
100.100	+6.773e+03	+3.331e+03	+1.048e+04	+0.330
100.200	+6.685e+03	+4.244e+03	+9.320e+03	+0.388
100.300	+4.931e+03	+4.379e+03	+1.040e+04	+0.470
100.400	+2.747e+03	+5.843e+03	+9.118e+03	+0.680
100.500	+3.509e+03	+6.534e+03	+1.062e+04	+0.651
100.600	+3.527e+03	+6.491e+03	+1.136e+04	+0.648
100.700	+2.022e+03	+6.964e+03	+1.028e+04	+0.775
100.800	+2.800e+03	+6.317e+03	+1.050e+04	+0.693
100.900	+2.758e+03	+6.703e+03	+9.516e+03	+0.708
101.000	+2.269e+03	+6.686e+03	+1.059e+04	+0.747
101.100	+3.507e+03	+7.980e+03	+1.073e+04	+0.695
101.200	+3.373e+03	+7.056e+03	+1.032e+04	+0.677
101.300	+3.027e+03	+7.542e+03	+9.529e+03	+0.714
101.400	+3.558e+03	+6.640e+03	+1.031e+04	+0.651
101.500	+3.153e+03	+7.942e+03	+1.056e+04	+0.716
101.600	+2.313e+03	+6.020e+03	+1.127e+04	+0.722
101.700	+2.407e+03	+7.412e+03	+9.488e+03	+0.755
101.800	+2.457e+03	+7.129e+03	+9.672e+03	+0.744
101.900	+1.591e+03	+6.876e+03	+9.906e+03	+0.812
102.000	+2.057e+03	+6.651e+03	+9.233e+03	+0.764
102.100	+2.188e+03	+7.796e+03	+1.078e+04	+0.781
102.200	+3.676e+03	+7.049e+03	+9.549e+03	+0.657
102.300	+3.457e+03	+5.636e+03	+1.199e+04	+0.620
102.400	+3.493e+03	+7.255e+03	+1.013e+04	+0.675
102.500	+3.558e+03	+7.034e+03	+1.119e+04	+0.664
102.600	+4.251e+03	+6.340e+03	+1.127e+04	+0.599
102.700	+3.469e+03	+7.605e+03	+9.598e+03	+0.687
102.800	+3.382e+03	+8.286e+03	+1.084e+04	+0.710
102.900	+2.447e+03	+5.670e+03	+1.024e+04	+0.699
103.000	+3.487e+03	+6.095e+03	+8.586e+03	+0.636
103.100	+1.958e+03	+6.589e+03	+9.856e+03	+0.771
103.200	+1.755e+03	+6.138e+03	+8.730e+03	+0.778
103.300	+3.117e+03	+7.691e+03	+1.032e+04	+0.712
103.400	+4.688e+03	+6.609e+03	+1.008e+04	+0.585
103.500	+3.324e+03	+8.267e+03	+8.100e+03	+0.713
103.600	+2.212e+03	+7.483e+03	+1.089e+04	+0.772
103.700	+1.503e+03	+6.077e+03	+1.229e+04	+0.802
103.800	+3.273e+03	+6.268e+03	+1.068e+04	+0.657
103.900	+4.841e+03	+6.553e+03	+9.628e+03	+0.575
104.000	+2.971e+03	+7.666e+03	+1.021e+04	+0.721
104.100	+3.281e+03	+7.489e+03	+1.005e+04	+0.695
104.200	+1.941e+03	+6.369e+03	+1.057e+04	+0.766
104.300	+2.459e+03	+7.421e+03	+9.304e+03	+0.751
104.400	+2.474e+03	+8.399e+03	+9.644e+03	+0.772
104.500	+3.157e+03	+7.292e+03	+9.367e+03	+0.698
104.600	+3.031e+03	+7.282e+03	+1.139e+04	+0.706
104.700	+3.054e+03	+6.985e+03	+9.871e+03	+0.696
104.800	+2.107e+03	+6.332e+03	+1.048e+04	+0.750
104.900	+2.018e+03	+6.265e+03	+1.102e+04	+0.756
105.000	+3.033e+03	+7.114e+03	+1.132e+04	+0.701
105.100	+1.468e+03	+6.935e+03	+1.077e+04	+0.825
105.200	+2.906e+03	+5.575e+03	+1.016e+04	+0.657
105.300	+2.914e+03	+5.619e+03	+1.037e+04	+0.659
105.400	+2.791e+03	+6.019e+03	+1.002e+04	+0.683
105.500	+4.022e+03	+5.463e+03	+9.754e+03	+0.576
105.600	+1.916e+03	+6.910e+03	+1.073e+04	+0.783
105.700	+3.386e+03	+7.975e+03	+1.160e+04	+0.702
105.800	+2.043e+03	+8.103e+03	+1.000e+04	+0.799
105.900	+5.612e+03	+4.196e+03	+1.055e+04	+0.428
106.000	+7.756e+03	+3.475e+03	+1.086e+04	+0.309
106.100	+8.534e+03	+1.611e+03	+9.937e+03	+0.159
106.200	+6.344e+03	+3.037e+03	+1.175e+04	+0.324
106.300	+7.284e+03	+3.353e+03	+1.044e+04	+0.315
106.400	+5.616e+03	+3.256e+03	+9.821e+03	+0.367
106.500	+7.723e+03	+3.333e+03	+9.054e+03	+0.301
106.600	+8.088e+03	+4.473e+03	+9.046e+03	+0.356
106.700	+8.268e+03	+3.800e+03	+1.032e+04	+0.315
106.800	+8.145e+03	+3.340e+03	+9.818e+03	+0.291
106.900	+7.887e+03	+3.235e+03	+9.618e+03	+0.291
107.000	+5.147e+03	+5.509e+03	+1.145e+04	+0.517
107.100	+2.525e+03	+7.066e+03	+1.049e+04	+0.737
107.200	+2.503e+03	+6.222e+03	+1.153e+04	+0.713
107.300	+3.619e+03	+7.892e+03	+9.928e+03	+0.686
107.400	+3.376e+03	+5.989e+03	+9.756e+03	+0.640
107.500	+2.039e+03	+6.874e+03	+9.269e+03	+0.771
107.600	+2.207e+03	+7.141e+03	+1.031e+04	+0.764
107.700	+3.158e+03	+5.829e+03	+9.158e+03	+0.649
107.800	+4.396e+03	+6.432e+03	+1.123e+04	+0.594
107.900	+2.339e+03	+6.546e+03	+8.900e+03	+0.737
108.000	+2.809e+03	+6.669e+03	+1.105e+04	+0.704
108.100	+3.019e+03	+7.037e+03	+9.690e+03	+0.700
108.200	+2.163e+03	+7.092e+03	+9.269e+03	+0.766
108.300	+2.602e+03	+6.853e+03	+9.988e+03	+0.725
108.400	+2.995e+03	+8.061e+03	+9.665e+03	+0.729
108.500	+1.902e+03	+7.446e+03	+9.231e+03	+0.797
108.600	+2.490e+03	+7.543e+03	+9.547e+03	+0.752
108.700	+3.070e+03	+8.903e+03	+1.021e+04	+0.744
108.800	+1.915e+03	+8.079e+03	+1.239e+04	+0.808
108.900	+3.262e+03	+5.831e+03	+1.080e+04	+0.641
109.000	+4.397e+03	+6.308e+03	+1.080e+04	+0.589
109.100	+3.546e+03	+7.258e+03	+9.856e+03	+0.672
109.200	+2.050e+03	+6.520e+03	+1.026e+04	+0.761
109.300	+1.855e+03	+6.574e+03	+9.182e+03	+0.780
109.400	+2.268e+03	+7.023e+03	+8.888e+03	+0.756
109.500	+3.953e+03	+6.485e+03	+1.060e+04	+0.621
109.600	+3.840e+03	+6.748e+03	+1.107e+04	+0.637
109.700	+4.388e+03	+7.891e+03	+9.837e+03	+0.643
109.800	+3.693e+03	+6.625e+03	+9.002e+03	+0.642
109.900	+2.103e+03	+8.617e+03	+9.359e+03	+0.804
110.000	+3.002e+03	+6.461e+03	+1.054e+04	+0.683
110.100	+4.555e+03	+6.837e+03	+1.049e+04	+0.600
110.200	+2.227e+03	+4.659e+03	+9.802e+03	+0.677
110.300	+7.430e+03	+3.469e+03	+1.040e+04	+0.318
110.400	+7.292e+03	+2.395e+03	+9.266e+03	+0.247
110.500	+7.794e+03	+2.587e+03	+1.017e+04	+0.249
110.600	+5.443e+03	+2.684e+03	+1.031e+04	+0.330
110.700	+7.407e+03	+2.814e+03	+1.041e+04	+0.275
110.800	+6.723e+03	+3.070e+03	+9.506e+03	+0.313
110.900	+5.884e+03	+2.434e+03	+1.017e+04	+0.293
111.000	+7.219e+03	+2.125e+03	+9.156e+03	+0.227
111.100	+7.214e+03	+3.176e+03	+1.156e+04	+0.306
111.200	+6.162e+03	+3.357e+03	+1.016e+04	+0.353
111.300	+5.657e+03	+4.200e+03	+1.062e+04	+0.426
111.400	+3.379e+03	+5.408e+03	+8.706e+03	+0.615
111.500	+2.885e+03	+6.827e+03	+1.011e+04	+0.703
111.600	+3.105e+03	+6.102e+03	+9.669e+03	+0.663
111.700	+7.423e+03	+3.404e+03	+9.625e+03	+0.314
111.800	+5.744e+03	+3.661e+03	+1.133e+04	+0.389
111.900	+2.362e+03	+6.858e+03	+1.069e+04	+0.744
112.000	+4.135e+03	+7.551e+03	+9.136e+03	+0.646
112.100	+3.071e+03	+7.313e+03	+1.007e+04	+0.704
112.200	+3.470e+03	+6.352e+03	+1.071e+04	+0.647
112.300	+2.781e+03	+7.037e+03	+8.767e+03	+0.717
112.400	+2.665e+03	+7.412e+03	+1.140e+04	+0.736
112.500	+3.804e+03	+6.331e+03	+1.108e+04	+0.625
112.600	+2.109e+03	+7.985e+03	+1.002e+04	+0.791
112.700	+3.373e+03	+7.894e+03	+9.244e+03	+0.701
112.800	+6.166e+03	+2.771e+03	+9.843e+03	+0.310
112.900	+7.210e+03	+3.347e+03	+1.088e+04	+0.317
113.000	+7.450e+03	+3.886e+03	+1.055e+04	+0.343
113.100	+5.596e+03	+1.513e+03	+9.879e+03	+0.213
113.200	+7.447e+03	+2.728e+03	+1.043e+04	+0.268
113.300	+5.612e+03	+3.208e+03	+1.004e+04	+0.364
113.400	+8.452e+03	+3.526e+03	+1.053e+04	+0.294
113.500	+3.095e+03	+6.144e+03	+1.034e+04	+0.665
113.600	+1.615e+03	+7.124e+03	+9.270e+03	+0.815
113.700	+3.850e+03	+6.042e+03	+9.546e+03	+0.611
113.800	+1.688e+03	+6.365e+03	+1.048e+04	+0.790
113.900	+4.439e+03	+6.538e+03	+9.531e+03	+0.596
114.000	+2.127e+03	+7.110e+03	+9.667e+03	+0.770
114.100	+3.203e+03	+5.877e+03	+1.106e+04	+0.647
114.200	+2.800e+03	+5.891e+03	+8.977e+03	+0.678
114.300	+2.965e+03	+7.879e+03	+1.041e+04	+0.727
114.400	+3.429e+03	+6.149e+03	+1.067e+04	+0.642
114.500	+3.129e+03	+8.287e+03	+9.742e+03	+0.726
114.600	+4.572e+03	+6.958e+03	+1.059e+04	+0.603
114.700	+3.521e+03	+6.757e+03	+9.622e+03	+0.657
114.800	+5.885e+03	+3.159e+03	+1.122e+04	+0.349
114.900	+7.491e+03	+2.243e+03	+9.606e+03	+0.230
115.000	+5.482e+03	+4.930e+03	+9.823e+03	+0.473
115.100	+2.932e+03	+6.795e+03	+1.108e+04	+0.699
115.200	+3.000e+03	+7.982e+03	+9.842e+03	+0.727
115.300	+3.341e+03	+7.753e+03	+1.083e+04	+0.699
115.400	+3.286e+03	+7.853e+03	+1.039e+04	+0.705
115.500	+4.008e+03	+7.738e+03	+8.811e+03	+0.659
115.600	+1.955e+03	+7.145e+03	+1.017e+04	+0.785
115.700	+2.046e+03	+7.233e+03	+1.049e+04	+0.779
115.800	+4.295e+03	+6.669e+03	+1.100e+04	+0.608
115.900	+3.411e+03	+6.845e+03	+1.023e+04	+0.667
116.000	+2.439e+03	+5.944e+03	+1.103e+04	+0.709
116.100	+3.331e+03	+7.624e+03	+1.028e+04	+0.696
116.200	+2.561e+03	+7.178e+03	+1.043e+04	+0.737
116.300	+4.231e+03	+7.037e+03	+1.110e+04	+0.625
116.400	+8.096e+02	+8.075e+03	+9.629e+03	+0.909
116.500	+4.276e+03	+7.230e+03	+8.060e+03	+0.628
116.600	+3.071e+03	+8.409e+03	+1.008e+04	+0.732
116.700	+1.647e+03	+6.729e+03	+1.030e+04	+0.803
116.800	+9.601e+02	+6.504e+03	+1.064e+04	+0.871
116.900	+3.585e+03	+7.371e+03	+1.018e+04	+0.673
117.000	+3.806e+03	+7.267e+03	+9.300e+03	+0.656
117.100	+2.912e+03	+6.878e+03	+9.610e+03	+0.703
117.200	+3.105e+03	+7.219e+03	+7.954e+03	+0.699
117.300	+2.396e+03	+8.270e+03	+1.080e+04	+0.775
117.400	+2.385e+03	+7.421e+03	+9.669e+03	+0.757
117.500	+2.983e+03	+8.120e+03	+9.856e+03	+0.731
117.600	+3.346e+03	+5.886e+03	+9.525e+03	+0.638
117.700	+2.216e+03	+7.797e+03	+9.179e+03	+0.779
117.800	+3.608e+03	+8.564e+03	+9.367e+03	+0.704
117.900	+5.869e+03	+5.216e+03	+1.073e+04	+0.471
118.000	+2.800e+03	+7.209e+03	+9.984e+03	+0.720
118.100	+2.106e+03	+7.856e+03	+9.352e+03	+0.789
118.200	+2.767e+03	+6.236e+03	+1.080e+04	+0.693
118.300	+2.049e+03	+6.515e+03	+9.948e+03	+0.761
118.400	+1.562e+03	+5.674e+03	+1.014e+04	+0.784
118.500	+3.171e+03	+5.946e+03	+9.236e+03	+0.652
118.600	+2.121e+03	+8.041e+03	+1.046e+04	+0.791
118.700	+4.070e+03	+7.640e+03	+9.888e+03	+0.652
118.800	+2.053e+03	+6.868e+03	+1.036e+04	+0.770
118.900	+6.019e+03	+3.453e+03	+9.224e+03	+0.365
119.000	+8.557e+03	+3.028e+03	+9.631e+03	+0.261
119.100	+6.872e+03	+3.131e+03	+1.019e+04	+0.313
119.200	+6.900e+03	+3.656e+03	+9.295e+03	+0.346
119.300	+6.531e+03	+2.773e+03	+1.080e+04	+0.298
119.400	+7.012e+03	+2.577e+03	+9.118e+03	+0.269
119.500	+5.277e+03	+4.877e+03	+9.986e+03	+0.480
119.600	+4.011e+03	+7.071e+03	+1.029e+04	+0.638
119.700	+1.030e+03	+7.640e+03	+8.413e+03	+0.881
119.800	+1.751e+03	+8.141e+03	+1.018e+04	+0.823
119.900	+4.387e+03	+6.736e+03	+1.067e+04	+0.606
120.000	+3.601e+03	+7.061e+03	+9.766e+03	+0.662
120.100	+2.274e+03	+7.753e+03	+8.074e+03	+0.773
120.200	+2.351e+03	+5.727e+03	+9.094e+03	+0.709
120.300	+3.052e+03	+7.135e+03	+1.021e+04	+0.700
120.400	+3.938e+03	+7.848e+03	+1.101e+04	+0.666
120.500	+2.943e+03	+6.819e+03	+1.061e+04	+0.699
120.600	+4.058e+03	+6.918e+03	+9.147e+03	+0.630
120.700	+3.223e+03	+8.384e+03	+9.770e+03	+0.722
120.800	+2.619e+03	+6.820e+03	+1.069e+04	+0.723
120.900	+3.558e+03	+6.297e+03	+1.022e+04	+0.639
121.000	+2.990e+03	+7.630e+03	+1.036e+04	+0.718
121.100	+3.595e+03	+7.650e+03	+1.031e+04	+0.680
121.200	+3.540e+03	+7.357e+03	+1.060e+04	+0.675
121.300	+4.632e+03	+5.550e+03	+1.086e+04	+0.545
121.400	+1.471e+03	+6.834e+03	+1.121e+04	+0.823
121.500	+3.199e+03	+5.933e+03	+9.637e+03	+0.650
121.600	+2.592e+03	+8.610e+03	+9.969e+03	+0.769
121.700	+5.246e+03	+3.367e+03	+1.012e+04	+0.391
121.800	+6.783e+03	+2.435e+03	+9.760e+03	+0.264
121.900	+6.484e+03	+1.840e+03	+9.695e+03	+0.221
122.000	+7.137e+03	+3.059e+03	+1.079e+04	+0.300
122.100	+5.927e+03	+2.581e+03	+9.396e+03	+0.303
122.200	+7.622e+03	+3.739e+03	+9.485e+03	+0.329
122.300	+6.239e+03	+2.887e+03	+9.970e+03	+0.316
122.400	+7.454e+03	+3.998e+03	+9.493e+03	+0.349
122.500	+5.794e+03	+2.408e+03	+9.822e+03	+0.294
122.600	+6.418e+03	+2.236e+03	+9.267e+03	+0.258
122.700	+6.560e+03	+4.429e+03	+1.027e+04	+0.403
122.800	+6.455e+03	+2.181e+03	+9.784e+03	+0.253
122.900	+7.946e+03	+3.186e+03	+1.015e+04	+0.286
123.000	+6.790e+03	+3.218e+03	+1.209e+04	+0.322
123.100	+7.857e+03	+2.892e+03	+8.889e+03	+0.269
123.200	+6.776e+03	+4.113e+03	+9.560e+03	+0.378
123.300	+7.291e+03	+3.502e+03	+9.550e+03	+0.324
123.400	+7.806e+03	+4.042e+03	+9.589e+03	+0.341
123.500	+6.317e+03	+3.393e+03	+1.017e+04	+0.349
123.600	+6.807e+03	+3.749e+03	+9.386e+03	+0.355
123.700	+7.123e+03	+1.050e+03	+1.022e+04	+0.129
123.800	+6.699e+03	+2.751e+03	+9.898e+03	+0.291
123.900	+5.905e+03	+4.178e+03	+9.495e+03	+0.414
124.000	+6.158e+03	+2.254e+03	+1.206e+04	+0.268
124.100	+6.474e+03	+1.677e+03	+9.144e+03	+0.206
124.200	+6.426e+03	+4.833e+03	+8.756e+03	+0.429
124.300	+7.378e+03	+4.311e+03	+1.005e+04	+0.369
124.400	+5.904e+03	+2.881e+03	+9.786e+03	+0.328
124.500	+5.723e+03	+3.151e+03	+8.380e+03	+0.355
124.600	+7.754e+03	+2.234e+03	+9.261e+03	+0.224
124.700	+8.841e+03	+2.629e+03	+1.135e+04	+0.229
124.800	+7.079e+03	+2.812e+03	+9.870e+03	+0.284
124.900	+5.558e+03	+3.775e+03	+1.048e+04	+0.404
125.000	+5.413e+03	+1.381e+03	+1.068e+04	+0.203
125.100	+6.426e+03	+2.413e+03	+9.737e+03	+0.273
125.200	+7.433e+03	+1.775e+03	+9.080e+03	+0.193
125.300	+7.789e+03	+2.695e+03	+1.017e+04	+0.257
125.400	+7.732e+03	+2.210e+03	+1.129e+04	+0.222
125.500	+8.492e+03	+1.549e+03	+9.871e+03	+0.154
125.600	+5.891e+03	+2.743e+03	+9.881e+03	+0.318
125.700	+6.236e+03	+4.585e+03	+9.355e+03	+0.424
125.800	+8.463e+03	+1.535e+03	+1.146e+04	+0.154
125.900	+7.473e+03	+1.828e+03	+1.094e+04	+0.196
126.000	+5.642e+03	+2.810e+03	+9.681e+03	+0.332
126.100	+7.455e+03	+2.585e+03	+8.644e+03	+0.258
126.200	+5.368e+03	+4.639e+03	+9.952e+03	+0.464
126.300	+2.821e+03	+7.098e+03	+1.062e+04	+0.716
126.400	+3.965e+03	+7.709e+03	+9.344e+03	+0.660
126.500	+2.293e+03	+6.927e+03	+8.098e+03	+0.751
126.600	+3.221e+03	+7.489e+03	+8.289e+03	+0.699
126.700	+3.600e+03	+7.082e+03	+1.008e+04	+0.663
126.800	+2.410e+03	+6.480e+03	+1.003e+04	+0.729
126.900	+1.977e+03	+7.360e+03	+9.525e+03	+0.788
127.000	+3.163e+03	+8.603e+03	+1.070e+04	+0.731
127.100	+2.704e+03	+6.946e+03	+1.031e+04	+0.720
127.200	+2.445e+03	+6.125e+03	+9.054e+03	+0.715
127.300	+2.954e+03	+7.537e+03	+1.023e+04	+0.718
127.400	+3.172e+03	+6.957e+03	+1.095e+04	+0.687
127.500	+5.246e+03	+4.957e+03	+1.142e+04	+0.486
127.600	+6.347e+03	+3.795e+03	+1.011e+04	+0.374
127.700	+5.367e+03	+5.490e+03	+1.039e+04	+0.506
127.800	+1.210e+03	+8.896e+03	+1.022e+04	+0.880
127.900	+1.918e+03	+6.922e+03	+9.921e+03	+0.783
128.000	+5.186e+03	+5.326e+03	+1.061e+04	+0.507
128.100	+7.117e+03	+3.113e+03	+9.704e+03	+0.304
