%t (s)	Idd (a.u.)	Ida (a.u.)	Iaa (a.u.)	FRET E
0.000	+1.916e+03	+6.213e+03	+1.040e+04	+0.764
0.100	+4.501e+03	+5.755e+03	+1.170e+04	+0.561
0.200	+2.501e+03	+7.347e+03	+1.089e+04	+0.746
0.300	+1.767e+03	+5.386e+03	+9.343e+03	+0.753
0.400	+1.239e+03	+6.589e+03	+8.418e+03	+0.842
0.500	+2.927e+03	+7.953e+03	+1.064e+04	+0.731
0.600	+4.479e+03	+4.401e+03	+1.080e+04	+0.496
0.700	+6.031e+03	+5.042e+03	+1.149e+04	+0.455
0.800	+6.157e+03	+4.502e+03	+1.064e+04	+0.422
0.900	+6.283e+03	+3.351e+03	+9.050e+03	+0.348
1.000	+5.350e+03	+3.836e+03	+8.450e+03	+0.418
1.100	+6.250e+03	+4.755e+03	+8.884e+03	+0.432
1.200	+2.582e+03	+6.983e+03	+1.008e+04	+0.730
1.300	+3.206e+03	+7.150e+03	+9.727e+03	+0.690
1.400	+2.858e+03	+6.361e+03	+9.760e+03	+0.690
1.500	+1.786e+03	+6.397e+03	+9.919e+03	+0.782
1.600	+3.769e+03	+7.344e+03	+1.026e+04	+0.661
1.700	+3.340e+03	+6.878e+03	+1.038e+04	+0.673
1.800	+6.141e+03	+3.453e+03	+9.809e+03	+0.360
1.900	+6.283e+03	+2.755e+03	+1.027e+04	+0.305
2.000	+7.889e+03	+3.041e+03	+9.013e+03	+0.278
2.100	+7.526e+03	+3.680e+03	+1.031e+04	+0.328
2.200	+6.872e+03	+4.227e+03	+1.045e+04	+0.381
2.300	+2.592e+03	+7.751e+03	+7.858e+03	+0.749
2.400	+2.773e+03	+6.852e+03	+8.498e+03	+0.712
2.500	+2.549e+03	+6.874e+03	+9.097e+03	+0.729
2.600	+2.683e+03	+5.946e+03	+9.516e+03	+0.689
2.700	+6.319e+03	+2.155e+03	+1.057e+04	+0.254
2.800	+6.272e+03	+2.724e+03	+1.054e+04	+0.303
2.900	+7.218e+03	+3.468e+03	+9.235e+03	+0.325
3.000	+5.176e+03	+4.309e+03	+1.022e+04	+0.454
3.100	+7.008e+03	+4.675e+03	+9.004e+03	+0.400
3.200	+6.398e+03	+2.389e+03	+9.788e+03	+0.272
3.300	+5.710e+03	+3.500e+03	+1.032e+04	+0.380
3.400	+7.386e+03	+4.287e+03	+1.047e+04	+0.367
3.500	+7.947e+03	+3.581e+03	+9.336e+03	+0.311
3.600	+7.012e+03	+3.329e+03	+1.006e+04	+0.322
3.700	+7.286e+03	+3.048e+03	+9.524e+03	+0.295
3.800	+8.228e+03	+2.021e+03	+9.661e+03	+0.197
3.900	+7.469e+03	+3.647e+03	+9.445e+03	+0.328
4.000	+7.583e+03	+3.330e+03	+9.598e+03	+0.305
4.100	+6.031e+03	+1.957e+03	+9.665e+03	+0.245
4.200	+7.638e+03	+2.471e+03	+9.579e+03	+0.244
4.300	+6.401e+03	+2.848e+03	+9.833e+03	+0.308
4.400	+6.909e+03	+2.263e+03	+1.101e+04	+0.247
4.500	+7.512e+03	+3.139e+03	+1.021e+04	+0.295
4.600	+8.089e+03	+4.271e+03	+9.587e+03	+0.346
4.700	+7.240e+03	+3.390e+03	+1.081e+04	+0.319
4.800	+6.182e+03	+2.514e+03	+9.388e+03	+0.289
4.900	+7.066e+03	+4.144e+03	+9.922e+03	+0.370
5.000	+8.088e+03	+4.152e+03	+9.822e+03	+0.339
5.100	+6.952e+03	+3.350e+03	+9.292e+03	+0.325
5.200	+6.652e+03	+2.979e+03	+9.918e+03	+0.309
5.300	+8.219e+03	+2.516e+03	+9.991e+03	+0.234
5.400	+6.875e+03	+3.505e+03	+1.011e+04	+0.338
5.500	+8.243e+03	+2.774e+03	+1.008e+04	+0.252
5.600	+7.498e+03	+2.072e+03	+9.167e+03	+0.216
5.700	+7.157e+03	+2.446e+03	+8.810e+03	+0.255
5.800	+8.485e+03	+3.531e+03	+1.103e+04	+0.294
5.900	+6.761e+03	+3.367e+03	+1.028e+04	+0.332
6.000	+5.691e+03	+4.359e+03	+9.064e+03	+0.434
6.100	+5.788e+03	+2.606e+03	+1.049e+04	+0.310
6.200	+5.716e+03	+2.410e+03	+9.981e+03	+0.297
6.300	+7.654e+03	+2.150e+03	+8.890e+03	+0.219
6.400	+7.316e+03	+3.110e+03	+1.084e+04	+0.298
6.500	+6.447e+03	+4.898e+03	+9.815e+03	+0.432
6.600	+7.011e+03	+3.080e+03	+8.739e+03	+0.305
6.700	+6.400e+03	+3.738e+03	+8.747e+03	+0.369
6.800	+7.861e+03	+4.683e+03	+8.878e+03	+0.373
6.900	+7.941e+03	+2.342e+03	+9.740e+03	+0.228
7.000	+6.014e+03	+2.910e+03	+9.603e+03	+0.326
7.100	+7.029e+03	+1.398e+03	+1.118e+04	+0.166
7.200	+6.794e+03	+2.313e+03	+1.021e+04	+0.254
7.300	+6.208e+03	+3.049e+03	+1.065e+04	+0.329
7.400	+8.022e+03	+2.660e+03	+1.035e+04	+0.249
7.500	+6.029e+03	+5.579e+03	+8.706e+03	+0.481
7.600	+3.405e+03	+7.109e+03	+9.916e+03	+0.676
7.700	+3.360e+03	+7.430e+03	+8.065e+03	+0.689
7.800	+3.214e+03	+7.211e+03	+1.237e+04	+0.692
7.900	+3.703e+03	+8.282e+03	+9.486e+03	+0.691
8.000	+2.930e+03	+7.467e+03	+1.046e+04	+0.718
8.100	+2.969e+03	+6.190e+03	+9.850e+03	+0.676
8.200	+3.998e+03	+6.794e+03	+9.888e+03	+0.630
8.300	+3.997e+03	+8.052e+03	+1.035e+04	+0.668
8.400	+2.717e+03	+6.093e+03	+1.028e+04	+0.692
8.500	+3.433e+03	+8.255e+03	+1.001e+04	+0.706
8.600	+3.889e+03	+6.481e+03	+8.365e+03	+0.625
8.700	+3.544e+03	+7.637e+03	+1.102e+04	+0.683
8.800	+3.336e+03	+5.561e+03	+9.768e+03	+0.625
8.900	+2.918e+03	+6.972e+03	+1.033e+04	+0.705
9.000	+2.393e+03	+8.017e+03	+9.487e+03	+0.770
9.100	+3.732e+03	+7.020e+03	+9.628e+03	+0.653
9.200	+3.001e+03	+6.183e+03	+9.186e+03	+0.673
9.300	+2.375e+03	+6.532e+03	+1.183e+04	+0.733
9.400	+4.712e+03	+6.955e+03	+9.886e+03	+0.596
9.500	+8.119e+03	+3.208e+03	+1.044e+04	+0.283
9.600	+6.670e+03	+1.640e+03	+1.091e+04	+0.197
9.700	+7.275e+03	+3.526e+03	+1.116e+04	+0.326
9.800	+8.132e+03	+2.277e+03	+8.786e+03	+0.219
9.900	+7.633e+03	+3.614e+03	+1.064e+04	+0.321
10.000	+7.499e+03	+3.131e+03	+1.098e+04	+0.295
10.100	+6.883e+03	+4.995e+03	+1.045e+04	+0.421
10.200	+7.078e+03	+2.257e+03	+9.298e+03	+0.242
10.300	+6.796e+03	+5.129e+03	+9.224e+03	+0.430
10.400	+6.790e+03	+3.371e+03	+9.855e+03	+0.332
10.500	+7.325e+03	+2.860e+03	+1.064e+04	+0.281
10.600	+6.961e+03	+3.150e+03	+1.223e+04	+0.312
10.700	+6.934e+03	+3.276e+03	+1.025e+04	+0.321
10.800	+6.621e+03	+4.057e+03	+1.086e+04	+0.380
10.900	+5.249e+03	+3.925e+03	+1.032e+04	+0.428
11.000	+6.200e+03	+2.018e+03	+1.082e+04	+0.246
11.100	+7.835e+03	+2.410e+03	+9.562e+03	+0.235
11.200	+5.658e+03	+2.926e+03	+9.283e+03	+0.341
11.300	+6.817e+03	+2.061e+03	+1.126e+04	+0.232
11.400	+6.982e+03	+3.666e+03	+1.119e+04	+0.344
11.500	+6.831e+03	+3.290e+03	+9.226e+03	+0.325
11.600	+3.082e+03	+6.552e+03	+9.879e+03	+0.680
11.700	+3.361e+03	+6.948e+03	+8.441e+03	+0.674
11.800	+3.824e+03	+7.901e+03	+9.132e+03	+0.674
11.900	+3.121e+03	+7.461e+03	+8.877e+03	+0.705
12.000	+1.924e+03	+6.804e+03	+1.017e+04	+0.780
12.100	+3.163e+03	+7.407e+03	+1.118e+04	+0.701
12.200	+3.024e+03	+6.357e+03	+9.802e+03	+0.678
12.300	+3.115e+03	+6.929e+03	+1.043e+04	+0.690
12.400	+6.044e+03	+5.069e+03	+9.966e+03	+0.456
12.500	+5.820e+03	+2.172e+03	+8.283e+03	+0.272
12.600	+8.026e+03	+3.666e+03	+9.600e+03	+0.314
12.700	+9.310e+03	+3.800e+03	+1.058e+04	+0.290
12.800	+8.219e+03	+2.934e+03	+9.929e+03	+0.263
12.900	+3.585e+03	+7.462e+03	+1.052e+04	+0.675
13.000	+3.114e+03	+6.435e+03	+1.094e+04	+0.674
13.100	+1.291e+03	+7.642e+03	+9.300e+03	+0.856
13.200	+3.775e+03	+5.246e+03	+1.013e+04	+0.582
13.300	+2.290e+03	+6.831e+03	+1.052e+04	+0.749
13.400	+3.615e+03	+6.415e+03	+8.850e+03	+0.640
13.500	+3.107e+03	+7.253e+03	+9.097e+03	+0.700
13.600	+3.141e+03	+7.292e+03	+1.087e+04	+0.699
13.700	+1.783e+03	+7.222e+03	+9.941e+03	+0.802
13.800	+4.680e+03	+7.428e+03	+9.740e+03	+0.613
13.900	+2.571e+03	+7.381e+03	+9.831e+03	+0.742
14.000	+3.131e+03	+7.768e+03	+9.466e+03	+0.713
14.100	+3.415e+03	+6.773e+03	+9.989e+03	+0.665
14.200	+3.186e+03	+6.414e+03	+9.688e+03	+0.668
14.300	+3.575e+03	+6.169e+03	+9.692e+03	+0.633
14.400	+2.423e+03	+8.361e+03	+1.080e+04	+0.775
14.500	+7.525e+03	+2.643e+03	+9.732e+03	+0.260
14.600	+2.595e+03	+5.785e+03	+9.302e+03	+0.690
14.700	+3.614e+03	+5.677e+03	+1.034e+04	+0.611
14.800	+2.547e+03	+7.583e+03	+1.135e+04	+0.749
14.900	+2.388e+03	+6.726e+03	+1.059e+04	+0.738
15.000	+2.698e+03	+7.351e+03	+9.677e+03	+0.731
15.100	+1.084e+03	+6.367e+03	+1.017e+04	+0.854
15.200	+1.960e+03	+6.187e+03	+9.288e+03	+0.759
15.300	+4.122e+03	+6.061e+03	+1.001e+04	+0.595
15.400	+4.112e+03	+6.626e+03	+1.145e+04	+0.617
15.500	+4.420e+03	+7.076e+03	+1.025e+04	+0.616
15.600	+3.043e+03	+7.243e+03	+1.010e+04	+0.704
15.700	+2.437e+03	+6.136e+03	+9.746e+03	+0.716
15.800	+2.318e+03	+7.130e+03	+9.136e+03	+0.755
15.900	+2.413e+03	+7.210e+03	+1.110e+04	+0.749
16.000	+3.462e+03	+5.904e+03	+1.023e+04	+0.630
16.100	+2.666e+03	+7.840e+03	+1.050e+04	+0.746
16.200	+2.996e+03	+7.348e+03	+9.460e+03	+0.710
16.300	+2.802e+03	+6.655e+03	+1.022e+04	+0.704
16.400	+2.847e+03	+6.897e+03	+1.059e+04	+0.708
16.500	+3.463e+03	+5.471e+03	+9.885e+03	+0.612
16.600	+2.230e+03	+8.431e+03	+8.705e+03	+0.791
16.700	+1.999e+03	+6.172e+03	+1.006e+04	+0.755
16.800	+2.185e+03	+7.353e+03	+8.874e+03	+0.771
16.900	+3.037e+03	+6.895e+03	+9.486e+03	+0.694
17.000	+3.763e+03	+8.379e+03	+9.221e+03	+0.690
17.100	+1.894e+03	+6.446e+03	+9.855e+03	+0.773
17.200	+2.869e+03	+5.536e+03	+1.114e+04	+0.659
17.300	+3.102e+03	+6.679e+03	+9.932e+03	+0.683
17.400	+2.927e+03	+6.481e+03	+1.035e+04	+0.689
17.500	+3.089e+03	+6.700e+03	+9.316e+03	+0.684
17.600	+3.403e+03	+6.896e+03	+9.129e+03	+0.670
17.700	+2.675e+03	+7.218e+03	+1.054e+04	+0.730
17.800	+2.932e+03	+8.229e+03	+1.001e+04	+0.737
17.900	+2.578e+03	+6.490e+03	+9.870e+03	+0.716
18.000	+3.892e+03	+5.332e+03	+9.905e+03	+0.578
18.100	+7.655e+03	+3.270e+03	+9.926e+03	+0.299
18.200	+6.880e+03	+3.059e+03	+1.026e+04	+0.308
18.300	+6.685e+03	+2.341e+03	+9.718e+03	+0.259
18.400	+7.487e+03	+2.307e+03	+1.004e+04	+0.236
18.500	+5.706e+03	+3.182e+03	+1.174e+04	+0.358
18.600	+6.810e+03	+3.994e+03	+9.143e+03	+0.370
18.700	+6.226e+03	+3.060e+03	+1.049e+04	+0.330
18.800	+5.893e+03	+3.553e+03	+1.024e+04	+0.376
18.900	+7.687e+03	+2.024e+03	+1.017e+04	+0.208
19.000	+6.491e+03	+2.919e+03	+9.081e+03	+0.310
19.100	+6.744e+03	+3.884e+03	+9.485e+03	+0.365
19.200	+5.087e+03	+2.920e+03	+1.036e+04	+0.365
19.300	+6.579e+03	+2.552e+03	+1.009e+04	+0.280
19.400	+7.413e+03	+2.079e+03	+1.016e+04	+0.219
19.500	+8.106e+03	+1.769e+03	+1.148e+04	+0.179
19.600	+9.371e+03	+2.744e+03	+1.155e+04	+0.226
19.700	+7.808e+03	+2.505e+03	+9.552e+03	+0.243
19.800	+7.697e+03	+3.348e+03	+8.079e+03	+0.303
19.900	+7.279e+03	+2.793e+03	+1.024e+04	+0.277
20.000	+7.832e+03	+3.802e+03	+9.557e+03	+0.327
20.100	+7.630e+03	+2.541e+03	+9.047e+03	+0.250
20.200	+5.733e+03	+3.707e+03	+9.921e+03	+0.393
20.300	+7.154e+03	+2.775e+03	+8.510e+03	+0.279
20.400	+7.234e+03	+2.687e+03	+1.092e+04	+0.271
20.500	+7.326e+03	+3.017e+03	+1.170e+04	+0.292
20.600	+6.937e+03	+9.859e+02	+1.105e+04	+0.124
20.700	+5.571e+03	+2.294e+03	+9.733e+03	+0.292
20.800	+5.075e+03	+2.420e+03	+8.681e+03	+0.323
20.900	+7.037e+03	+2.238e+03	+9.701e+03	+0.241
21.000	+7.193e+03	+1.968e+03	+1.003e+04	+0.215
21.100	+8.327e+03	+2.336e+03	+1.029e+04	+0.219
21.200	+7.908e+03	+2.982e+03	+1.075e+04	+0.274
21.300	+7.410e+03	+2.988e+03	+8.805e+03	+0.287
21.400	+6.595e+03	+3.569e+03	+1.033e+04	+0.351
21.500	+3.672e+03	+7.573e+03	+1.067e+04	+0.673
21.600	+3.396e+03	+6.587e+03	+1.048e+04	+0.660
21.700	+2.626e+03	+6.911e+03	+1.035e+04	+0.725
21.800	+7.104e+03	+4.693e+03	+9.213e+03	+0.398
21.900	+6.378e+03	+4.011e+03	+1.048e+04	+0.386
22.000	+6.832e+03	+3.722e+03	+9.628e+03	+0.353
22.100	+7.063e+03	+3.760e+03	+1.042e+04	+0.347
22.200	+6.081e+03	+2.248e+03	+9.986e+03	+0.270
22.300	+5.827e+03	+2.285e+03	+1.063e+04	+0.282
22.400	+6.618e+03	+3.328e+03	+1.100e+04	+0.335
22.500	+7.691e+03	+1.940e+03	+1.032e+04	+0.201
22.600	+7.464e+03	+2.940e+03	+9.605e+03	+0.283
22.700	+6.017e+03	+4.263e+03	+9.249e+03	+0.415
22.800	+3.320e+03	+7.123e+03	+8.736e+03	+0.682
22.900	+2.260e+03	+6.363e+03	+9.730e+03	+0.738
23.000	+1.881e+03	+6.236e+03	+9.113e+03	+0.768
23.100	+3.035e+03	+5.943e+03	+1.008e+04	+0.662
23.200	+2.265e+03	+7.546e+03	+9.659e+03	+0.769
23.300	+4.062e+03	+8.349e+03	+9.998e+03	+0.673
23.400	+3.761e+03	+7.229e+03	+1.088e+04	+0.658
23.500	+4.018e+03	+7.482e+03	+8.867e+03	+0.651
23.600	+3.205e+03	+8.992e+03	+1.067e+04	+0.737
23.700	+1.769e+03	+6.946e+03	+9.493e+03	+0.797
23.800	+3.149e+03	+7.241e+03	+1.069e+04	+0.697
23.900	+2.643e+03	+5.626e+03	+9.947e+03	+0.680
24.000	+4.246e+03	+5.637e+03	+1.078e+04	+0.570
24.100	+3.446e+03	+5.511e+03	+9.943e+03	+0.615
24.200	+4.902e+03	+4.242e+03	+1.035e+04	+0.464
24.300	+6.949e+03	+3.686e+03	+1.149e+04	+0.347
24.400	+6.152e+03	+3.359e+03	+9.442e+03	+0.353
24.500	+7.493e+03	+2.017e+03	+8.955e+03	+0.212
24.600	+7.236e+03	+4.469e+03	+8.910e+03	+0.382
24.700	+3.169e+03	+6.858e+03	+1.067e+04	+0.684
24.800	+3.763e+03	+5.850e+03	+1.017e+04	+0.609
24.900	+8.237e+03	+2.711e+03	+9.512e+03	+0.248
25.000	+6.076e+03	+1.967e+03	+1.053e+04	+0.245
25.100	+7.183e+03	+3.257e+03	+8.692e+03	+0.312
25.200	+6.326e+03	+5.228e+03	+1.124e+04	+0.452
25.300	+6.552e+03	+3.238e+03	+9.478e+03	+0.331
25.400	+6.835e+03	+2.628e+03	+9.258e+03	+0.278
25.500	+6.641e+03	+2.808e+03	+8.898e+03	+0.297
25.600	+5.112e+03	+2.642e+03	+1.006e+04	+0.341
25.700	+6.954e+03	+3.614e+03	+9.381e+03	+0.342
25.800	+7.577e+03	+2.517e+03	+9.302e+03	+0.249
25.900	+8.776e+03	+3.746e+03	+1.017e+04	+0.299
26.000	+6.888e+03	+1.251e+03	+1.026e+04	+0.154
26.100	+7.377e+03	+2.947e+03	+9.415e+03	+0.285
26.200	+3.522e+03	+7.041e+03	+1.009e+04	+0.667
26.300	+3.331e+03	+7.012e+03	+9.184e+03	+0.678
26.400	+3.721e+03	+6.946e+03	+1.089e+04	+0.651
26.500	+2.311e+03	+6.365e+03	+1.142e+04	+0.734
26.600	+3.453e+03	+6.664e+03	+9.012e+03	+0.659
26.700	+2.753e+03	+7.185e+03	+1.038e+04	+0.723
26.800	+3.873e+03	+7.599e+03	+9.495e+03	+0.662
26.900	+3.088e+03	+8.826e+03	+9.079e+03	+0.741
27.000	+2.542e+03	+5.582e+03	+1.032e+04	+0.687
27.100	+4.495e+03	+4.097e+03	+1.051e+04	+0.477
27.200	+4.589e+03	+7.436e+03	+1.079e+04	+0.618
27.300	+4.142e+03	+6.971e+03	+1.187e+04	+0.627
27.400	+3.466e+03	+6.866e+03	+9.623e+03	+0.665
27.500	+4.678e+03	+4.900e+03	+9.203e+03	+0.512
27.600	+7.192e+03	+3.222e+03	+1.006e+04	+0.309
27.700	+7.865e+03	+3.060e+03	+9.281e+03	+0.280
27.800	+6.752e+03	+3.323e+03	+1.071e+04	+0.330
27.900	+7.340e+03	+3.598e+03	+8.109e+03	+0.329
28.000	+6.495e+03	+2.850e+03	+9.217e+03	+0.305
28.100	+7.425e+03	+3.004e+03	+1.036e+04	+0.288
28.200	+7.039e+03	+2.729e+03	+9.454e+03	+0.279
28.300	+5.856e+03	+3.976e+03	+9.839e+03	+0.404
28.400	+3.438e+03	+7.404e+03	+1.001e+04	+0.683
28.500	+2.777e+03	+6.307e+03	+1.183e+04	+0.694
28.600	+2.224e+03	+7.481e+03	+1.116e+04	+0.771
28.700	+2.734e+03	+6.651e+03	+8.631e+03	+0.709
28.800	+1.490e+03	+6.214e+03	+8.519e+03	+0.807
28.900	+2.384e+03	+7.623e+03	+1.087e+04	+0.762
29.000	+4.744e+03	+4.394e+03	+1.018e+04	+0.481
29.100	+5.874e+03	+2.239e+03	+9.910e+03	+0.276
29.200	+6.081e+03	+4.291e+03	+1.040e+04	+0.414
29.300	+7.440e+03	+3.619e+03	+9.657e+03	+0.327
29.400	+7.700e+03	+3.273e+03	+8.765e+03	+0.298
29.500	+7.279e+03	+3.471e+03	+9.537e+03	+0.323
29.600	+7.061e+03	+3.364e+03	+1.032e+04	+0.323
29.700	+8.400e+03	+4.516e+03	+1.108e+04	+0.350
29.800	+4.874e+03	+5.039e+03	+1.043e+04	+0.508
29.900	+7.565e+03	+3.066e+03	+1.013e+04	+0.288
30.000	+7.005e+03	+5.027e+03	+1.091e+04	+0.418
30.100	+6.471e+03	+2.225e+03	+1.041e+04	+0.256
30.200	+8.268e+03	+2.461e+03	+9.586e+03	+0.229
30.300	+6.364e+03	+2.735e+03	+1.049e+04	+0.301
30.400	+7.116e+03	+1.889e+03	+1.035e+04	+0.210
30.500	+7.023e+03	+3.946e+03	+9.887e+03	+0.360
30.600	+6.870e+03	+3.044e+03	+1.036e+04	+0.307
30.700	+7.849e+03	+2.421e+03	+9.325e+03	+0.236
30.800	+5.818e+03	+1.499e+03	+9.831e+03	+0.205
30.900	+6.132e+03	+2.728e+03	+9.608e+03	+0.308
31.000	+8.431e+03	+2.546e+03	+9.331e+03	+0.232
31.100	+6.279e+03	+2.799e+03	+1.050e+04	+0.308
31.200	+6.843e+03	+2.869e+03	+9.711e+03	+0.295
31.300	+6.774e+03	+2.872e+03	+1.020e+04	+0.298
31.400	+7.933e+03	+3.185e+03	+1.132e+04	+0.286
31.500	+6.500e+03	+1.938e+03	+9.223e+03	+0.230
31.600	+8.357e+03	+3.142e+03	+8.750e+03	+0.273
31.700	+7.442e+03	+2.857e+03	+1.027e+04	+0.277
31.800	+5.911e+03	+5.238e+03	+9.518e+03	+0.470
31.900	+2.958e+03	+7.454e+03	+9.787e+03	+0.716
32.000	+2.425e+03	+6.086e+03	+9.592e+03	+0.715
32.100	+1.435e+03	+6.171e+03	+8.445e+03	+0.811
32.200	+3.710e+03	+7.528e+03	+1.046e+04	+0.670
32.300	+3.208e+03	+5.955e+03	+1.020e+04	+0.650
32.400	+2.612e+03	+6.398e+03	+9.244e+03	+0.710
32.500	+3.109e+03	+6.926e+03	+1.019e+04	+0.690
32.600	+3.203e+03	+7.524e+03	+1.005e+04	+0.701
32.700	+3.531e+03	+6.667e+03	+9.268e+03	+0.654
32.800	+3.833e+03	+6.866e+03	+9.385e+03	+0.642
32.900	+4.264e+03	+7.455e+03	+8.448e+03	+0.636
33.000	+2.042e+03	+6.924e+03	+1.092e+04	+0.772
33.100	+3.651e+03	+5.909e+03	+1.159e+04	+0.618
33.200	+3.216e+03	+5.694e+03	+1.043e+04	+0.639
33.300	+1.937e+03	+6.371e+03	+1.014e+04	+0.767
33.400	+1.750e+03	+6.315e+03	+9.948e+03	+0.783
33.500	+2.690e+03	+6.746e+03	+8.542e+03	+0.715
33.600	+2.879e+03	+6.755e+03	+8.962e+03	+0.701
33.700	+2.832e+03	+5.796e+03	+1.045e+04	+0.672
33.800	+3.246e+03	+7.692e+03	+1.041e+04	+0.703
33.900	+3.715e+03	+6.561e+03	+9.592e+03	+0.638
34.000	+3.117e+03	+6.708e+03	+8.969e+03	+0.683
34.100	+3.014e+03	+7.645e+03	+1.208e+04	+0.717
34.200	+3.296e+03	+6.468e+03	+9.392e+03	+0.662
34.300	+3.246e+03	+7.367e+03	+9.565e+03	+0.694
34.400	+7.333e+03	+2.766e+03	+9.467e+03	+0.274
34.500	+7.494e+03	+3.016e+03	+9.672e+03	+0.287
34.600	+7.788e+03	+2.213e+03	+1.080e+04	+0.221
34.700	+6.938e+03	+3.947e+03	+8.855e+03	+0.363
34.800	+7.919e+03	+2.494e+03	+8.681e+03	+0.240
34.900	+6.469e+03	+2.106e+03	+1.124e+04	+0.246
35.000	+6.768e+03	+2.595e+03	+1.027e+04	+0.277
35.100	+5.051e+03	+5.441e+03	+1.057e+04	+0.519
35.200	+3.006e+03	+5.694e+03	+9.888e+03	+0.654
35.300	+2.029e+03	+6.516e+03	+9.216e+03	+0.763
35.400	+3.912e+03	+6.877e+03	+1.010e+04	+0.637
35.500	+6.895e+03	+4.075e+03	+9.142e+03	+0.371
35.600	+7.323e+03	+4.888e+03	+1.027e+04	+0.400
35.700	+7.234e+03	+4.240e+03	+1.078e+04	+0.370
35.800	+6.930e+03	+2.721e+03	+1.015e+04	+0.282
35.900	+7.945e+03	+1.969e+03	+9.903e+03	+0.199
36.000	+5.710e+03	+2.515e+03	+9.653e+03	+0.306
36.100	+8.753e+03	+2.693e+03	+9.364e+03	+0.235
36.200	+6.548e+03	+2.023e+03	+9.294e+03	+0.236
36.300	+5.917e+03	+2.641e+03	+9.887e+03	+0.309
36.400	+7.075e+03	+2.630e+03	+9.672e+03	+0.271
36.500	+8.066e+03	+3.525e+03	+8.529e+03	+0.304
36.600	+7.152e+03	+4.149e+03	+9.238e+03	+0.367
36.700	+7.220e+03	+2.047e+03	+1.068e+04	+0.221
36.800	+6.611e+03	+2.521e+03	+9.381e+03	+0.276
36.900	+6.592e+03	+3.838e+03	+9.385e+03	+0.368
37.000	+7.218e+03	+2.881e+03	+8.534e+03	+0.285
37.100	+7.609e+03	+1.198e+03	+9.983e+03	+0.136
37.200	+7.040e+03	+1.825e+03	+8.455e+03	+0.206
37.300	+4.859e+03	+1.912e+03	+1.074e+04	+0.282
37.400	+7.444e+03	+4.022e+03	+1.037e+04	+0.351
37.500	+7.478e+03	+4.064e+03	+9.404e+03	+0.352
37.600	+7.217e+03	+2.848e+03	+8.652e+03	+0.283
37.700	+2.936e+03	+5.108e+03	+9.356e+03	+0.635
37.800	+2.274e+03	+8.406e+03	+1.005e+04	+0.787
37.900	+3.552e+03	+7.550e+03	+9.790e+03	+0.680
38.000	+4.513e+03	+7.749e+03	+1.017e+04	+0.632
38.100	+3.068e+03	+8.235e+03	+1.054e+04	+0.729
38.200	+2.772e+03	+6.200e+03	+8.474e+03	+0.691
38.300	+2.449e+03	+6.453e+03	+9.617e+03	+0.725
38.400	+6.187e+03	+3.780e+03	+1.142e+04	+0.379
38.500	+6.236e+03	+4.036e+03	+1.005e+04	+0.393
38.600	+8.933e+03	+2.931e+03	+1.021e+04	+0.247
38.700	+7.300e+03	+5.010e+03	+1.110e+04	+0.407
38.800	+6.575e+03	+2.761e+03	+1.081e+04	+0.296
38.900	+6.773e+03	+3.035e+03	+1.037e+04	+0.309
39.000	+7.344e+03	+3.513e+03	+1.151e+04	+0.324
39.100	+6.144e+03	+1.920e+03	+1.052e+04	+0.238
39.200	+6.208e+03	+3.866e+03	+9.980e+03	+0.384
39.300	+2.765e+03	+7.916e+03	+9.874e+03	+0.741
39.400	+2.487e+03	+7.015e+03	+1.099e+04	+0.738
39.500	+3.817e+03	+6.087e+03	+1.022e+04	+0.615
39.600	+2.702e+03	+6.110e+03	+1.088e+04	+0.693
39.700	+4.221e+03	+7.114e+03	+9.676e+03	+0.628
39.800	+7.493e+03	+2.366e+03	+8.904e+03	+0.240
39.900	+6.056e+03	+3.319e+03	+1.062e+04	+0.354
40.000	+6.514e+03	+2.269e+03	+9.368e+03	+0.258
40.100	+7.905e+03	+1.351e+03	+1.110e+04	+0.146
40.200	+7.706e+03	+3.156e+03	+1.051e+04	+0.291
40.300	+6.860e+03	+3.581e+03	+1.102e+04	+0.343
40.400	+8.017e+03	+3.230e+03	+1.002e+04	+0.287
40.500	+8.738e+03	+3.085e+03	+9.198e+03	+0.261
40.600	+8.399e+03	+3.898e+03	+9.447e+03	+0.317
40.700	+7.030e+03	+2.200e+03	+1.094e+04	+0.238
40.800	+8.396e+03	+3.581e+03	+8.091e+03	+0.299
40.900	+7.181e+03	+3.025e+03	+1.084e+04	+0.296
41.000	+7.296e+03	+2.685e+03	+9.362e+03	+0.269
41.100	+6.808e+03	+3.199e+03	+9.790e+03	+0.320
41.200	+6.138e+03	+4.048e+02	+1.076e+04	+0.062
41.300	+6.531e+03	+3.097e+03	+9.679e+03	+0.322
41.400	+6.773e+03	+2.500e+03	+1.094e+04	+0.270
41.500	+6.361e+03	+2.864e+03	+1.004e+04	+0.310
41.600	+6.939e+03	+4.141e+03	+1.042e+04	+0.374
41.700	+7.461e+03	+1.867e+03	+1.003e+04	+0.200
41.800	+6.277e+03	+3.267e+03	+9.394e+03	+0.342
41.900	+5.347e+03	+5.475e+03	+9.373e+03	+0.506
42.000	+2.079e+03	+6.897e+03	+8.899e+03	+0.768
42.100	+3.847e+03	+7.272e+03	+8.633e+03	+0.654
42.200	+3.852e+03	+8.210e+03	+9.654e+03	+0.681
42.300	+2.271e+03	+7.572e+03	+9.261e+03	+0.769
42.400	+1.558e+03	+6.596e+03	+1.109e+04	+0.809
42.500	+1.856e+03	+7.041e+03	+9.201e+03	+0.791
42.600	+3.817e+03	+8.338e+03	+9.288e+03	+0.686
42.700	+3.345e+03	+7.160e+03	+9.216e+03	+0.682
42.800	+5.858e+03	+4.288e+03	+1.003e+04	+0.423
42.900	+7.320e+03	+2.561e+03	+1.039e+04	+0.259
43.000	+2.759e+03	+5.870e+03	+8.923e+03	+0.680
43.100	+3.490e+03	+5.035e+03	+1.027e+04	+0.591
43.200	+2.655e+03	+7.975e+03	+1.062e+04	+0.750
43.300	+3.094e+03	+6.328e+03	+1.122e+04	+0.672
43.400	+3.670e+03	+6.906e+03	+8.941e+03	+0.653
43.500	+2.875e+03	+6.374e+03	+9.666e+03	+0.689
43.600	+1.220e+03	+8.226e+03	+8.982e+03	+0.871
43.700	+5.353e+03	+5.468e+03	+1.003e+04	+0.505
43.800	+7.068e+03	+2.652e+03	+9.221e+03	+0.273
43.900	+5.910e+03	+2.488e+03	+9.950e+03	+0.296
44.000	+3.837e+03	+5.101e+03	+9.111e+03	+0.571
44.100	+6.792e+03	+3.406e+03	+1.074e+04	+0.334
44.200	+6.771e+03	+2.058e+03	+1.046e+04	+0.233
44.300	+7.710e+03	+1.596e+03	+9.641e+03	+0.171
44.400	+3.779e+03	+5.449e+03	+9.511e+03	+0.590
44.500	+2.683e+03	+6.677e+03	+9.534e+03	+0.713
44.600	+2.450e+03	+7.356e+03	+1.053e+04	+0.750
44.700	+3.928e+03	+9.010e+03	+1.051e+04	+0.696
44.800	+2.552e+03	+7.367e+03	+1.139e+04	+0.743
44.900	+4.543e+03	+6.727e+03	+1.009e+04	+0.597
45.000	+4.940e+03	+5.978e+03	+1.169e+04	+0.548
45.100	+3.632e+03	+7.465e+03	+9.725e+03	+0.673
45.200	+3.114e+03	+7.100e+03	+1.007e+04	+0.695
45.300	+2.068e+03	+8.135e+03	+9.584e+03	+0.797
45.400	+2.177e+03	+7.310e+03	+1.001e+04	+0.771
45.500	+1.520e+03	+6.037e+03	+1.081e+04	+0.799
45.600	+1.784e+03	+6.721e+03	+1.026e+04	+0.790
45.700	+2.341e+03	+5.622e+03	+1.226e+04	+0.706
45.800	+3.848e+03	+8.201e+03	+1.090e+04	+0.681
45.900	+2.258e+03	+7.011e+03	+9.467e+03	+0.756
46.000	+2.349e+03	+6.828e+03	+1.033e+04	+0.744
46.100	+3.227e+03	+7.421e+03	+9.698e+03	+0.697
46.200	+1.962e+03	+6.140e+03	+1.019e+04	+0.758
46.300	+1.714e+03	+7.766e+03	+1.071e+04	+0.819
46.400	+2.855e+03	+5.652e+03	+9.125e+03	+0.664
46.500	+3.920e+03	+6.835e+03	+1.138e+04	+0.635
46.600	+5.874e+03	+1.817e+03	+1.089e+04	+0.236
46.700	+7.403e+03	+2.952e+03	+9.889e+03	+0.285
46.800	+3.196e+03	+7.434e+03	+9.938e+03	+0.699
46.900	+2.841e+03	+5.404e+03	+1.077e+04	+0.655
47.000	+3.005e+03	+8.716e+03	+9.542e+03	+0.744
47.100	+1.877e+03	+5.774e+03	+1.025e+04	+0.755
47.200	+4.125e+03	+5.782e+03	+1.086e+04	+0.584
47.300	+3.203e+03	+5.886e+03	+9.477e+03	+0.648
47.400	+3.932e+03	+7.062e+03	+1.026e+04	+0.642
47.500	+2.908e+03	+6.941e+03	+1.009e+04	+0.705
47.600	+3.033e+03	+7.001e+03	+1.046e+04	+0.698
47.700	+3.909e+03	+7.297e+03	+9.494e+03	+0.651
47.800	+2.740e+03	+6.418e+03	+9.826e+03	+0.701
47.900	+2.826e+03	+6.637e+03	+9.466e+03	+0.701
48.000	+8.198e+03	+2.222e+03	+1.132e+04	+0.213
48.100	+4.894e+03	+6.017e+03	+9.873e+03	+0.551
48.200	+2.669e+03	+8.330e+03	+8.970e+03	+0.757
48.300	+2.389e+03	+7.868e+03	+1.032e+04	+0.767
48.400	+3.431e+03	+6.801e+03	+8.772e+03	+0.665
48.500	+4.396e+03	+6.264e+03	+8.712e+03	+0.588
48.600	+3.424e+03	+6.831e+03	+9.824e+03	+0.666
48.700	+3.303e+03	+7.875e+03	+9.472e+03	+0.705
48.800	+3.584e+03	+6.879e+03	+1.012e+04	+0.657
48.900	+1.175e+03	+7.681e+03	+1.041e+04	+0.867
49.000	+1.642e+03	+6.604e+03	+1.020e+04	+0.801
49.100	+4.690e+03	+6.065e+03	+9.845e+03	+0.564
49.200	+4.426e+03	+8.638e+03	+1.076e+04	+0.661
49.300	+3.702e+03	+8.036e+03	+9.689e+03	+0.685
49.400	+1.630e+03	+7.938e+03	+1.106e+04	+0.830
49.500	+4.208e+03	+7.190e+03	+9.226e+03	+0.631
49.600	+2.657e+03	+5.720e+03	+8.489e+03	+0.683
49.700	+1.815e+03	+5.146e+03	+1.025e+04	+0.739
49.800	+3.229e+03	+6.156e+03	+1.056e+04	+0.656
49.900	+2.791e+03	+7.999e+03	+1.082e+04	+0.741
50.000	+3.218e+03	+9.036e+03	+1.077e+04	+0.737
50.100	+6.311e+03	+4.264e+03	+9.493e+03	+0.403
50.200	+7.956e+03	+2.937e+03	+1.125e+04	+0.270
50.300	+5.946e+03	+3.291e+03	+1.033e+04	+0.356
50.400	+6.297e+03	+2.591e+03	+1.099e+04	+0.292
50.500	+7.190e+03	+3.470e+03	+1.034e+04	+0.326
50.600	+6.345e+03	+3.037e+03	+1.053e+04	+0.324
50.700	+9.226e+03	+3.606e+03	+1.065e+04	+0.281
50.800	+6.382e+03	+2.079e+03	+9.292e+03	+0.246
50.900	+8.125e+03	+3.470e+03	+9.485e+03	+0.299
51.000	+6.786e+03	+1.259e+03	+9.203e+03	+0.156
51.100	+5.321e+03	+5.657e+03	+9.716e+03	+0.515
51.200	+2.780e+03	+5.959e+03	+9.789e+03	+0.682
51.300	+3.885e+03	+7.989e+03	+1.019e+04	+0.673
51.400	+1.207e+03	+7.833e+03	+9.268e+03	+0.867
51.500	+4.051e+03	+7.193e+03	+1.001e+04	+0.640
51.600	+3.743e+03	+7.645e+03	+9.331e+03	+0.671
51.700	+4.968e+03	+6.518e+03	+9.654e+03	+0.567
51.800	+3.062e+03	+5.901e+03	+8.959e+03	+0.658
51.900	+2.897e+03	+6.987e+03	+1.078e+04	+0.707
52.000	+8.037e+03	+1.992e+03	+1.010e+04	+0.199
52.100	+3.745e+03	+6.351e+03	+1.017e+04	+0.629
52.200	+7.155e+03	+2.784e+03	+8.302e+03	+0.280
52.300	+6.200e+03	+3.491e+03	+1.023e+04	+0.360
52.400	+6.281e+03	+3.284e+03	+8.846e+03	+0.343
52.500	+7.225e+03	+1.500e+03	+9.730e+03	+0.172
52.600	+6.579e+03	+1.274e+03	+9.676e+03	+0.162
52.700	+5.884e+03	+2.273e+03	+1.050e+04	+0.279
52.800	+5.818e+03	+2.746e+03	+9.723e+03	+0.321
52.900	+7.843e+03	+3.930e+03	+9.925e+03	+0.334
53.000	+6.035e+03	+3.110e+03	+1.017e+04	+0.340
53.100	+5.815e+03	+3.705e+03	+9.443e+03	+0.389
53.200	+6.760e+03	+3.287e+03	+1.090e+04	+0.327
53.300	+7.523e+03	+3.856e+03	+1.054e+04	+0.339
53.400	+6.954e+03	+3.481e+03	+1.097e+04	+0.334
53.500	+8.015e+03	+1.867e+03	+1.088e+04	+0.189
53.600	+8.431e+03	+2.421e+03	+1.119e+04	+0.223
53.700	+5.186e+03	+6.440e+03	+1.102e+04	+0.554
53.800	+2.864e+03	+8.630e+03	+1.075e+04	+0.751
53.900	+2.962e+03	+6.021e+03	+9.815e+03	+0.670
54.000	+4.295e+03	+6.772e+03	+8.933e+03	+0.612
54.100	+2.810e+03	+6.272e+03	+1.013e+04	+0.691
54.200	+2.707e+03	+6.381e+03	+1.155e+04	+0.702
54.300	+3.582e+03	+5.385e+03	+1.040e+04	+0.601
54.400	+6.196e+03	+2.903e+03	+8.639e+03	+0.319
54.500	+7.023e+03	+2.013e+03	+9.493e+03	+0.223
54.600	+7.351e+03	+3.817e+03	+1.021e+04	+0.342
54.700	+6.207e+03	+3.962e+03	+9.887e+03	+0.390
54.800	+8.197e+03	+4.123e+03	+9.433e+03	+0.335
54.900	+5.879e+03	+3.105e+03	+1.017e+04	+0.346
55.000	+7.069e+03	+3.593e+03	+9.620e+03	+0.337
55.100	+3.564e+03	+5.753e+03	+9.707e+03	+0.617
55.200	+3.532e+03	+7.898e+03	+8.448e+03	+0.691
55.300	+4.211e+03	+6.700e+03	+9.562e+03	+0.614
55.400	+3.474e+03	+5.815e+03	+1.115e+04	+0.626
55.500	+2.586e+03	+7.418e+03	+1.147e+04	+0.741
55.600	+3.299e+03	+8.691e+03	+1.036e+04	+0.725
55.700	+2.483e+03	+7.075e+03	+9.242e+03	+0.740
55.800	+4.199e+03	+5.993e+03	+1.133e+04	+0.588
55.900	+1.536e+03	+6.659e+03	+1.031e+04	+0.813
56.000	+3.394e+03	+8.116e+03	+1.080e+04	+0.705
56.100	+4.421e+03	+5.904e+03	+9.808e+03	+0.572
56.200	+3.407e+03	+7.580e+03	+1.006e+04	+0.690
56.300	+3.796e+03	+6.765e+03	+1.042e+04	+0.641
56.400	+3.454e+03	+6.926e+03	+9.842e+03	+0.667
56.500	+3.619e+03	+6.675e+03	+1.032e+04	+0.648
56.600	+3.868e+03	+6.111e+03	+9.261e+03	+0.612
56.700	+2.498e+03	+7.342e+03	+1.082e+04	+0.746
56.800	+2.344e+03	+7.154e+03	+9.550e+03	+0.753
56.900	+1.050e+03	+6.169e+03	+9.807e+03	+0.855
57.000	+2.226e+03	+7.446e+03	+1.015e+04	+0.770
57.100	+2.016e+03	+6.091e+03	+9.296e+03	+0.751
57.200	+3.088e+03	+7.098e+03	+1.030e+04	+0.697
57.300	+3.867e+03	+7.738e+03	+1.003e+04	+0.667
57.400	+3.896e+03	+7.109e+03	+8.468e+03	+0.646
57.500	+3.076e+03	+6.823e+03	+9.745e+03	+0.689
57.600	+3.465e+03	+6.981e+03	+1.033e+04	+0.668
57.700	+3.675e+03	+6.578e+03	+9.704e+03	+0.642
57.800	+4.222e+03	+6.811e+03	+8.727e+03	+0.617
57.900	+3.186e+03	+7.641e+03	+8.844e+03	+0.706
58.000	+4.006e+03	+6.593e+03	+1.023e+04	+0.622
58.100	+8.227e+03	+3.946e+03	+9.955e+03	+0.324
58.200	+6.993e+03	+3.461e+03	+8.631e+03	+0.331
58.300	+7.968e+03	+2.755e+03	+9.195e+03	+0.257
58.400	+3.871e+03	+5.314e+03	+9.495e+03	+0.579
58.500	+2.431e+03	+7.238e+03	+9.887e+03	+0.749
58.600	+1.584e+03	+7.567e+03	+9.659e+03	+0.827
58.700	+2.249e+03	+7.770e+03	+9.949e+03	+0.776
58.800	+3.112e+03	+7.822e+03	+1.087e+04	+0.715
58.900	+2.732e+03	+6.324e+03	+1.004e+04	+0.698
59.000	+4.387e+03	+6.018e+03	+1.048e+04	+0.578
59.100	+6.190e+03	+2.173e+03	+8.917e+03	+0.260
59.200	+6.628e+03	+2.959e+03	+1.072e+04	+0.309
59.300	+7.630e+03	+3.985e+03	+1.103e+04	+0.343
59.400	+6.551e+03	+3.532e+03	+1.025e+04	+0.350
59.500	+5.847e+03	+3.361e+03	+9.465e+03	+0.365
59.600	+4.042e+03	+4.836e+03	+1.045e+04	+0.545
59.700	+1.858e+03	+7.808e+03	+1.100e+04	+0.808
59.800	+2.348e+03	+7.198e+03	+1.057e+04	+0.754
59.900	+3.260e+03	+6.644e+03	+1.038e+04	+0.671
60.000	+4.087e+03	+6.128e+03	+1.029e+04	+0.600
60.100	+2.396e+03	+7.529e+03	+1.045e+04	+0.759
60.200	+2.158e+03	+7.638e+03	+1.059e+04	+0.780
60.300	+4.991e+03	+7.077e+03	+1.072e+04	+0.586
60.400	+2.427e+03	+7.467e+03	+1.007e+04	+0.755
60.500	+2.809e+03	+6.767e+03	+1.043e+04	+0.707
60.600	+2.271e+03	+7.574e+03	+9.562e+03	+0.769
60.700	+3.240e+03	+5.941e+03	+8.474e+03	+0.647
60.800	+4.071e+03	+7.499e+03	+1.047e+04	+0.648
60.900	+2.592e+03	+8.518e+03	+9.264e+03	+0.767
61.000	+3.131e+03	+6.837e+03	+1.021e+04	+0.686
61.100	+3.004e+03	+7.025e+03	+1.230e+04	+0.700
61.200	+3.153e+03	+6.613e+03	+1.068e+04	+0.677
61.300	+2.174e+03	+6.431e+03	+1.080e+04	+0.747
61.400	+3.937e+03	+5.722e+03	+9.782e+03	+0.592
61.500	+3.044e+03	+7.943e+03	+8.667e+03	+0.723
61.600	+2.194e+03	+7.714e+03	+1.078e+04	+0.779
61.700	+2.729e+03	+6.038e+03	+1.046e+04	+0.689
61.800	+2.370e+03	+6.928e+03	+1.045e+04	+0.745
61.900	+3.491e+03	+6.525e+03	+1.028e+04	+0.652
62.000	+2.278e+03	+7.608e+03	+1.002e+04	+0.770
62.100	+3.438e+03	+7.618e+03	+9.989e+03	+0.689
62.200	+1.036e+03	+7.349e+03	+1.057e+04	+0.876
62.300	+5.952e+03	+4.272e+03	+8.559e+03	+0.418
62.400	+6.463e+03	+4.375e+03	+9.270e+03	+0.404
62.500	+6.979e+03	+3.717e+03	+1.049e+04	+0.347
62.600	+7.469e+03	+2.169e+03	+1.027e+04	+0.225
62.700	+6.673e+03	+2.639e+03	+8.614e+03	+0.283
62.800	+7.178e+03	+2.599e+03	+1.101e+04	+0.266
62.900	+6.151e+03	+3.631e+03	+1.075e+04	+0.371
63.000	+8.337e+03	+1.649e+03	+1.051e+04	+0.165
63.100	+8.583e+03	+2.637e+03	+9.400e+03	+0.235
63.200	+7.572e+03	+2.827e+03	+8.915e+03	+0.272
63.300	+6.332e+03	+3.548e+03	+9.227e+03	+0.359
63.400	+7.958e+03	+2.133e+03	+9.933e+03	+0.211
63.500	+6.813e+03	+3.090e+03	+9.315e+03	+0.312
63.600	+2.470e+03	+6.032e+03	+9.403e+03	+0.709
63.700	+2.620e+03	+6.514e+03	+8.492e+03	+0.713
63.800	+1.651e+03	+6.644e+03	+1.074e+04	+0.801
63.900	+2.205e+03	+6.446e+03	+9.381e+03	+0.745
64.000	+2.986e+03	+6.950e+03	+9.788e+03	+0.699
64.100	+2.993e+03	+7.165e+03	+1.146e+04	+0.705
64.200	+2.999e+03	+7.353e+03	+9.774e+03	+0.710
64.300	+3.279e+03	+7.346e+03	+9.987e+03	+0.691
64.400	+2.576e+03	+7.402e+03	+9.848e+03	+0.742
64.500	+3.555e+03	+6.442e+03	+9.877e+03	+0.644
64.600	+1.977e+03	+6.837e+03	+9.907e+03	+0.776
64.700	+3.211e+03	+5.905e+03	+9.836e+03	+0.648
64.800	+3.513e+03	+6.138e+03	+9.653e+03	+0.636
64.900	+9.716e+02	+7.586e+03	+1.204e+04	+0.886
65.000	+2.248e+03	+5.758e+03	+1.271e+04	+0.719
65.100	+3.714e+03	+7.406e+03	+9.250e+03	+0.666
65.200	+3.418e+03	+6.505e+03	+9.670e+03	+0.656
65.300	+3.616e+03	+6.319e+03	+8.160e+03	+0.636
65.400	+2.023e+03	+7.439e+03	+1.030e+04	+0.786
65.500	+1.612e+03	+6.510e+03	+1.065e+04	+0.802
65.600	+2.670e+03	+7.208e+03	+1.069e+04	+0.730
65.700	+3.612e+03	+7.765e+03	+1.012e+04	+0.683
65.800	+4.019e+03	+6.900e+03	+8.974e+03	+0.632
65.900	+2.450e+03	+7.278e+03	+1.060e+04	+0.748
66.000	+3.292e+03	+5.911e+03	+1.035e+04	+0.642
66.100	+2.345e+03	+6.319e+03	+1.004e+04	+0.729
66.200	+2.656e+03	+7.706e+03	+9.981e+03	+0.744
66.300	+2.968e+03	+7.315e+03	+1.014e+04	+0.711
66.400	+3.111e+03	+7.933e+03	+1.064e+04	+0.718
66.500	+3.205e+03	+6.583e+03	+1.078e+04	+0.673
66.600	+3.201e+03	+6.921e+03	+1.026e+04	+0.684
66.700	+1.550e+03	+7.755e+03	+9.549e+03	+0.833
66.800	+2.980e+03	+7.598e+03	+1.115e+04	+0.718
66.900	+2.464e+03	+5.389e+03	+1.068e+04	+0.686
67.000	+1.293e+03	+5.864e+03	+9.946e+03	+0.819
67.100	+2.810e+03	+6.656e+03	+1.165e+04	+0.703
67.200	+2.295e+03	+5.829e+03	+9.222e+03	+0.718
67.300	+3.674e+03	+7.622e+03	+1.045e+04	+0.675
67.400	+3.840e+03	+5.786e+03	+9.590e+03	+0.601
67.500	+2.537e+03	+8.093e+03	+1.169e+04	+0.761
67.600	+3.609e+03	+7.658e+03	+8.767e+03	+0.680
67.700	+1.101e+03	+6.666e+03	+1.083e+04	+0.858
67.800	+1.692e+03	+6.470e+03	+1.078e+04	+0.793
67.900	+4.624e+03	+6.598e+03	+9.506e+03	+0.588
68.000	+3.520e+03	+6.117e+03	+8.201e+03	+0.635
68.100	+2.995e+03	+6.384e+03	+9.401e+03	+0.681
68.200	+3.101e+03	+8.686e+03	+9.499e+03	+0.737
68.300	+3.948e+03	+7.456e+03	+1.080e+04	+0.654
68.400	+2.698e+03	+5.972e+03	+9.818e+03	+0.689
68.500	+2.682e+03	+7.630e+03	+1.024e+04	+0.740
68.600	+3.608e+03	+7.425e+03	+9.242e+03	+0.673
68.700	+1.796e+03	+5.849e+03	+9.833e+03	+0.765
68.800	+3.973e+03	+6.925e+03	+1.024e+04	+0.635
68.900	+2.342e+03	+7.149e+03	+9.827e+03	+0.753
69.000	+2.184e+03	+9.147e+03	+9.728e+03	+0.807
69.100	+3.432e+03	+5.501e+03	+8.811e+03	+0.616
69.200	+2.265e+03	+7.231e+03	+1.067e+04	+0.762
69.300	+3.064e+03	+8.144e+03	+8.885e+03	+0.727
69.400	+1.769e+03	+7.716e+03	+1.017e+04	+0.814
69.500	+2.562e+03	+6.039e+03	+1.101e+04	+0.702
69.600	+3.654e+03	+6.249e+03	+9.098e+03	+0.631
69.700	+1.936e+03	+5.941e+03	+1.017e+04	+0.754
69.800	+2.528e+03	+6.857e+03	+9.646e+03	+0.731
69.900	+2.150e+03	+5.494e+03	+9.317e+03	+0.719
70.000	+1.790e+03	+7.255e+03	+9.352e+03	+0.802
70.100	+4.075e+03	+6.152e+03	+9.685e+03	+0.602
70.200	+2.058e+03	+8.324e+03	+8.600e+03	+0.802
70.300	+3.269e+03	+7.639e+03	+1.063e+04	+0.700
70.400	+3.390e+03	+5.416e+03	+9.847e+03	+0.615
70.500	+2.786e+03	+6.842e+03	+7.891e+03	+0.711
70.600	+3.562e+03	+6.166e+03	+1.062e+04	+0.634
70.700	+2.985e+03	+7.549e+03	+1.159e+04	+0.717
70.800	+2.720e+03	+7.588e+03	+9.987e+03	+0.736
70.900	+1.986e+03	+6.467e+03	+1.046e+04	+0.765
71.000	+3.142e+03	+7.121e+03	+9.159e+03	+0.694
71.100	+3.593e+03	+6.477e+03	+8.998e+03	+0.643
71.200	+2.031e+03	+5.979e+03	+1.015e+04	+0.746
71.300	+4.223e+03	+6.261e+03	+9.868e+03	+0.597
71.400	+2.403e+03	+7.766e+03	+1.018e+04	+0.764
71.500	+3.521e+03	+8.680e+03	+9.228e+03	+0.711
71.600	+2.054e+03	+5.699e+03	+1.029e+04	+0.735
71.700	+3.260e+03	+8.361e+03	+1.091e+04	+0.719
71.800	+4.168e+03	+6.268e+03	+1.076e+04	+0.601
71.900	+6.957e+03	+3.239e+03	+9.853e+03	+0.318
72.000	+8.016e+03	+3.362e+03	+9.974e+03	+0.295
72.100	+7.073e+03	+3.540e+03	+1.023e+04	+0.334
72.200	+6.845e+03	+2.814e+03	+1.088e+04	+0.291
72.300	+7.073e+03	+4.337e+03	+1.137e+04	+0.380
72.400	+8.042e+03	+3.028e+03	+1.116e+04	+0.274
72.500	+7.092e+03	+3.380e+03	+9.761e+03	+0.323
72.600	+7.436e+03	+2.569e+03	+7.839e+03	+0.257
72.700	+7.271e+03	+3.856e+03	+9.006e+03	+0.347
72.800	+6.629e+03	+2.371e+03	+1.069e+04	+0.263
72.900	+6.949e+03	+3.290e+03	+9.485e+03	+0.321
73.000	+4.760e+03	+3.630e+03	+9.674e+03	+0.433
73.100	+7.310e+03	+2.285e+03	+1.031e+04	+0.238
73.200	+5.357e+03	+4.343e+03	+9.988e+03	+0.448
73.300	+1.549e+03	+6.011e+03	+9.797e+03	+0.795
73.400	+3.761e+03	+6.020e+03	+9.827e+03	+0.615
73.500	+4.067e+03	+6.146e+03	+9.960e+03	+0.602
73.600	+2.649e+03	+7.094e+03	+9.720e+03	+0.728
73.700	+3.170e+03	+5.811e+03	+9.816e+03	+0.647
73.800	+2.060e+03	+6.608e+03	+9.482e+03	+0.762
73.900	+3.496e+03	+7.940e+03	+9.238e+03	+0.694
74.000	+2.773e+03	+7.282e+03	+1.106e+04	+0.724
74.100	+3.334e+03	+7.881e+03	+9.737e+03	+0.703
74.200	+2.685e+03	+7.136e+03	+9.611e+03	+0.727
74.300	+2.717e+03	+6.871e+03	+1.030e+04	+0.717
74.400	+2.474e+03	+6.983e+03	+1.061e+04	+0.738
74.500	+3.049e+03	+7.924e+03	+1.164e+04	+0.722
74.600	+3.126e+03	+7.725e+03	+1.095e+04	+0.712
74.700	+3.168e+03	+6.476e+03	+9.057e+03	+0.672
74.800	+2.329e+03	+6.479e+03	+1.119e+04	+0.736
74.900	+4.023e+03	+6.401e+03	+9.995e+03	+0.614
75.000	+3.096e+03	+5.532e+03	+1.121e+04	+0.641
75.100	+3.045e+03	+6.746e+03	+9.070e+03	+0.689
75.200	+2.848e+03	+6.899e+03	+1.046e+04	+0.708
75.300	+3.320e+03	+8.646e+03	+1.081e+04	+0.723
75.400	+2.649e+03	+7.895e+03	+1.008e+04	+0.749
75.500	+2.982e+03	+8.021e+03	+9.180e+03	+0.729
75.600	+2.673e+03	+7.646e+03	+9.350e+03	+0.741
75.700	+3.036e+03	+8.212e+03	+9.217e+03	+0.730
75.800	+3.362e+03	+7.006e+03	+1.045e+04	+0.676
75.900	+3.086e+03	+6.007e+03	+8.770e+03	+0.661
76.000	+3.092e+03	+5.888e+03	+1.064e+04	+0.656
76.100	+3.326e+03	+7.158e+03	+9.874e+03	+0.683
76.200	+4.570e+03	+6.171e+03	+1.068e+04	+0.575
76.300	+2.165e+03	+6.908e+03	+9.847e+03	+0.761
76.400	+3.970e+03	+7.175e+03	+9.976e+03	+0.644
76.500	+2.559e+03	+7.671e+03	+9.720e+03	+0.750
76.600	+3.005e+03	+6.671e+03	+1.027e+04	+0.689
76.700	+2.318e+03	+6.800e+03	+9.721e+03	+0.746
76.800	+3.667e+03	+6.709e+03	+1.035e+04	+0.647
76.900	+1.931e+02	+8.268e+03	+1.061e+04	+0.977
77.000	+2.660e+03	+7.269e+03	+8.676e+03	+0.732
77.100	+3.413e+03	+6.446e+03	+9.265e+03	+0.654
77.200	+4.320e+03	+6.020e+03	+1.055e+04	+0.582
77.300	+3.639e+03	+6.437e+03	+1.008e+04	+0.639
77.400	+3.872e+03	+8.019e+03	+1.140e+04	+0.674
77.500	+3.910e+03	+6.721e+03	+9.230e+03	+0.632
77.600	+1.948e+03	+8.365e+03	+1.002e+04	+0.811
77.700	+3.012e+03	+7.352e+03	+1.014e+04	+0.709
77.800	+3.881e+03	+6.787e+03	+9.408e+03	+0.636
77.900	+3.432e+03	+4.580e+03	+9.530e+03	+0.572
78.000	+4.596e+03	+5.971e+03	+7.892e+03	+0.565
78.100	+2.040e+03	+7.412e+03	+9.259e+03	+0.784
78.200	+3.476e+03	+6.306e+03	+8.988e+03	+0.645
78.300	+2.767e+03	+8.806e+03	+9.904e+03	+0.761
78.400	+1.226e+03	+6.323e+03	+9.278e+03	+0.838
78.500	+5.328e+03	+4.241e+03	+9.736e+03	+0.443
78.600	+6.978e+03	+2.204e+03	+9.261e+03	+0.240
78.700	+7.146e+03	+3.859e+03	+9.830e+03	+0.351
78.800	+8.341e+03	+3.315e+03	+1.056e+04	+0.284
78.900	+7.793e+03	+3.215e+03	+1.002e+04	+0.292
79.000	+8.046e+03	+2.538e+03	+1.051e+04	+0.240
79.100	+7.627e+03	+3.284e+03	+1.023e+04	+0.301
79.200	+6.315e+03	+3.016e+03	+9.885e+03	+0.323
79.300	+4.256e+03	+3.320e+03	+9.784e+03	+0.438
79.400	+7.592e+03	+4.059e+03	+1.189e+04	+0.348
79.500	+6.277e+03	+3.546e+03	+9.435e+03	+0.361
79.600	+7.022e+03	+2.988e+03	+1.042e+04	+0.298
79.700	+6.676e+03	+2.498e+03	+8.542e+03	+0.272
79.800	+6.341e+03	+2.017e+03	+9.822e+03	+0.241
79.900	+7.270e+03	+3.975e+03	+9.444e+03	+0.353
80.000	+7.693e+03	+3.260e+03	+7.598e+03	+0.298
80.100	+7.058e+03	+3.358e+03	+9.858e+03	+0.322
80.200	+6.106e+03	+3.560e+03	+8.607e+03	+0.368
80.300	+7.375e+03	+4.037e+03	+8.379e+03	+0.354
80.400	+6.869e+03	+3.226e+03	+9.287e+03	+0.320
80.500	+6.748e+03	+2.997e+03	+9.880e+03	+0.308
80.600	+6.394e+03	+2.150e+03	+1.113e+04	+0.252
80.700	+6.952e+03	+3.805e+03	+9.546e+03	+0.354
80.800	+8.137e+03	+2.248e+03	+9.608e+03	+0.216
80.900	+7.604e+03	+1.411e+03	+1.130e+04	+0.156
81.000	+7.528e+03	+3.983e+03	+9.900e+03	+0.346
81.100	+6.405e+03	+3.520e+03	+8.456e+03	+0.355
81.200	+9.087e+03	+3.622e+03	+8.089e+03	+0.285
81.300	+7.133e+03	+2.526e+03	+1.151e+04	+0.262
81.400	+6.912e+03	+4.283e+03	+1.190e+04	+0.383
81.500	+6.786e+03	+3.798e+03	+1.037e+04	+0.359
81.600	+8.101e+03	+2.064e+03	+1.004e+04	+0.203
81.700	+7.488e+03	+3.197e+03	+1.064e+04	+0.299
81.800	+7.090e+03	+3.214e+03	+1.041e+04	+0.312
81.900	+8.583e+03	+2.588e+03	+8.966e+03	+0.232
82.000	+8.620e+03	+2.792e+03	+9.742e+03	+0.245
82.100	+7.317e+03	+3.383e+03	+9.885e+03	+0.316
82.200	+7.509e+03	+2.829e+03	+1.044e+04	+0.274
82.300	+6.320e+03	+1.578e+03	+9.450e+03	+0.200
82.400	+7.484e+03	+2.598e+03	+1.038e+04	+0.258
82.500	+7.238e+03	+2.839e+03	+9.181e+03	+0.282
82.600	+7.509e+03	+3.693e+03	+1.050e+04	+0.330
82.700	+8.643e+03	+2.477e+03	+8.335e+03	+0.223
82.800	+7.583e+03	+1.927e+03	+1.087e+04	+0.203
82.900	+6.452e+03	+1.962e+03	+9.589e+03	+0.233
83.000	+5.546e+03	+2.123e+03	+9.166e+03	+0.277
83.100	+7.728e+03	+3.044e+03	+1.160e+04	+0.283
83.200	+7.199e+03	+3.477e+03	+9.642e+03	+0.326
83.300	+7.154e+03	+4.025e+03	+1.004e+04	+0.360
83.400	+6.439e+03	+2.444e+03	+1.021e+04	+0.275
83.500	+8.113e+03	+3.049e+03	+9.585e+03	+0.273
83.600	+5.970e+03	+9.428e+02	+9.135e+03	+0.136
83.700	+7.562e+03	+3.470e+03	+9.171e+03	+0.315
83.800	+6.870e+03	+4.403e+03	+1.096e+04	+0.391
83.900	+6.292e+03	+3.128e+03	+8.882e+03	+0.332
84.000	+7.533e+03	+2.191e+03	+9.427e+03	+0.225
84.100	+8.133e+03	+3.019e+03	+9.595e+03	+0.271
84.200	+5.479e+03	+4.529e+03	+1.007e+04	+0.453
84.300	+4.150e+03	+5.245e+03	+9.564e+03	+0.558
84.400	+2.568e+03	+5.886e+03	+1.043e+04	+0.696
84.500	+2.881e+03	+7.777e+03	+9.660e+03	+0.730
84.600	+1.474e+03	+7.629e+03	+9.651e+03	+0.838
84.700	+3.539e+03	+7.378e+03	+1.033e+04	+0.676
84.800	+2.943e+03	+6.003e+03	+1.058e+04	+0.671
84.900	+1.486e+03	+7.200e+03	+9.565e+03	+0.829
85.000	+2.338e+03	+9.101e+03	+1.104e+04	+0.796
85.100	+4.008e+03	+7.221e+03	+1.020e+04	+0.643
85.200	+3.698e+03	+7.634e+03	+1.115e+04	+0.674
85.300	+3.433e+03	+6.643e+03	+1.056e+04	+0.659
85.400	+6.136e+03	+2.603e+03	+1.158e+04	+0.298
85.500	+8.087e+03	+2.121e+03	+1.194e+04	+0.208
85.600	+6.801e+03	+1.585e+03	+1.090e+04	+0.189
85.700	+8.195e+03	+4.293e+03	+1.027e+04	+0.344
85.800	+3.073e+03	+6.339e+03	+1.174e+04	+0.674
85.900	+1.979e+03	+6.053e+03	+1.102e+04	+0.754
86.000	+2.274e+03	+8.204e+03	+9.615e+03	+0.783
86.100	+2.949e+03	+6.986e+03	+1.024e+04	+0.703
86.200	+2.384e+03	+5.174e+03	+6.796e+03	+0.685
86.300	+2.968e+03	+9.316e+03	+9.020e+03	+0.758
86.400	+1.519e+03	+7.290e+03	+9.781e+03	+0.828
86.500	+3.256e+03	+8.675e+03	+7.746e+03	+0.727
86.600	+2.978e+03	+7.481e+03	+9.619e+03	+0.715
86.700	+4.451e+03	+8.587e+03	+9.839e+03	+0.659
86.800	+3.894e+03	+7.903e+03	+8.569e+03	+0.670
86.900	+3.595e+03	+7.422e+03	+1.072e+04	+0.674
87.000	+6.431e+03	+4.183e+03	+1.099e+04	+0.394
87.100	+6.421e+03	+2.055e+03	+9.660e+03	+0.242
87.200	+7.518e+03	+4.074e+03	+1.018e+04	+0.351
87.300	+6.881e+03	+1.362e+03	+1.112e+04	+0.165
87.400	+6.970e+03	+4.871e+03	+1.121e+04	+0.411
87.500	+6.798e+03	+1.748e+03	+1.085e+04	+0.205
87.600	+8.058e+03	+2.446e+03	+1.062e+04	+0.233
87.700	+7.316e+03	+4.349e+03	+1.165e+04	+0.373
87.800	+8.135e+03	+3.427e+03	+1.122e+04	+0.296
87.900	+7.570e+03	+3.168e+03	+8.779e+03	+0.295
88.000	+5.614e+03	+2.298e+03	+9.970e+03	+0.290
88.100	+6.914e+03	+2.963e+03	+1.014e+04	+0.300
88.200	+6.662e+03	+3.263e+03	+9.168e+03	+0.329
88.300	+6.093e+03	+3.110e+03	+9.261e+03	+0.338
88.400	+5.875e+03	+3.315e+03	+1.045e+04	+0.361
88.500	+6.750e+03	+2.560e+03	+9.703e+03	+0.275
88.600	+6.802e+03	+2.997e+03	+1.051e+04	+0.306
88.700	+2.743e+03	+6.736e+03	+8.506e+03	+0.711
88.800	+4.105e+03	+7.098e+03	+1.035e+04	+0.634
88.900	+3.035e+03	+7.373e+03	+1.040e+04	+0.708
89.000	+1.905e+03	+8.783e+03	+1.027e+04	+0.822
89.100	+4.155e+03	+6.865e+03	+1.003e+04	+0.623
89.200	+6.988e+03	+2.849e+03	+1.008e+04	+0.290
89.300	+5.520e+03	+1.904e+03	+9.097e+03	+0.256
89.400	+6.325e+03	+3.020e+03	+1.058e+04	+0.323
89.500	+6.307e+03	+3.839e+03	+9.727e+03	+0.378
89.600	+6.078e+03	+3.320e+03	+9.068e+03	+0.353
89.700	+6.732e+03	+2.165e+03	+9.581e+03	+0.243
89.800	+8.611e+03	+3.525e+03	+9.221e+03	+0.290
89.900	+7.799e+03	+2.219e+03	+1.237e+04	+0.221
90.000	+6.837e+03	+2.420e+03	+9.335e+03	+0.261
90.100	+3.882e+03	+7.125e+03	+1.026e+04	+0.647
90.200	+2.972e+03	+7.507e+03	+9.220e+03	+0.716
90.300	+5.196e+03	+6.927e+03	+1.134e+04	+0.571
90.400	+4.695e+03	+6.938e+03	+9.274e+03	+0.596
90.500	+1.949e+03	+6.611e+03	+8.795e+03	+0.772
90.600	+3.473e+03	+7.886e+03	+1.109e+04	+0.694
90.700	+2.749e+03	+7.138e+03	+1.062e+04	+0.722
90.800	+3.422e+03	+6.581e+03	+1.015e+04	+0.658
90.900	+3.958e+03	+6.526e+03	+8.522e+03	+0.622
91.000	+2.894e+03	+6.602e+03	+1.109e+04	+0.695
91.100	+1.654e+03	+6.708e+03	+1.018e+04	+0.802
91.200	+3.883e+03	+5.601e+03	+1.168e+04	+0.591
91.300	+2.960e+03	+7.268e+03	+1.069e+04	+0.711
91.400	+2.608e+03	+7.312e+03	+9.633e+03	+0.737
91.500	+7.172e+03	+2.239e+03	+8.772e+03	+0.238
91.600	+6.311e+03	+1.911e+03	+1.037e+04	+0.232
91.700	+7.144e+03	+2.910e+03	+1.006e+04	+0.289
91.800	+5.331e+03	+3.767e+03	+1.009e+04	+0.414
91.900	+5.921e+03	+2.593e+03	+1.202e+04	+0.305
92.000	+7.404e+03	+3.284e+03	+9.588e+03	+0.307
92.100	+5.823e+03	+3.859e+03	+9.149e+03	+0.399
92.200	+5.501e+03	+3.138e+03	+9.450e+03	+0.363
92.300	+7.327e+03	+2.901e+03	+9.592e+03	+0.284
92.400	+6.230e+03	+1.713e+03	+1.034e+04	+0.216
92.500	+6.948e+03	+3.123e+03	+8.802e+03	+0.310
92.600	+6.569e+03	+2.294e+03	+1.030e+04	+0.259
92.700	+5.848e+03	+2.834e+03	+9.898e+03	+0.326
92.800	+6.488e+03	+3.379e+03	+9.106e+03	+0.342
92.900	+6.456e+03	+2.723e+03	+9.731e+03	+0.297
93.000	+8.007e+03	+2.461e+03	+9.818e+03	+0.235
93.100	+7.772e+03	+3.624e+03	+1.068e+04	+0.318
93.200	+4.127e+03	+4.807e+03	+1.020e+04	+0.538
93.300	+1.367e+03	+7.429e+03	+9.841e+03	+0.845
93.400	+3.825e+03	+6.908e+03	+9.855e+03	+0.644
93.500	+3.679e+03	+7.149e+03	+9.955e+03	+0.660
93.600	+2.369e+03	+6.856e+03	+9.656e+03	+0.743
93.700	+2.483e+03	+7.377e+03	+1.014e+04	+0.748
93.800	+3.210e+03	+6.860e+03	+9.050e+03	+0.681
93.900	+3.073e+03	+6.199e+03	+9.203e+03	+0.669
94.000	+5.352e+03	+4.560e+03	+8.593e+03	+0.460
94.100	+7.567e+03	+1.662e+03	+9.920e+03	+0.180
94.200	+6.706e+03	+2.809e+03	+1.203e+04	+0.295
94.300	+7.084e+03	+3.469e+03	+1.007e+04	+0.329
94.400	+7.534e+03	+3.505e+03	+1.017e+04	+0.318
94.500	+6.883e+03	+2.322e+03	+1.189e+04	+0.252
94.600	+4.879e+03	+2.664e+03	+1.047e+04	+0.353
94.700	+3.251e+03	+6.501e+03	+9.602e+03	+0.667
94.800	+2.740e+03	+6.998e+03	+9.456e+03	+0.719
94.900	+2.741e+03	+7.389e+03	+1.000e+04	+0.729
95.000	+2.200e+03	+6.591e+03	+9.273e+03	+0.750
95.100	+5.377e+03	+5.567e+03	+9.190e+03	+0.509
95.200	+7.392e+03	+2.337e+03	+9.923e+03	+0.240
95.300	+7.952e+03	+4.422e+03	+1.091e+04	+0.357
95.400	+7.778e+03	+4.683e+03	+9.752e+03	+0.376
95.500	+7.352e+03	+1.754e+03	+1.094e+04	+0.193
95.600	+7.764e+03	+4.413e+03	+8.833e+03	+0.362
95.700	+6.063e+03	+1.726e+03	+9.522e+03	+0.222
95.800	+7.754e+03	+3.012e+03	+9.340e+03	+0.280
95.900	+7.158e+03	+4.099e+03	+1.109e+04	+0.364
96.000	+6.967e+03	+3.723e+03	+9.481e+03	+0.348
96.100	+7.548e+03	+4.201e+03	+8.686e+03	+0.358
96.200	+7.330e+03	+4.216e+03	+9.424e+03	+0.365
96.300	+7.310e+03	+3.820e+03	+8.658e+03	+0.343
96.400	+4.895e+03	+4.392e+03	+1.082e+04	+0.473
96.500	+4.678e+03	+4.388e+03	+1.059e+04	+0.484
96.600	+5.454e+03	+2.667e+03	+9.966e+03	+0.328
96.700	+5.934e+03	+3.163e+03	+1.005e+04	+0.348
96.800	+8.818e+03	+2.778e+03	+9.425e+03	+0.240
96.900	+7.551e+03	+3.135e+03	+9.964e+03	+0.293
97.000	+6.539e+03	+2.219e+03	+8.728e+03	+0.253
97.100	+6.661e+03	+3.296e+03	+9.790e+03	+0.331
97.200	+5.707e+03	+3.986e+03	+9.022e+03	+0.411
97.300	+7.866e+03	+3.589e+03	+8.328e+03	+0.313
97.400	+6.486e+03	+2.321e+03	+9.641e+03	+0.264
97.500	+6.498e+03	+3.070e+03	+9.750e+03	+0.321
97.600	+6.478e+03	+2.693e+03	+8.588e+03	+0.294
97.700	+7.835e+03	+3.686e+03	+9.414e+03	+0.320
97.800	+7.434e+03	+3.889e+03	+9.704e+03	+0.343
97.900	+6.677e+03	+2.499e+03	+1.054e+04	+0.272
98.000	+7.043e+03	+4.023e+03	+1.065e+04	+0.364
98.100	+6.549e+03	+1.392e+03	+1.008e+04	+0.175
98.200	+6.116e+03	+2.670e+03	+8.798e+03	+0.304
98.300	+7.107e+03	+2.347e+03	+1.082e+04	+0.248
98.400	+3.705e+03	+6.260e+03	+1.058e+04	+0.628
98.500	+3.020e+03	+8.336e+03	+9.580e+03	+0.734
98.600	+3.746e+03	+7.103e+03	+1.113e+04	+0.655
98.700	+7.755e+03	+3.572e+03	+9.552e+03	+0.315
98.800	+6.024e+03	+3.435e+03	+1.035e+04	+0.363
