%t (s)	Idd (a.u.)	Ida (a.u.)	Iaa (a.u.)	FRET E
0.000	+9.635e+02	+6.589e+03	+1.038e+04	+0.872
0.100	+2.394e+03	+6.939e+03	+9.374e+03	+0.744
0.200	+3.402e+03	+6.589e+03	+1.006e+04	+0.659
0.300	+3.038e+03	+7.153e+03	+9.095e+03	+0.702
0.400	+3.443e+03	+6.944e+03	+1.076e+04	+0.669
0.500	+2.432e+03	+6.716e+03	+8.354e+03	+0.734
0.600	+3.668e+03	+7.660e+03	+9.336e+03	+0.676
0.700	+3.783e+03	+6.443e+03	+9.482e+03	+0.630
0.800	+3.875e+03	+6.970e+03	+1.141e+04	+0.643
0.900	+4.062e+03	+7.082e+03	+1.026e+04	+0.636
1.000	+4.608e+03	+6.692e+03	+1.067e+04	+0.592
1.100	+5.168e+03	+6.356e+03	+1.023e+04	+0.552
1.200	+4.673e+03	+8.892e+03	+1.109e+04	+0.656
1.300	+1.986e+03	+7.864e+03	+8.782e+03	+0.798
1.400	+2.080e+03	+8.596e+03	+1.057e+04	+0.805
1.500	+5.034e+03	+6.637e+03	+9.502e+03	+0.569
1.600	+2.905e+03	+7.870e+03	+1.066e+04	+0.730
1.700	+2.112e+03	+6.507e+03	+1.034e+04	+0.755
1.800	+4.924e+03	+6.223e+03	+9.685e+03	+0.558
1.900	+3.020e+03	+7.028e+03	+1.071e+04	+0.699
2.000	+3.958e+03	+7.054e+03	+9.925e+03	+0.641
2.100	+4.047e+03	+6.984e+03	+9.909e+03	+0.633
2.200	+4.459e+03	+6.705e+03	+1.098e+04	+0.601
2.300	+3.439e+03	+5.651e+03	+9.277e+03	+0.622
2.400	+2.658e+03	+8.206e+03	+1.045e+04	+0.755
2.500	+2.574e+03	+8.287e+03	+9.527e+03	+0.763
2.600	+2.640e+03	+6.827e+03	+1.033e+04	+0.721
2.700	+3.472e+03	+5.526e+03	+1.078e+04	+0.614
2.800	+3.255e+03	+7.763e+03	+1.026e+04	+0.705
2.900	+4.209e+03	+6.367e+03	+7.894e+03	+0.602
3.000	+4.197e+03	+6.402e+03	+1.083e+04	+0.604
3.100	+3.142e+03	+8.274e+03	+9.817e+03	+0.725
3.200	+2.366e+03	+6.237e+03	+8.989e+03	+0.725
3.300	+2.747e+03	+6.024e+03	+8.716e+03	+0.687
3.400	+2.650e+03	+7.579e+03	+1.108e+04	+0.741
3.500	+2.312e+03	+7.188e+03	+8.664e+03	+0.757
3.600	+2.551e+03	+7.848e+03	+8.831e+03	+0.755
3.700	+2.946e+03	+6.385e+03	+1.017e+04	+0.684
3.800	+5.578e+03	+2.344e+03	+8.539e+03	+0.296
3.900	+7.164e+03	+2.141e+03	+1.031e+04	+0.230
4.000	+6.913e+03	+2.659e+03	+1.036e+04	+0.278
4.100	+6.711e+03	+2.683e+03	+1.074e+04	+0.286
4.200	+7.933e+03	+2.885e+03	+9.667e+03	+0.267
4.300	+7.350e+03	+3.588e+03	+9.450e+03	+0.328
4.400	+7.328e+03	+2.840e+03	+1.026e+04	+0.279
4.500	+6.395e+03	+4.228e+03	+1.062e+04	+0.398
4.600	+3.636e+03	+6.146e+03	+9.518e+03	+0.628
4.700	+3.230e+03	+6.402e+03	+1.045e+04	+0.665
4.800	+3.739e+03	+5.655e+03	+1.023e+04	+0.602
4.900	+2.312e+03	+5.282e+03	+1.086e+04	+0.696
5.000	+2.544e+03	+6.761e+03	+9.836e+03	+0.727
5.100	+1.363e+03	+6.562e+03	+1.176e+04	+0.828
5.200	+3.941e+03	+7.988e+03	+9.881e+03	+0.670
5.300	+1.674e+03	+6.930e+03	+1.017e+04	+0.805
5.400	+9.926e+02	+6.570e+03	+1.095e+04	+0.869
5.500	+3.237e+03	+6.909e+03	+9.978e+03	+0.681
5.600	+3.953e+03	+5.785e+03	+1.073e+04	+0.594
5.700	+2.410e+03	+8.275e+03	+9.038e+03	+0.774
5.800	+4.396e+03	+6.496e+03	+1.112e+04	+0.596
5.900	+3.485e+03	+6.476e+03	+9.976e+03	+0.650
6.000	+2.818e+03	+7.339e+03	+8.611e+03	+0.723
6.100	+3.074e+03	+7.606e+03	+1.119e+04	+0.712
6.200	+3.305e+03	+8.020e+03	+1.126e+04	+0.708
6.300	+2.503e+03	+6.460e+03	+7.734e+03	+0.721
6.400	+3.127e+03	+7.652e+03	+1.081e+04	+0.710
6.500	+3.036e+03	+6.951e+03	+1.046e+04	+0.696
6.600	+2.892e+03	+7.155e+03	+9.954e+03	+0.712
6.700	+3.406e+03	+6.727e+03	+8.719e+03	+0.664
6.800	+2.551e+03	+7.741e+03	+9.893e+03	+0.752
6.900	+2.428e+03	+6.153e+03	+1.080e+04	+0.717
7.000	+2.378e+03	+6.201e+03	+1.035e+04	+0.723
7.100	+2.251e+03	+6.909e+03	+9.036e+03	+0.754
7.200	+2.669e+03	+7.357e+03	+1.001e+04	+0.734
7.300	+3.611e+03	+5.654e+03	+1.049e+04	+0.610
7.400	+3.352e+03	+8.068e+03	+1.075e+04	+0.706
7.500	+2.083e+03	+5.742e+03	+9.640e+03	+0.734
7.600	+4.876e+03	+7.103e+03	+9.406e+03	+0.593
7.700	+1.612e+03	+6.707e+03	+1.171e+04	+0.806
7.800	+3.811e+03	+7.202e+03	+9.563e+03	+0.654
7.900	+4.472e+03	+7.812e+03	+8.677e+03	+0.636
8.000	+3.577e+03	+5.283e+03	+9.722e+03	+0.596
8.100	+3.122e+03	+7.394e+03	+9.732e+03	+0.703
8.200	+3.861e+03	+7.098e+03	+1.093e+04	+0.648
8.300	+1.657e+03	+6.358e+03	+9.526e+03	+0.793
8.400	+1.180e+03	+6.499e+03	+1.132e+04	+0.846
8.500	+3.507e+03	+7.561e+03	+1.022e+04	+0.683
8.600	+2.908e+03	+7.914e+03	+9.521e+03	+0.731
8.700	+1.832e+03	+6.834e+03	+8.706e+03	+0.789
8.800	+4.226e+03	+5.803e+03	+9.918e+03	+0.579
8.900	+3.315e+03	+6.329e+03	+1.094e+04	+0.656
9.000	+2.390e+03	+6.891e+03	+9.360e+03	+0.742
9.100	+3.486e+03	+7.573e+03	+9.549e+03	+0.685
9.200	+2.083e+03	+6.800e+03	+1.009e+04	+0.766
9.300	+2.704e+03	+8.981e+03	+1.091e+04	+0.769
9.400	+2.495e+03	+7.590e+03	+1.099e+04	+0.753
9.500	+3.847e+03	+6.874e+03	+1.020e+04	+0.641
9.600	+7.267e+03	+4.095e+03	+1.102e+04	+0.360
9.700	+5.574e+03	+2.697e+03	+1.080e+04	+0.326
9.800	+8.260e+03	+1.445e+03	+1.026e+04	+0.149
9.900	+6.633e+03	+1.558e+03	+8.839e+03	+0.190
10.000	+9.114e+03	+3.371e+03	+9.642e+03	+0.270
10.100	+8.134e+03	+3.248e+03	+1.245e+04	+0.285
10.200	+8.011e+03	+2.294e+03	+1.093e+04	+0.223
10.300	+7.459e+03	+3.118e+03	+9.951e+03	+0.295
10.400	+6.271e+03	+3.109e+03	+1.063e+04	+0.331
10.500	+6.849e+03	+4.722e+03	+1.038e+04	+0.408
10.600	+7.287e+03	+2.473e+03	+1.006e+04	+0.253
10.700	+7.011e+03	+2.182e+03	+8.588e+03	+0.237
10.800	+5.844e+03	+3.540e+03	+9.866e+03	+0.377
10.900	+6.745e+03	+4.247e+03	+9.901e+03	+0.386
11.000	+6.734e+03	+2.859e+03	+1.008e+04	+0.298
11.100	+5.210e+03	+2.329e+03	+8.923e+03	+0.309
11.200	+5.505e+03	+3.252e+03	+1.115e+04	+0.371
11.300	+6.444e+03	+2.476e+03	+9.167e+03	+0.278
11.400	+6.936e+03	+2.989e+03	+9.685e+03	+0.301
11.500	+7.907e+03	+2.467e+03	+8.455e+03	+0.238
11.600	+6.487e+03	+5.800e+03	+9.850e+03	+0.472
11.700	+7.245e+03	+3.699e+03	+8.553e+03	+0.338
11.800	+7.420e+03	+3.505e+03	+1.069e+04	+0.321
11.900	+6.378e+03	+3.482e+03	+1.034e+04	+0.353
12.000	+7.005e+03	+4.795e+03	+8.895e+03	+0.406
12.100	+6.968e+03	+2.970e+03	+9.707e+03	+0.299
12.200	+7.016e+03	+3.856e+03	+9.576e+03	+0.355
12.300	+5.834e+03	+4.107e+03	+9.668e+03	+0.413
12.400	+2.748e+03	+7.371e+03	+9.774e+03	+0.728
12.500	+3.148e+03	+5.641e+03	+1.128e+04	+0.642
12.600	+4.682e+03	+5.867e+03	+1.100e+04	+0.556
12.700	+6.981e+03	+4.181e+03	+9.622e+03	+0.375
12.800	+5.759e+03	+2.237e+03	+8.931e+03	+0.280
12.900	+7.955e+03	+2.425e+03	+1.020e+04	+0.234
13.000	+2.456e+03	+7.437e+03	+1.029e+04	+0.752
13.100	+4.431e+03	+6.821e+03	+8.746e+03	+0.606
13.200	+3.816e+03	+7.294e+03	+1.208e+04	+0.657
13.300	+1.756e+03	+6.640e+03	+9.217e+03	+0.791
13.400	+2.220e+03	+8.270e+03	+9.108e+03	+0.788
13.500	+3.265e+03	+7.930e+03	+8.436e+03	+0.708
13.600	+8.359e+02	+8.671e+03	+9.580e+03	+0.912
13.700	+2.733e+03	+7.128e+03	+1.021e+04	+0.723
13.800	+4.429e+03	+6.529e+03	+1.008e+04	+0.596
13.900	+2.685e+03	+7.690e+03	+9.597e+03	+0.741
14.000	+3.431e+03	+6.568e+03	+1.026e+04	+0.657
14.100	+3.550e+03	+7.327e+03	+9.378e+03	+0.674
14.200	+2.359e+03	+7.113e+03	+9.413e+03	+0.751
14.300	+2.580e+03	+6.469e+03	+9.778e+03	+0.715
14.400	+1.316e+03	+7.307e+03	+9.529e+03	+0.847
14.500	+3.335e+03	+7.387e+03	+1.035e+04	+0.689
14.600	+3.644e+03	+6.419e+03	+9.816e+03	+0.638
14.700	+3.371e+03	+7.629e+03	+8.406e+03	+0.694
14.800	+4.762e+03	+7.028e+03	+1.019e+04	+0.596
14.900	+2.524e+03	+6.055e+03	+1.018e+04	+0.706
15.000	+2.667e+03	+8.017e+03	+8.596e+03	+0.750
15.100	+3.938e+03	+6.575e+03	+1.073e+04	+0.625
15.200	+2.219e+03	+7.624e+03	+7.514e+03	+0.775
15.300	+2.720e+03	+6.440e+03	+1.090e+04	+0.703
15.400	+2.574e+03	+7.011e+03	+9.267e+03	+0.731
15.500	+2.517e+03	+7.890e+03	+9.185e+03	+0.758
15.600	+2.645e+03	+7.814e+03	+1.031e+04	+0.747
15.700	+4.737e+03	+7.546e+03	+9.334e+03	+0.614
15.800	+4.204e+03	+7.116e+03	+9.650e+03	+0.629
15.900	+2.545e+03	+6.775e+03	+9.953e+03	+0.727
16.000	+2.340e+03	+8.782e+03	+9.871e+03	+0.790
16.100	+1.875e+03	+4.864e+03	+9.752e+03	+0.722
16.200	+2.352e+03	+7.309e+03	+8.724e+03	+0.757
16.300	+2.369e+03	+7.910e+03	+9.716e+03	+0.770
16.400	+2.444e+03	+7.543e+03	+9.568e+03	+0.755
16.500	+3.512e+03	+6.233e+03	+9.561e+03	+0.640
16.600	+2.524e+03	+7.034e+03	+1.027e+04	+0.736
16.700	+3.541e+03	+8.108e+03	+1.017e+04	+0.696
16.800	+2.337e+03	+7.296e+03	+8.511e+03	+0.757
16.900	+3.113e+03	+7.911e+03	+1.064e+04	+0.718
17.000	+4.477e+03	+8.391e+03	+9.581e+03	+0.652
17.100	+2.308e+03	+5.944e+03	+1.124e+04	+0.720
17.200	+2.545e+03	+7.628e+03	+1.038e+04	+0.750
17.300	+3.472e+03	+7.198e+03	+9.174e+03	+0.675
17.400	+2.093e+03	+6.933e+03	+8.616e+03	+0.768
17.500	+3.804e+03	+5.597e+03	+9.323e+03	+0.595
17.600	+4.169e+03	+6.745e+03	+9.905e+03	+0.618
17.700	+3.239e+03	+7.772e+03	+9.080e+03	+0.706
17.800	+2.877e+03	+7.535e+03	+1.092e+04	+0.724
17.900	+2.000e+03	+7.392e+03	+1.070e+04	+0.787
18.000	+1.892e+03	+8.836e+03	+9.991e+03	+0.824
18.100	+3.108e+03	+7.752e+03	+9.778e+03	+0.714
18.200	+3.806e+03	+6.353e+03	+9.796e+03	+0.625
18.300	+2.235e+03	+6.991e+03	+8.890e+03	+0.758
18.400	+3.223e+03	+7.375e+03	+8.809e+03	+0.696
18.500	+3.745e+03	+8.147e+03	+1.113e+04	+0.685
18.600	+3.579e+03	+7.710e+03	+9.350e+03	+0.683
18.700	+5.392e+03	+4.256e+03	+1.055e+04	+0.441
18.800	+6.483e+03	+3.026e+03	+1.016e+04	+0.318
18.900	+7.728e+03	+2.587e+03	+1.108e+04	+0.251
19.000	+5.793e+03	+3.341e+03	+9.745e+03	+0.366
19.100	+7.268e+03	+1.582e+03	+1.023e+04	+0.179
19.200	+7.402e+03	+2.821e+03	+1.091e+04	+0.276
19.300	+6.649e+03	+3.290e+03	+9.368e+03	+0.331
19.400	+6.120e+03	+4.097e+03	+1.128e+04	+0.401
19.500	+7.244e+03	+2.876e+03	+9.769e+03	+0.284
19.600	+3.987e+03	+5.156e+03	+9.897e+03	+0.564
19.700	+3.572e+03	+5.145e+03	+1.155e+04	+0.590
19.800	+2.287e+03	+6.070e+03	+9.259e+03	+0.726
19.900	+3.759e+03	+8.281e+03	+8.906e+03	+0.688
20.000	+3.197e+03	+6.636e+03	+9.246e+03	+0.675
20.100	+1.940e+03	+7.830e+03	+9.048e+03	+0.801
20.200	+2.909e+03	+8.382e+03	+1.064e+04	+0.742
20.300	+2.513e+03	+6.199e+03	+1.041e+04	+0.712
20.400	+3.683e+03	+5.887e+03	+9.281e+03	+0.615
20.500	+2.485e+03	+7.752e+03	+1.108e+04	+0.757
20.600	+3.706e+03	+5.919e+03	+1.088e+04	+0.615
20.700	+2.928e+03	+7.867e+03	+1.067e+04	+0.729
20.800	+3.869e+03	+6.357e+03	+1.103e+04	+0.622
20.900	+4.108e+03	+7.822e+03	+9.215e+03	+0.656
21.000	+2.419e+03	+7.769e+03	+1.079e+04	+0.763
21.100	+2.066e+03	+5.397e+03	+1.001e+04	+0.723
21.200	+3.513e+03	+7.508e+03	+9.715e+03	+0.681
21.300	+4.688e+03	+7.270e+03	+1.004e+04	+0.608
21.400	+3.921e+03	+6.627e+03	+1.094e+04	+0.628
21.500	+6.287e+03	+3.710e+03	+1.078e+04	+0.371
21.600	+7.238e+03	+3.793e+03	+9.261e+03	+0.344
21.700	+6.741e+03	+1.883e+03	+9.588e+03	+0.218
21.800	+7.248e+03	+3.540e+03	+1.116e+04	+0.328
21.900	+5.989e+03	+2.698e+03	+1.068e+04	+0.311
22.000	+8.020e+03	+2.768e+03	+1.148e+04	+0.257
22.100	+7.850e+03	+4.046e+03	+9.503e+03	+0.340
22.200	+4.249e+03	+5.869e+03	+1.045e+04	+0.580
22.300	+2.509e+03	+5.011e+03	+9.122e+03	+0.666
22.400	+2.571e+03	+7.110e+03	+1.008e+04	+0.734
22.500	+3.735e+03	+5.154e+03	+1.033e+04	+0.580
22.600	+4.105e+03	+7.701e+03	+1.055e+04	+0.652
22.700	+2.447e+03	+7.121e+03	+8.607e+03	+0.744
22.800	+3.169e+03	+7.504e+03	+9.170e+03	+0.703
22.900	+3.387e+03	+6.246e+03	+9.140e+03	+0.648
23.000	+2.375e+03	+6.578e+03	+9.932e+03	+0.735
23.100	+3.630e+03	+6.919e+03	+9.747e+03	+0.656
23.200	+3.630e+03	+6.724e+03	+9.459e+03	+0.649
23.300	+1.602e+03	+7.434e+03	+1.091e+04	+0.823
23.400	+5.763e+03	+4.231e+03	+1.020e+04	+0.423
23.500	+7.579e+03	+3.432e+03	+1.033e+04	+0.312
23.600	+7.005e+03	+3.214e+03	+1.059e+04	+0.314
23.700	+6.815e+03	+3.400e+03	+9.191e+03	+0.333
23.800	+6.862e+03	+2.575e+03	+9.720e+03	+0.273
23.900	+6.884e+03	+2.559e+03	+1.027e+04	+0.271
24.000	+7.104e+03	+3.317e+03	+9.830e+03	+0.318
24.100	+6.074e+03	+3.667e+03	+1.085e+04	+0.376
24.200	+5.916e+03	+2.806e+03	+9.750e+03	+0.322
24.300	+6.382e+03	+2.893e+03	+9.995e+03	+0.312
24.400	+7.697e+03	+4.210e+03	+1.027e+04	+0.354
24.500	+7.922e+03	+3.154e+03	+1.053e+04	+0.285
24.600	+7.477e+03	+3.316e+03	+1.021e+04	+0.307
24.700	+6.460e+03	+2.427e+03	+1.040e+04	+0.273
24.800	+7.305e+03	+3.839e+03	+8.832e+03	+0.345
24.900	+7.671e+03	+3.638e+03	+1.053e+04	+0.322
25.000	+6.066e+03	+2.950e+03	+1.118e+04	+0.327
25.100	+1.611e+03	+5.970e+03	+9.326e+03	+0.787
25.200	+3.712e+03	+7.185e+03	+1.004e+04	+0.659
25.300	+1.410e+03	+6.051e+03	+1.098e+04	+0.811
25.400	+2.112e+03	+7.212e+03	+1.084e+04	+0.773
25.500	+3.130e+03	+6.419e+03	+9.137e+03	+0.672
25.600	+3.012e+03	+7.578e+03	+1.088e+04	+0.716
25.700	+2.891e+03	+6.531e+03	+1.006e+04	+0.693
25.800	+1.719e+03	+7.967e+03	+9.383e+03	+0.823
25.900	+2.287e+03	+7.649e+03	+1.031e+04	+0.770
26.000	+2.191e+03	+8.124e+03	+1.153e+04	+0.788
26.100	+2.946e+03	+5.810e+03	+1.034e+04	+0.664
26.200	+2.738e+03	+6.382e+03	+1.061e+04	+0.700
26.300	+3.090e+03	+6.763e+03	+9.212e+03	+0.686
26.400	+1.681e+03	+6.669e+03	+9.740e+03	+0.799
26.500	+2.840e+03	+8.046e+03	+1.004e+04	+0.739
26.600	+3.924e+03	+6.757e+03	+9.472e+03	+0.633
26.700	+1.926e+03	+8.471e+03	+1.026e+04	+0.815
26.800	+4.870e+03	+7.880e+03	+9.544e+03	+0.618
26.900	+1.517e+03	+5.771e+03	+8.461e+03	+0.792
27.000	+2.160e+03	+6.634e+03	+1.005e+04	+0.754
27.100	+2.491e+03	+8.492e+03	+1.044e+04	+0.773
27.200	+2.409e+03	+6.864e+03	+9.872e+03	+0.740
27.300	+2.133e+03	+7.389e+03	+1.007e+04	+0.776
27.400	+2.098e+03	+5.990e+03	+1.044e+04	+0.741
27.500	+2.354e+03	+7.797e+03	+9.754e+03	+0.768
27.600	+2.985e+03	+7.868e+03	+9.988e+03	+0.725
27.700	+3.630e+03	+5.957e+03	+9.528e+03	+0.621
27.800	+4.112e+03	+5.382e+03	+1.035e+04	+0.567
27.900	+2.481e+03	+6.826e+03	+1.100e+04	+0.733
28.000	+4.033e+03	+8.395e+03	+9.180e+03	+0.675
28.100	+4.205e+03	+7.274e+03	+1.014e+04	+0.634
28.200	+3.128e+03	+7.808e+03	+1.068e+04	+0.714
28.300	+3.348e+03	+8.404e+03	+9.342e+03	+0.715
28.400	+2.642e+03	+7.018e+03	+9.365e+03	+0.726
28.500	+2.285e+03	+6.521e+03	+9.783e+03	+0.740
28.600	+3.436e+03	+7.141e+03	+1.071e+04	+0.675
28.700	+2.797e+03	+7.452e+03	+1.031e+04	+0.727
28.800	+2.940e+03	+6.948e+03	+9.859e+03	+0.703
28.900	+3.178e+03	+6.743e+03	+9.538e+03	+0.680
29.000	+2.730e+03	+6.998e+03	+1.060e+04	+0.719
29.100	+4.144e+03	+8.238e+03	+1.121e+04	+0.665
29.200	+2.497e+03	+7.935e+03	+9.729e+03	+0.761
29.300	+3.876e+03	+7.436e+03	+1.011e+04	+0.657
29.400	+5.190e+03	+4.409e+03	+1.095e+04	+0.459
29.500	+8.082e+03	+1.775e+03	+9.887e+03	+0.180
29.600	+6.431e+03	+3.256e+03	+9.919e+03	+0.336
29.700	+6.613e+03	+3.201e+03	+1.054e+04	+0.326
29.800	+7.494e+03	+3.007e+03	+1.060e+04	+0.286
29.900	+7.246e+03	+3.408e+03	+8.834e+03	+0.320
30.000	+8.483e+03	+2.571e+03	+9.344e+03	+0.233
30.100	+6.152e+03	+4.979e+03	+9.400e+03	+0.447
30.200	+5.737e+03	+4.481e+03	+9.760e+03	+0.439
30.300	+6.947e+03	+2.120e+03	+1.127e+04	+0.234
30.400	+7.635e+03	+2.156e+03	+9.865e+03	+0.220
30.500	+6.526e+03	+4.682e+03	+1.152e+04	+0.418
30.600	+7.144e+03	+3.193e+03	+1.065e+04	+0.309
30.700	+7.515e+03	+4.797e+03	+1.057e+04	+0.390
30.800	+3.222e+03	+6.458e+03	+1.025e+04	+0.667
30.900	+2.707e+03	+7.207e+03	+1.119e+04	+0.727
31.000	+2.352e+03	+7.626e+03	+1.072e+04	+0.764
31.100	+4.859e+03	+5.977e+03	+1.004e+04	+0.552
31.200	+2.683e+03	+6.146e+03	+1.125e+04	+0.696
31.300	+2.497e+03	+7.444e+03	+1.021e+04	+0.749
31.400	+2.828e+03	+7.454e+03	+9.914e+03	+0.725
31.500	+2.762e+03	+7.554e+03	+1.008e+04	+0.732
31.600	+1.854e+03	+7.460e+03	+9.480e+03	+0.801
31.700	+2.396e+03	+7.449e+03	+1.004e+04	+0.757
31.800	+3.256e+03	+6.359e+03	+1.101e+04	+0.661
31.900	+3.140e+03	+6.549e+03	+9.354e+03	+0.676
32.000	+2.360e+03	+6.366e+03	+8.238e+03	+0.730
32.100	+3.727e+03	+6.223e+03	+1.048e+04	+0.625
32.200	+3.659e+03	+7.313e+03	+1.059e+04	+0.667
32.300	+3.246e+03	+7.968e+03	+1.052e+04	+0.711
32.400	+3.896e+03	+6.256e+03	+9.959e+03	+0.616
32.500	+3.742e+03	+7.598e+03	+1.065e+04	+0.670
32.600	+3.226e+03	+8.132e+03	+1.017e+04	+0.716
32.700	+3.322e+03	+6.461e+03	+1.036e+04	+0.660
32.800	+4.073e+03	+6.450e+03	+1.049e+04	+0.613
32.900	+3.660e+03	+6.881e+03	+9.137e+03	+0.653
33.000	+4.300e+03	+7.429e+03	+1.051e+04	+0.633
33.100	+2.391e+03	+6.313e+03	+1.042e+04	+0.725
33.200	+2.700e+03	+6.625e+03	+1.122e+04	+0.710
33.300	+2.064e+03	+6.554e+03	+9.666e+03	+0.761
33.400	+3.602e+03	+5.758e+03	+1.002e+04	+0.615
33.500	+2.359e+03	+6.031e+03	+9.788e+03	+0.719
33.600	+3.512e+03	+7.562e+03	+1.049e+04	+0.683
33.700	+2.388e+03	+7.512e+03	+1.042e+04	+0.759
33.800	+3.358e+03	+7.375e+03	+1.074e+04	+0.687
33.900	+4.934e+03	+7.511e+03	+9.595e+03	+0.604
34.000	+2.716e+03	+6.504e+03	+9.950e+03	+0.705
34.100	+3.696e+03	+9.022e+03	+9.274e+03	+0.709
34.200	+2.574e+03	+7.614e+03	+9.046e+03	+0.747
34.300	+3.614e+03	+7.072e+03	+8.846e+03	+0.662
34.400	+7.098e+02	+6.677e+03	+9.652e+03	+0.904
34.500	+3.380e+03	+6.919e+03	+1.073e+04	+0.672
34.600	+1.833e+03	+6.947e+03	+8.691e+03	+0.791
34.700	+3.677e+03	+7.022e+03	+1.075e+04	+0.656
34.800	+4.044e+03	+7.444e+03	+9.779e+03	+0.648
34.900	+2.659e+03	+7.761e+03	+1.158e+04	+0.745
35.000	+4.989e+03	+5.129e+03	+9.922e+03	+0.507
35.100	+2.092e+03	+9.069e+03	+9.265e+03	+0.813
35.200	+1.831e+03	+8.707e+03	+9.159e+03	+0.826
35.300	+3.301e+03	+7.539e+03	+1.138e+04	+0.695
35.400	+3.444e+03	+8.672e+03	+9.337e+03	+0.716
35.500	+5.974e+03	+3.280e+03	+1.125e+04	+0.354
35.600	+5.636e+03	+2.442e+03	+8.510e+03	+0.302
35.700	+7.588e+03	+3.317e+03	+1.034e+04	+0.304
35.800	+6.876e+03	+3.819e+03	+1.115e+04	+0.357
35.900	+7.412e+03	+3.061e+03	+1.053e+04	+0.292
36.000	+5.943e+03	+4.426e+03	+9.620e+03	+0.427
36.100	+2.000e+03	+4.911e+03	+9.699e+03	+0.711
36.200	+2.729e+03	+5.571e+03	+9.552e+03	+0.671
36.300	+4.235e+03	+6.149e+03	+1.020e+04	+0.592
36.400	+2.575e+03	+7.594e+03	+9.996e+03	+0.747
36.500	+2.125e+03	+6.237e+03	+1.020e+04	+0.746
36.600	+3.388e+03	+7.556e+03	+9.979e+03	+0.690
36.700	+3.517e+03	+7.220e+03	+1.025e+04	+0.672
36.800	+4.092e+03	+7.157e+03	+9.963e+03	+0.636
36.900	+3.779e+03	+7.182e+03	+1.099e+04	+0.655
37.000	+3.507e+03	+6.796e+03	+9.640e+03	+0.660
37.100	+2.254e+03	+6.941e+03	+9.353e+03	+0.755
37.200	+2.884e+03	+6.705e+03	+9.120e+03	+0.699
37.300	+1.753e+03	+7.768e+03	+9.800e+03	+0.816
37.400	+2.656e+03	+6.093e+03	+8.895e+03	+0.696
37.500	+4.107e+03	+7.480e+03	+1.036e+04	+0.646
37.600	+2.940e+03	+6.980e+03	+9.618e+03	+0.704
37.700	+2.654e+03	+6.734e+03	+1.072e+04	+0.717
37.800	+2.791e+03	+6.791e+03	+1.037e+04	+0.709
37.900	+2.180e+03	+5.338e+03	+1.108e+04	+0.710
38.000	+2.459e+03	+5.834e+03	+9.666e+03	+0.703
38.100	+3.674e+03	+6.717e+03	+9.446e+03	+0.646
38.200	+3.495e+03	+6.832e+03	+1.007e+04	+0.662
38.300	+4.026e+03	+7.924e+03	+9.860e+03	+0.663
38.400	+2.594e+03	+5.338e+03	+1.027e+04	+0.673
38.500	+1.921e+03	+8.324e+03	+9.734e+03	+0.813
38.600	+4.742e+03	+5.872e+03	+1.008e+04	+0.553
38.700	+7.034e+03	+3.966e+03	+8.771e+03	+0.361
38.800	+7.786e+03	+3.527e+03	+8.776e+03	+0.312
38.900	+7.805e+03	+2.725e+03	+1.080e+04	+0.259
39.000	+6.751e+03	+3.357e+03	+1.090e+04	+0.332
39.100	+5.723e+03	+1.577e+03	+1.039e+04	+0.216
39.200	+6.799e+03	+2.921e+03	+9.542e+03	+0.300
39.300	+4.027e+03	+7.390e+03	+1.046e+04	+0.647
39.400	+2.509e+03	+6.956e+03	+9.428e+03	+0.735
39.500	+3.889e+03	+7.032e+03	+9.350e+03	+0.644
39.600	+2.625e+03	+6.901e+03	+9.615e+03	+0.724
39.700	+2.169e+03	+6.624e+03	+9.925e+03	+0.753
39.800	+4.004e+03	+6.531e+03	+1.056e+04	+0.620
39.900	+3.404e+03	+7.849e+03	+1.045e+04	+0.698
40.000	+2.916e+03	+6.583e+03	+1.130e+04	+0.693
40.100	+2.428e+03	+6.664e+03	+9.854e+03	+0.733
40.200	+2.194e+03	+6.748e+03	+1.033e+04	+0.755
40.300	+2.072e+03	+7.496e+03	+1.052e+04	+0.783
40.400	+2.194e+03	+7.390e+03	+1.127e+04	+0.771
40.500	+3.588e+03	+7.641e+03	+1.018e+04	+0.680
40.600	+2.846e+03	+6.841e+03	+1.054e+04	+0.706
40.700	+1.767e+03	+8.423e+03	+9.468e+03	+0.827
40.800	+3.405e+03	+5.911e+03	+9.731e+03	+0.634
40.900	+1.838e+03	+7.500e+03	+1.025e+04	+0.803
41.000	+3.018e+03	+7.656e+03	+9.243e+03	+0.717
41.100	+2.897e+03	+7.876e+03	+8.899e+03	+0.731
41.200	+1.879e+03	+6.711e+03	+1.040e+04	+0.781
41.300	+3.422e+03	+7.520e+03	+1.007e+04	+0.687
41.400	+3.156e+03	+6.266e+03	+1.049e+04	+0.665
41.500	+3.487e+03	+6.479e+03	+1.003e+04	+0.650
41.600	+2.311e+03	+6.189e+03	+1.112e+04	+0.728
41.700	+3.729e+03	+5.813e+03	+9.362e+03	+0.609
41.800	+3.958e+03	+7.024e+03	+9.671e+03	+0.640
41.900	+3.736e+03	+6.945e+03	+9.816e+03	+0.650
42.000	+2.800e+03	+7.764e+03	+9.881e+03	+0.735
42.100	+3.018e+03	+9.032e+03	+1.020e+04	+0.750
42.200	+2.629e+03	+5.817e+03	+8.247e+03	+0.689
42.300	+5.905e+03	+5.025e+03	+1.046e+04	+0.460
42.400	+6.468e+03	+2.584e+03	+1.123e+04	+0.285
42.500	+5.115e+03	+2.612e+03	+9.512e+03	+0.338
42.600	+5.470e+03	+3.306e+03	+9.412e+03	+0.377
42.700	+5.892e+03	+2.287e+03	+9.836e+03	+0.280
42.800	+8.520e+03	+2.608e+03	+8.994e+03	+0.234
42.900	+6.987e+03	+3.542e+03	+9.443e+03	+0.336
43.000	+7.060e+03	+3.158e+03	+1.055e+04	+0.309
43.100	+6.519e+03	+3.265e+03	+1.018e+04	+0.334
43.200	+6.841e+03	+2.878e+03	+9.631e+03	+0.296
43.300	+6.017e+03	+1.849e+03	+9.234e+03	+0.235
43.400	+7.062e+03	+2.851e+03	+9.958e+03	+0.288
43.500	+7.679e+03	+2.724e+03	+1.026e+04	+0.262
43.600	+6.913e+03	+2.722e+03	+1.055e+04	+0.282
43.700	+6.135e+03	+1.620e+03	+1.088e+04	+0.209
43.800	+7.105e+03	+1.451e+03	+9.052e+03	+0.170
43.900	+6.424e+03	+2.951e+03	+9.558e+03	+0.315
44.000	+7.148e+03	+3.228e+03	+1.024e+04	+0.311
44.100	+6.711e+03	+2.004e+03	+1.010e+04	+0.230
44.200	+7.030e+03	+3.018e+03	+1.118e+04	+0.300
44.300	+6.632e+03	+2.348e+03	+9.827e+03	+0.261
44.400	+7.737e+03	+2.306e+03	+9.823e+03	+0.230
44.500	+6.548e+03	+3.655e+03	+9.752e+03	+0.358
44.600	+4.644e+03	+4.704e+03	+1.056e+04	+0.503
44.700	+3.597e+03	+7.239e+03	+1.106e+04	+0.668
44.800	+3.063e+03	+6.028e+03	+1.052e+04	+0.663
44.900	+3.805e+03	+6.197e+03	+9.346e+03	+0.620
45.000	+2.284e+03	+5.990e+03	+8.449e+03	+0.724
45.100	+3.071e+03	+7.378e+03	+1.097e+04	+0.706
45.200	+3.450e+03	+7.334e+03	+1.048e+04	+0.680
45.300	+3.482e+03	+6.736e+03	+1.024e+04	+0.659
45.400	+2.489e+03	+7.528e+03	+9.378e+03	+0.752
45.500	+3.232e+03	+6.950e+03	+1.075e+04	+0.683
45.600	+3.656e+03	+6.721e+03	+1.110e+04	+0.648
45.700	+2.155e+03	+8.199e+03	+1.069e+04	+0.792
45.800	+3.911e+03	+7.455e+03	+1.042e+04	+0.656
45.900	+3.499e+03	+7.379e+03	+1.058e+04	+0.678
46.000	+2.944e+03	+5.854e+03	+8.476e+03	+0.665
46.100	+2.090e+03	+8.404e+03	+9.148e+03	+0.801
46.200	+3.674e+03	+6.920e+03	+9.814e+03	+0.653
46.300	+4.208e+03	+7.013e+03	+9.339e+03	+0.625
46.400	+3.738e+03	+8.875e+03	+1.081e+04	+0.704
46.500	+2.522e+03	+7.163e+03	+1.023e+04	+0.740
46.600	+3.495e+03	+6.430e+03	+1.021e+04	+0.648
46.700	+2.368e+03	+6.899e+03	+1.157e+04	+0.744
46.800	+3.705e+03	+7.981e+03	+1.100e+04	+0.683
46.900	+1.782e+03	+8.322e+03	+1.057e+04	+0.824
47.000	+2.786e+03	+6.803e+03	+9.326e+03	+0.709
47.100	+4.210e+03	+7.781e+03	+1.099e+04	+0.649
47.200	+3.017e+03	+8.140e+03	+1.084e+04	+0.730
47.300	+2.156e+03	+7.259e+03	+9.849e+03	+0.771
47.400	+3.316e+03	+6.663e+03	+1.008e+04	+0.668
47.500	+2.379e+03	+5.629e+03	+9.063e+03	+0.703
47.600	+3.831e+03	+7.410e+03	+1.051e+04	+0.659
47.700	+2.172e+03	+8.023e+03	+1.133e+04	+0.787
47.800	+3.596e+03	+5.774e+03	+9.608e+03	+0.616
47.900	+8.452e+03	+1.719e+03	+1.025e+04	+0.169
48.000	+8.330e+03	+4.739e+03	+1.100e+04	+0.363
48.100	+9.168e+03	+3.278e+03	+8.943e+03	+0.263
48.200	+8.033e+03	+3.994e+03	+1.032e+04	+0.332
48.300	+7.012e+03	+1.792e+03	+9.672e+03	+0.204
48.400	+6.627e+03	+3.649e+03	+9.626e+03	+0.355
48.500	+7.015e+03	+2.902e+03	+1.047e+04	+0.293
48.600	+6.880e+03	+1.047e+03	+9.806e+03	+0.132
48.700	+7.875e+03	+4.825e+03	+9.537e+03	+0.380
48.800	+5.656e+03	+5.154e+03	+9.186e+03	+0.477
48.900	+2.700e+03	+7.141e+03	+1.051e+04	+0.726
49.000	+3.448e+03	+8.480e+03	+9.627e+03	+0.711
49.100	+4.349e+03	+6.246e+03	+8.087e+03	+0.589
49.200	+2.775e+03	+6.868e+03	+9.797e+03	+0.712
49.300	+1.476e+03	+7.451e+03	+8.401e+03	+0.835
49.400	+3.319e+03	+7.129e+03	+1.007e+04	+0.682
49.500	+6.856e+03	+3.844e+03	+9.939e+03	+0.359
49.600	+6.494e+03	+2.488e+03	+1.160e+04	+0.277
49.700	+4.699e+03	+5.246e+03	+1.010e+04	+0.527
49.800	+2.983e+03	+6.686e+03	+9.447e+03	+0.691
49.900	+2.169e+03	+6.280e+03	+9.811e+03	+0.743
50.000	+3.628e+03	+6.659e+03	+1.013e+04	+0.647
50.100	+3.560e+03	+7.180e+03	+9.529e+03	+0.669
50.200	+1.663e+03	+8.530e+03	+9.271e+03	+0.837
50.300	+3.743e+03	+7.553e+03	+9.156e+03	+0.669
50.400	+2.695e+03	+6.664e+03	+1.120e+04	+0.712
50.500	+3.015e+03	+7.365e+03	+9.943e+03	+0.710
50.600	+2.596e+03	+7.632e+03	+1.035e+04	+0.746
50.700	+3.840e+03	+6.797e+03	+9.183e+03	+0.639
50.800	+3.676e+03	+7.572e+03	+9.919e+03	+0.673
50.900	+2.951e+03	+5.346e+03	+1.011e+04	+0.644
51.000	+3.153e+03	+6.557e+03	+1.219e+04	+0.675
51.100	+3.002e+03	+6.577e+03	+1.087e+04	+0.687
51.200	+1.573e+03	+8.234e+03	+1.123e+04	+0.840
51.300	+3.512e+03	+6.481e+03	+9.876e+03	+0.649
51.400	+1.484e+03	+6.397e+03	+1.110e+04	+0.812
51.500	+1.970e+03	+6.936e+03	+9.508e+03	+0.779
51.600	+2.494e+03	+6.009e+03	+1.023e+04	+0.707
51.700	+2.491e+03	+7.010e+03	+9.890e+03	+0.738
51.800	+3.351e+03	+7.706e+03	+1.011e+04	+0.697
51.900	+3.213e+03	+6.928e+03	+9.494e+03	+0.683
52.000	+1.934e+03	+6.995e+03	+1.052e+04	+0.783
52.100	+3.463e+03	+7.438e+03	+1.039e+04	+0.682
52.200	+5.634e+03	+3.763e+03	+9.730e+03	+0.400
52.300	+7.104e+03	+3.013e+03	+9.210e+03	+0.298
52.400	+7.040e+03	+3.621e+03	+9.675e+03	+0.340
52.500	+5.971e+03	+2.680e+03	+1.045e+04	+0.310
52.600	+6.795e+03	+2.806e+03	+1.034e+04	+0.292
52.700	+6.317e+03	+3.166e+03	+9.481e+03	+0.334
52.800	+6.757e+03	+1.837e+03	+1.105e+04	+0.214
52.900	+5.974e+03	+2.888e+03	+9.542e+03	+0.326
53.000	+7.091e+03	+3.030e+03	+9.433e+03	+0.299
53.100	+6.843e+03	+2.464e+03	+1.131e+04	+0.265
53.200	+7.688e+03	+2.358e+03	+9.605e+03	+0.235
53.300	+6.792e+03	+3.626e+03	+9.737e+03	+0.348
53.400	+6.243e+03	+4.019e+03	+1.053e+04	+0.392
53.500	+2.988e+03	+7.622e+03	+9.654e+03	+0.718
53.600	+3.411e+03	+6.567e+03	+1.036e+04	+0.658
53.700	+3.609e+03	+7.682e+03	+9.177e+03	+0.680
53.800	+3.926e+03	+6.791e+03	+1.020e+04	+0.634
53.900	+3.488e+03	+6.605e+03	+9.540e+03	+0.654
54.000	+2.754e+03	+7.341e+03	+9.874e+03	+0.727
54.100	+1.527e+03	+6.788e+03	+1.058e+04	+0.816
54.200	+2.615e+03	+8.295e+03	+9.873e+03	+0.760
54.300	+4.299e+03	+6.321e+03	+1.006e+04	+0.595
54.400	+3.807e+03	+7.954e+03	+1.159e+04	+0.676
54.500	+3.967e+03	+5.855e+03	+9.252e+03	+0.596
54.600	+7.519e+03	+3.809e+03	+9.148e+03	+0.336
54.700	+6.622e+03	+3.916e+03	+9.840e+03	+0.372
54.800	+6.285e+03	+3.313e+03	+9.997e+03	+0.345
54.900	+6.755e+03	+1.116e+03	+9.612e+03	+0.142
55.000	+5.484e+03	+3.996e+03	+1.019e+04	+0.422
55.100	+7.102e+03	+3.384e+03	+1.096e+04	+0.323
55.200	+5.590e+03	+3.715e+03	+8.986e+03	+0.399
55.300	+7.604e+03	+2.841e+03	+1.008e+04	+0.272
55.400	+7.263e+03	+3.186e+03	+9.169e+03	+0.305
55.500	+4.826e+03	+2.382e+03	+9.965e+03	+0.330
55.600	+7.771e+03	+2.387e+03	+9.736e+03	+0.235
55.700	+7.778e+03	+2.867e+03	+1.168e+04	+0.269
55.800	+5.171e+03	+5.572e+03	+1.057e+04	+0.519
55.900	+7.108e+03	+3.025e+03	+9.457e+03	+0.299
56.000	+5.695e+03	+3.122e+03	+1.097e+04	+0.354
56.100	+6.304e+03	+3.745e+03	+1.039e+04	+0.373
56.200	+6.348e+03	+2.144e+03	+9.248e+03	+0.253
56.300	+7.029e+03	+2.237e+03	+9.964e+03	+0.241
56.400	+6.194e+03	+4.572e+03	+9.195e+03	+0.425
56.500	+2.045e+03	+7.187e+03	+9.740e+03	+0.779
56.600	+2.585e+03	+5.704e+03	+1.009e+04	+0.688
56.700	+3.875e+03	+7.740e+03	+1.013e+04	+0.666
56.800	+2.519e+03	+6.875e+03	+1.065e+04	+0.732
56.900	+1.672e+03	+7.228e+03	+1.149e+04	+0.812
57.000	+3.365e+03	+5.343e+03	+1.173e+04	+0.614
57.100	+2.843e+03	+7.355e+03	+9.823e+03	+0.721
57.200	+1.771e+03	+8.396e+03	+1.189e+04	+0.826
57.300	+3.243e+03	+6.435e+03	+1.086e+04	+0.665
57.400	+3.366e+03	+6.782e+03	+1.042e+04	+0.668
57.500	+3.524e+03	+6.179e+03	+9.736e+03	+0.637
57.600	+1.842e+03	+8.802e+03	+9.968e+03	+0.827
57.700	+4.075e+03	+8.649e+03	+1.120e+04	+0.680
57.800	+3.437e+03	+6.814e+03	+8.792e+03	+0.665
57.900	+1.398e+03	+5.344e+03	+1.007e+04	+0.793
58.000	+2.592e+03	+7.701e+03	+9.264e+03	+0.748
58.100	+3.203e+03	+6.861e+03	+9.354e+03	+0.682
58.200	+2.504e+03	+6.227e+03	+8.872e+03	+0.713
58.300	+4.553e+03	+6.341e+03	+9.843e+03	+0.582
58.400	+2.271e+03	+6.158e+03	+1.040e+04	+0.731
58.500	+7.837e+03	+4.067e+03	+1.049e+04	+0.342
58.600	+6.464e+03	+1.963e+03	+1.154e+04	+0.233
58.700	+6.146e+03	+2.276e+03	+1.073e+04	+0.270
58.800	+7.854e+03	+2.341e+03	+1.115e+04	+0.230
58.900	+6.800e+03	+3.726e+03	+9.282e+03	+0.354
59.000	+5.545e+03	+2.501e+03	+1.151e+04	+0.311
59.100	+8.462e+03	+2.365e+03	+1.040e+04	+0.218
59.200	+7.742e+03	+2.997e+03	+8.607e+03	+0.279
59.300	+5.454e+03	+2.442e+03	+8.934e+03	+0.309
59.400	+6.720e+03	+2.923e+03	+1.064e+04	+0.303
59.500	+7.833e+03	+4.129e+03	+1.023e+04	+0.345
59.600	+6.911e+03	+3.267e+03	+9.495e+03	+0.321
59.700	+6.872e+03	+2.554e+03	+1.013e+04	+0.271
59.800	+5.665e+03	+3.474e+03	+1.004e+04	+0.380
59.900	+6.259e+03	+1.510e+03	+1.078e+04	+0.194
60.000	+8.092e+03	+2.009e+03	+9.999e+03	+0.199
60.100	+8.231e+03	+2.604e+03	+1.015e+04	+0.240
60.200	+7.088e+03	+3.700e+03	+1.024e+04	+0.343
60.300	+6.667e+03	+1.946e+03	+9.594e+03	+0.226
60.400	+7.553e+03	+2.621e+03	+9.172e+03	+0.258
60.500	+6.529e+03	+3.396e+03	+9.236e+03	+0.342
60.600	+6.918e+03	+3.458e+03	+9.915e+03	+0.333
60.700	+6.930e+03	+2.183e+03	+9.331e+03	+0.240
60.800	+6.234e+03	+2.930e+03	+9.630e+03	+0.320
60.900	+7.018e+03	+2.497e+03	+9.363e+03	+0.262
61.000	+5.693e+03	+3.764e+03	+1.014e+04	+0.398
61.100	+6.590e+03	+2.175e+03	+1.033e+04	+0.248
61.200	+8.023e+03	+3.078e+03	+8.945e+03	+0.277
61.300	+6.363e+03	+4.893e+03	+9.856e+03	+0.435
61.400	+2.042e+03	+7.072e+03	+1.030e+04	+0.776
61.500	+2.002e+03	+6.458e+03	+1.031e+04	+0.763
61.600	+2.776e+03	+5.690e+03	+1.049e+04	+0.672
61.700	+4.580e+03	+6.423e+03	+1.036e+04	+0.584
61.800	+2.407e+03	+7.862e+03	+8.849e+03	+0.766
61.900	+1.794e+03	+7.593e+03	+1.032e+04	+0.809
62.000	+3.556e+03	+6.916e+03	+1.044e+04	+0.660
62.100	+1.894e+03	+6.810e+03	+8.530e+03	+0.782
62.200	+2.830e+03	+6.274e+03	+8.412e+03	+0.689
62.300	+3.949e+03	+6.923e+03	+9.942e+03	+0.637
62.400	+2.511e+03	+6.491e+03	+9.959e+03	+0.721
62.500	+3.199e+03	+5.524e+03	+9.886e+03	+0.633
62.600	+2.836e+03	+4.948e+03	+9.646e+03	+0.636
62.700	+4.066e+03	+7.116e+03	+9.491e+03	+0.636
62.800	+1.999e+03	+7.467e+03	+9.606e+03	+0.789
62.900	+5.129e+03	+4.586e+03	+9.259e+03	+0.472
63.000	+7.285e+03	+4.022e+03	+1.032e+04	+0.356
63.100	+4.749e+03	+4.813e+03	+1.039e+04	+0.503
63.200	+1.847e+03	+8.382e+03	+9.381e+03	+0.819
63.300	+3.717e+03	+7.186e+03	+1.051e+04	+0.659
63.400	+2.488e+03	+8.578e+03	+1.129e+04	+0.775
63.500	+2.505e+03	+6.238e+03	+7.096e+03	+0.713
63.600	+3.284e+03	+7.697e+03	+9.655e+03	+0.701
63.700	+1.125e+03	+6.983e+03	+9.838e+03	+0.861
63.800	+3.558e+03	+6.813e+03	+1.028e+04	+0.657
63.900	+3.817e+03	+7.412e+03	+9.658e+03	+0.660
64.000	+1.897e+03	+7.529e+03	+9.450e+03	+0.799
64.100	+3.279e+03	+5.878e+03	+8.562e+03	+0.642
64.200	+3.888e+03	+6.500e+03	+1.048e+04	+0.626
64.300	+2.072e+03	+5.201e+03	+1.048e+04	+0.715
64.400	+2.940e+03	+4.574e+03	+8.467e+03	+0.609
64.500	+2.305e+03	+7.895e+03	+1.022e+04	+0.774
64.600	+2.703e+03	+7.611e+03	+9.633e+03	+0.738
64.700	+4.116e+03	+6.300e+03	+9.139e+03	+0.605
64.800	+7.483e+03	+1.141e+03	+9.863e+03	+0.132
64.900	+5.751e+03	+2.798e+03	+1.091e+04	+0.327
65.000	+6.062e+03	+3.493e+03	+1.174e+04	+0.366
65.100	+6.485e+03	+3.300e+03	+9.264e+03	+0.337
65.200	+6.116e+03	+3.216e+03	+9.275e+03	+0.345
65.300	+1.658e+03	+7.014e+03	+1.112e+04	+0.809
65.400	+6.326e+03	+3.481e+03	+1.061e+04	+0.355
65.500	+7.349e+03	+1.496e+03	+1.050e+04	+0.169
65.600	+4.454e+03	+6.374e+03	+9.695e+03	+0.589
65.700	+2.395e+03	+8.118e+03	+1.051e+04	+0.772
65.800	+3.995e+03	+5.600e+03	+1.019e+04	+0.584
65.900	+3.547e+03	+6.842e+03	+9.839e+03	+0.659
66.000	+3.023e+03	+6.941e+03	+9.734e+03	+0.697
66.100	+4.375e+03	+7.965e+03	+9.676e+03	+0.645
66.200	+3.247e+03	+7.461e+03	+1.003e+04	+0.697
66.300	+2.696e+03	+6.332e+03	+1.032e+04	+0.701
66.400	+3.613e+03	+7.450e+03	+9.936e+03	+0.673
66.500	+5.800e+03	+7.859e+03	+9.696e+03	+0.575
66.600	+2.769e+03	+7.669e+03	+9.206e+03	+0.735
66.700	+2.931e+03	+6.832e+03	+9.390e+03	+0.700
66.800	+3.470e+03	+6.648e+03	+9.328e+03	+0.657
66.900	+3.083e+03	+8.162e+03	+9.354e+03	+0.726
67.000	+3.054e+03	+5.777e+03	+1.019e+04	+0.654
67.100	+1.559e+03	+7.525e+03	+1.033e+04	+0.828
67.200	+3.127e+03	+7.505e+03	+1.041e+04	+0.706
67.300	+1.996e+03	+7.483e+03	+1.017e+04	+0.789
67.400	+2.273e+03	+6.947e+03	+1.131e+04	+0.753
67.500	+3.155e+03	+7.241e+03	+1.049e+04	+0.696
67.600	+3.878e+03	+4.856e+03	+1.133e+04	+0.556
67.700	+7.197e+03	+1.814e+03	+1.119e+04	+0.201
67.800	+5.885e+03	+2.961e+03	+8.136e+03	+0.335
67.900	+6.230e+03	+3.809e+03	+1.086e+04	+0.379
68.000	+7.347e+03	+3.169e+03	+9.700e+03	+0.301
68.100	+7.325e+03	+2.447e+03	+8.923e+03	+0.250
68.200	+7.578e+03	+2.169e+03	+1.011e+04	+0.223
68.300	+6.497e+03	+3.820e+03	+9.675e+03	+0.370
68.400	+8.203e+03	+4.316e+03	+8.966e+03	+0.345
68.500	+6.590e+03	+3.634e+03	+8.865e+03	+0.355
68.600	+5.847e+03	+3.260e+03	+1.005e+04	+0.358
68.700	+5.889e+03	+1.885e+03	+9.868e+03	+0.243
68.800	+7.253e+03	+3.227e+03	+9.038e+03	+0.308
68.900	+6.395e+03	+2.541e+03	+1.038e+04	+0.284
69.000	+7.799e+03	+2.731e+03	+1.070e+04	+0.259
69.100	+7.085e+03	+3.155e+03	+8.990e+03	+0.308
69.200	+6.427e+03	+1.751e+03	+1.124e+04	+0.214
69.300	+5.163e+03	+3.713e+03	+1.002e+04	+0.418
69.400	+7.600e+03	+2.135e+03	+1.019e+04	+0.219
69.500	+7.824e+03	+1.926e+03	+9.509e+03	+0.198
69.600	+7.921e+03	+1.956e+03	+1.018e+04	+0.198
69.700	+7.898e+03	+2.485e+03	+9.644e+03	+0.239
69.800	+6.477e+03	+2.714e+03	+9.128e+03	+0.295
69.900	+5.460e+03	+5.045e+03	+1.014e+04	+0.480
70.000	+6.108e+03	+3.706e+03	+9.631e+03	+0.378
70.100	+7.357e+03	+2.513e+03	+1.139e+04	+0.255
70.200	+5.143e+03	+3.100e+03	+1.013e+04	+0.376
70.300	+6.228e+03	+3.328e+03	+1.046e+04	+0.348
70.400	+3.266e+03	+6.768e+03	+8.516e+03	+0.675
70.500	+3.473e+03	+7.906e+03	+9.300e+03	+0.695
70.600	+2.932e+03	+7.487e+03	+1.022e+04	+0.719
70.700	+3.400e+03	+6.732e+03	+1.048e+04	+0.664
70.800	+2.798e+03	+6.610e+03	+1.005e+04	+0.703
70.900	+1.860e+03	+6.996e+03	+1.045e+04	+0.790
71.000	+4.570e+03	+7.283e+03	+1.007e+04	+0.614
71.100	+2.864e+03	+5.662e+03	+1.110e+04	+0.664
71.200	+3.887e+03	+6.117e+03	+1.003e+04	+0.611
71.300	+4.135e+03	+6.224e+03	+1.050e+04	+0.601
71.400	+2.882e+03	+4.994e+03	+9.297e+03	+0.634
71.500	+2.093e+03	+6.680e+03	+9.804e+03	+0.761
71.600	+3.314e+03	+6.766e+03	+9.965e+03	+0.671
71.700	+2.581e+03	+7.166e+03	+9.855e+03	+0.735
71.800	+3.135e+03	+5.768e+03	+1.054e+04	+0.648
71.900	+2.578e+03	+6.601e+03	+1.098e+04	+0.719
72.000	+3.268e+03	+6.943e+03	+1.118e+04	+0.680
72.100	+6.283e+03	+1.732e+03	+1.039e+04	+0.216
72.200	+6.176e+03	+2.675e+03	+1.097e+04	+0.302
72.300	+6.885e+03	+2.422e+03	+9.937e+03	+0.260
72.400	+6.563e+03	+2.692e+03	+1.058e+04	+0.291
72.500	+6.920e+03	+1.987e+03	+9.467e+03	+0.223
72.600	+6.050e+03	+2.263e+03	+9.550e+03	+0.272
72.700	+6.826e+03	+3.180e+03	+1.106e+04	+0.318
72.800	+6.519e+03	+4.041e+03	+1.135e+04	+0.383
72.900	+6.333e+03	+3.227e+03	+1.071e+04	+0.338
73.000	+6.758e+03	+2.807e+03	+9.963e+03	+0.293
73.100	+6.602e+03	+1.329e+03	+1.071e+04	+0.168
73.200	+2.903e+03	+7.284e+03	+9.801e+03	+0.715
73.300	+2.580e+03	+6.267e+03	+1.085e+04	+0.708
73.400	+3.864e+03	+7.032e+03	+1.028e+04	+0.645
73.500	+4.003e+03	+7.156e+03	+8.286e+03	+0.641
73.600	+3.119e+03	+7.035e+03	+1.058e+04	+0.693
73.700	+4.218e+03	+6.674e+03	+1.086e+04	+0.613
73.800	+1.474e+03	+6.156e+03	+1.103e+04	+0.807
73.900	+3.662e+03	+7.255e+03	+1.049e+04	+0.665
74.000	+3.324e+03	+6.555e+03	+9.955e+03	+0.663
74.100	+3.599e+03	+6.567e+03	+1.097e+04	+0.646
74.200	+3.266e+03	+6.631e+03	+1.125e+04	+0.670
74.300	+3.120e+03	+7.754e+03	+1.093e+04	+0.713
74.400	+2.468e+03	+7.291e+03	+8.953e+03	+0.747
74.500	+3.877e+03	+7.634e+03	+9.268e+03	+0.663
74.600	+3.923e+03	+8.656e+03	+9.624e+03	+0.688
74.700	+3.483e+03	+6.562e+03	+8.972e+03	+0.653
74.800	+4.182e+03	+7.484e+03	+9.731e+03	+0.642
74.900	+2.474e+03	+6.888e+03	+1.055e+04	+0.736
75.000	+2.511e+03	+6.961e+03	+8.711e+03	+0.735
75.100	+2.680e+03	+7.217e+03	+1.003e+04	+0.729
75.200	+3.158e+03	+7.386e+03	+9.497e+03	+0.701
75.300	+2.056e+03	+7.462e+03	+1.013e+04	+0.784
75.400	+3.260e+03	+6.130e+03	+9.347e+03	+0.653
75.500	+3.415e+03	+7.620e+03	+1.062e+04	+0.691
75.600	+2.692e+03	+6.422e+03	+9.256e+03	+0.705
75.700	+3.067e+03	+6.422e+03	+9.107e+03	+0.677
75.800	+3.346e+03	+6.908e+03	+9.458e+03	+0.674
75.900	+5.349e+03	+4.050e+03	+1.026e+04	+0.431
76.000	+7.942e+03	+3.726e+03	+1.097e+04	+0.319
76.100	+7.146e+03	+2.813e+03	+1.069e+04	+0.282
76.200	+6.575e+03	+3.368e+03	+9.746e+03	+0.339
76.300	+6.711e+03	+3.347e+03	+1.027e+04	+0.333
76.400	+6.961e+03	+4.281e+03	+1.137e+04	+0.381
76.500	+3.096e+03	+7.200e+03	+1.064e+04	+0.699
76.600	+3.583e+03	+8.213e+03	+1.031e+04	+0.696
76.700	+3.507e+03	+7.380e+03	+9.876e+03	+0.678
76.800	+2.053e+03	+6.684e+03	+1.101e+04	+0.765
76.900	+3.428e+03	+6.789e+03	+9.660e+03	+0.664
77.000	+3.425e+03	+7.915e+03	+1.074e+04	+0.698
77.100	+3.155e+03	+7.559e+03	+9.782e+03	+0.706
77.200	+3.164e+03	+8.071e+03	+1.052e+04	+0.718
77.300	+3.129e+03	+7.308e+03	+9.643e+03	+0.700
77.400	+3.152e+03	+6.078e+03	+9.353e+03	+0.659
77.500	+3.232e+03	+6.586e+03	+1.006e+04	+0.671
77.600	+2.644e+03	+6.039e+03	+1.105e+04	+0.695
77.700	+5.103e+03	+4.703e+03	+9.470e+03	+0.480
77.800	+7.091e+03	+2.711e+03	+9.896e+03	+0.277
77.900	+6.278e+03	+3.077e+03	+9.605e+03	+0.329
78.000	+7.120e+03	+3.675e+03	+1.133e+04	+0.340
78.100	+6.908e+03	+1.845e+03	+9.372e+03	+0.211
78.200	+5.717e+03	+3.723e+03	+1.020e+04	+0.394
78.300	+6.978e+03	+2.918e+03	+8.952e+03	+0.295
78.400	+7.941e+03	+2.837e+03	+9.545e+03	+0.263
78.500	+7.478e+03	+3.368e+03	+9.176e+03	+0.311
78.600	+6.275e+03	+2.246e+03	+9.450e+03	+0.264
78.700	+7.066e+03	+4.208e+03	+9.342e+03	+0.373
78.800	+3.291e+03	+5.530e+03	+9.809e+03	+0.627
78.900	+3.317e+03	+7.479e+03	+9.651e+03	+0.693
79.000	+1.446e+03	+7.058e+03	+9.089e+03	+0.830
79.100	+1.966e+03	+5.473e+03	+9.957e+03	+0.736
79.200	+2.427e+03	+7.294e+03	+9.888e+03	+0.750
79.300	+4.573e+03	+7.695e+03	+1.056e+04	+0.627
79.400	+3.365e+03	+6.254e+03	+1.161e+04	+0.650
79.500	+2.898e+03	+6.903e+03	+9.937e+03	+0.704
79.600	+3.568e+03	+6.419e+03	+9.426e+03	+0.643
79.700	+3.837e+03	+8.189e+03	+1.136e+04	+0.681
79.800	+1.368e+03	+6.714e+03	+8.368e+03	+0.831
79.900	+2.723e+03	+5.753e+03	+8.736e+03	+0.679
80.000	+3.660e+03	+7.259e+03	+9.607e+03	+0.665
80.100	+4.730e+03	+7.013e+03	+1.142e+04	+0.597
80.200	+3.386e+03	+6.764e+03	+1.040e+04	+0.666
80.300	+4.110e+03	+6.782e+03	+8.997e+03	+0.623
80.400	+3.070e+03	+6.720e+03	+1.007e+04	+0.686
80.500	+4.146e+03	+4.713e+03	+9.831e+03	+0.532
80.600	+6.614e+03	+3.624e+03	+1.036e+04	+0.354
80.700	+6.239e+03	+3.059e+03	+1.032e+04	+0.329
80.800	+5.732e+03	+2.613e+03	+1.109e+04	+0.313
80.900	+6.329e+03	+3.595e+03	+9.951e+03	+0.362
81.000	+6.253e+03	+3.486e+03	+9.571e+03	+0.358
81.100	+6.697e+03	+2.960e+03	+9.457e+03	+0.307
81.200	+7.350e+03	+2.367e+03	+1.012e+04	+0.244
81.300	+7.174e+03	+2.178e+03	+1.013e+04	+0.233
81.400	+7.651e+03	+2.829e+03	+1.097e+04	+0.270
81.500	+2.985e+03	+7.036e+03	+1.013e+04	+0.702
81.600	+3.677e+03	+8.630e+03	+9.595e+03	+0.701
81.700	+2.318e+03	+7.342e+03	+9.130e+03	+0.760
81.800	+2.054e+03	+7.981e+03	+1.044e+04	+0.795
81.900	+4.062e+03	+7.470e+03	+1.161e+04	+0.648
82.000	+3.593e+03	+7.469e+03	+1.048e+04	+0.675
82.100	+4.280e+03	+7.326e+03	+9.893e+03	+0.631
82.200	+3.825e+03	+5.796e+03	+8.749e+03	+0.602
82.300	+7.105e+03	+4.182e+03	+8.871e+03	+0.371
82.400	+6.662e+03	+3.346e+03	+9.757e+03	+0.334
82.500	+7.553e+03	+3.092e+03	+9.929e+03	+0.290
82.600	+7.080e+03	+2.939e+03	+1.064e+04	+0.293
82.700	+7.817e+03	+2.801e+03	+1.038e+04	+0.264
82.800	+6.513e+03	+3.212e+03	+1.140e+04	+0.330
82.900	+6.731e+03	+3.709e+03	+9.428e+03	+0.355
83.000	+6.023e+03	+3.289e+03	+1.019e+04	+0.353
83.100	+6.945e+03	+3.167e+03	+9.338e+03	+0.313
83.200	+7.664e+03	+3.960e+03	+1.018e+04	+0.341
83.300	+7.495e+03	+4.002e+03	+1.037e+04	+0.348
83.400	+6.979e+03	+2.100e+03	+1.084e+04	+0.231
83.500	+7.496e+03	+2.492e+03	+8.872e+03	+0.250
83.600	+6.659e+03	+3.671e+03	+1.181e+04	+0.355
83.700	+6.790e+03	+2.536e+03	+1.044e+04	+0.272
83.800	+7.366e+03	+2.506e+03	+9.542e+03	+0.254
83.900	+5.663e+03	+2.047e+03	+9.672e+03	+0.265
84.000	+8.819e+03	+3.228e+03	+1.113e+04	+0.268
84.100	+7.691e+03	+2.297e+03	+9.434e+03	+0.230
84.200	+7.271e+03	+2.832e+03	+9.393e+03	+0.280
84.300	+6.866e+03	+3.741e+03	+9.553e+03	+0.353
84.400	+6.171e+03	+1.168e+03	+9.888e+03	+0.159
84.500	+7.153e+03	+3.459e+03	+1.064e+04	+0.326
84.600	+4.975e+03	+5.200e+03	+1.089e+04	+0.511
84.700	+4.513e+03	+8.219e+03	+1.029e+04	+0.646
84.800	+2.367e+03	+7.665e+03	+1.073e+04	+0.764
84.900	+3.347e+03	+8.010e+03	+9.115e+03	+0.705
85.000	+2.600e+03	+7.047e+03	+9.670e+03	+0.730
85.100	+2.475e+03	+6.834e+03	+1.059e+04	+0.734
85.200	+3.026e+03	+7.573e+03	+1.113e+04	+0.715
85.300	+2.304e+03	+7.954e+03	+8.675e+03	+0.775
85.400	+3.198e+03	+8.034e+03	+9.210e+03	+0.715
85.500	+3.800e+03	+6.980e+03	+1.010e+04	+0.648
85.600	+3.205e+03	+6.898e+03	+1.033e+04	+0.683
85.700	+2.066e+03	+7.482e+03	+9.191e+03	+0.784
85.800	+3.021e+03	+6.594e+03	+1.031e+04	+0.686
85.900	+2.965e+03	+7.174e+03	+9.610e+03	+0.708
86.000	+2.969e+03	+7.631e+03	+9.452e+03	+0.720
86.100	+2.713e+03	+7.012e+03	+1.106e+04	+0.721
86.200	+3.620e+03	+7.274e+03	+1.023e+04	+0.668
86.300	+1.411e+03	+7.079e+03	+9.291e+03	+0.834
86.400	+2.973e+03	+7.378e+03	+1.047e+04	+0.713
86.500	+2.350e+03	+7.539e+03	+1.053e+04	+0.762
86.600	+3.669e+03	+6.993e+03	+1.041e+04	+0.656
86.700	+2.812e+03	+7.090e+03	+8.896e+03	+0.716
86.800	+3.485e+03	+7.742e+03	+9.796e+03	+0.690
86.900	+3.098e+03	+7.268e+03	+1.131e+04	+0.701
87.000	+4.078e+03	+7.163e+03	+9.968e+03	+0.637
87.100	+2.209e+03	+7.156e+03	+1.076e+04	+0.764
87.200	+3.304e+03	+5.395e+03	+1.021e+04	+0.620
87.300	+2.656e+03	+6.310e+03	+9.898e+03	+0.704
87.400	+2.641e+03	+7.046e+03	+8.955e+03	+0.727
87.500	+2.929e+03	+7.378e+03	+1.147e+04	+0.716
87.600	+6.816e+03	+2.909e+03	+1.060e+04	+0.299
87.700	+5.790e+03	+1.138e+03	+9.238e+03	+0.164
87.800	+7.073e+03	+4.564e+03	+1.112e+04	+0.392
87.900	+6.514e+03	+3.499e+03	+1.023e+04	+0.349
88.000	+7.916e+03	+2.617e+03	+1.089e+04	+0.248
88.100	+7.865e+03	+2.672e+03	+9.002e+03	+0.254
88.200	+7.677e+03	+2.286e+03	+9.648e+03	+0.229
88.300	+6.522e+03	+2.611e+03	+9.614e+03	+0.286
88.400	+6.918e+03	+1.798e+03	+1.020e+04	+0.206
88.500	+6.830e+03	+3.580e+03	+1.057e+04	+0.344
88.600	+6.830e+03	+3.202e+03	+9.655e+03	+0.319
88.700	+2.657e+03	+7.307e+03	+1.014e+04	+0.733
88.800	+2.836e+03	+6.729e+03	+9.292e+03	+0.704
88.900	+2.530e+03	+7.354e+03	+1.070e+04	+0.744
89.000	+1.018e+03	+5.322e+03	+1.003e+04	+0.839
89.100	+2.124e+03	+5.988e+03	+8.162e+03	+0.738
89.200	+2.955e+03	+6.200e+03	+1.074e+04	+0.677
89.300	+2.603e+03	+7.732e+03	+9.657e+03	+0.748
89.400	+3.296e+03	+7.651e+03	+8.832e+03	+0.699
89.500	+3.514e+03	+6.471e+03	+9.373e+03	+0.648
89.600	+3.823e+03	+7.147e+03	+1.025e+04	+0.652
89.700	+3.333e+03	+6.763e+03	+1.028e+04	+0.670
89.800	+1.582e+03	+6.523e+03	+1.094e+04	+0.805
89.900	+4.089e+03	+6.331e+03	+1.043e+04	+0.608
90.000	+2.604e+03	+7.540e+03	+1.038e+04	+0.743
90.100	+3.188e+03	+7.004e+03	+1.073e+04	+0.687
90.200	+3.873e+03	+7.300e+03	+9.174e+03	+0.653
90.300	+1.936e+03	+8.089e+03	+1.021e+04	+0.807
90.400	+2.337e+03	+7.277e+03	+1.006e+04	+0.757
90.500	+3.164e+03	+8.350e+03	+8.097e+03	+0.725
90.600	+2.846e+03	+7.117e+03	+9.685e+03	+0.714
90.700	+1.163e+03	+6.733e+03	+8.752e+03	+0.853
90.800	+1.930e+03	+7.328e+03	+9.199e+03	+0.792
90.900	+4.229e+03	+6.902e+03	+1.051e+04	+0.620
91.000	+2.689e+03	+7.523e+03	+9.352e+03	+0.737
91.100	+1.594e+03	+7.389e+03	+1.115e+04	+0.823
91.200	+2.364e+03	+5.506e+03	+1.157e+04	+0.700
91.300	+3.697e+03	+6.929e+03	+9.226e+03	+0.652
91.400	+2.514e+03	+6.882e+03	+1.015e+04	+0.732
91.500	+2.920e+03	+7.925e+03	+9.800e+03	+0.731
91.600	+3.910e+03	+6.602e+03	+8.167e+03	+0.628
91.700	+4.418e+03	+6.907e+03	+9.790e+03	+0.610
91.800	+3.505e+03	+8.110e+03	+1.025e+04	+0.698
91.900	+3.862e+03	+5.190e+03	+9.620e+03	+0.573
92.000	+3.926e+03	+7.057e+03	+1.046e+04	+0.643
92.100	+3.102e+03	+5.359e+03	+9.000e+03	+0.633
92.200	+2.034e+03	+6.515e+03	+9.737e+03	+0.762
92.300	+3.811e+03	+5.993e+03	+1.015e+04	+0.611
92.400	+3.230e+03	+5.817e+03	+9.520e+03	+0.643
92.500	+2.259e+03	+6.460e+03	+9.971e+03	+0.741
92.600	+4.181e+03	+7.150e+03	+1.176e+04	+0.631
92.700	+2.905e+03	+7.698e+03	+9.714e+03	+0.726
92.800	+3.128e+03	+6.644e+03	+1.122e+04	+0.680
92.900	+2.406e+03	+7.105e+03	+1.002e+04	+0.747
93.000	+4.971e+03	+6.160e+03	+1.008e+04	+0.553
93.100	+3.701e+03	+7.702e+03	+1.016e+04	+0.675
93.200	+6.999e+03	+4.204e+03	+9.986e+03	+0.375
93.300	+5.488e+03	+2.170e+03	+1.033e+04	+0.283
93.400	+6.180e+03	+3.985e+03	+9.641e+03	+0.392
93.500	+8.904e+03	+1.580e+03	+1.056e+04	+0.151
93.600	+7.632e+03	+2.560e+03	+1.068e+04	+0.251
93.700	+7.220e+03	+2.658e+03	+9.485e+03	+0.269
93.800	+6.388e+03	+4.471e+03	+9.787e+03	+0.412
93.900	+7.441e+03	+3.970e+03	+1.071e+04	+0.348
94.000	+5.750e+03	+2.912e+03	+9.723e+03	+0.336
94.100	+7.917e+03	+3.891e+03	+9.549e+03	+0.330
94.200	+7.346e+03	+3.807e+03	+9.212e+03	+0.341
94.300	+6.740e+03	+2.945e+03	+9.004e+03	+0.304
94.400	+5.870e+03	+2.922e+03	+9.646e+03	+0.332
94.500	+7.864e+03	+1.574e+03	+9.985e+03	+0.167
94.600	+7.252e+03	+2.800e+03	+9.331e+03	+0.279
94.700	+9.741e+03	+2.497e+03	+9.497e+03	+0.204
94.800	+6.523e+03	+2.637e+03	+9.441e+03	+0.288
94.900	+6.813e+03	+3.607e+03	+1.069e+04	+0.346
95.000	+5.389e+03	+4.000e+03	+9.826e+03	+0.426
95.100	+7.742e+03	+3.203e+03	+1.122e+04	+0.293
95.200	+6.954e+03	+3.059e+03	+1.079e+04	+0.306
95.300	+5.723e+03	+3.166e+03	+1.017e+04	+0.356
95.400	+6.396e+03	+1.822e+03	+9.357e+03	+0.222
95.500	+5.849e+03	+1.474e+03	+1.010e+04	+0.201
95.600	+6.547e+03	+4.206e+03	+8.951e+03	+0.391
95.700	+7.803e+03	+1.554e+03	+1.053e+04	+0.166
95.800	+8.100e+03	+3.831e+03	+1.141e+04	+0.321
95.900	+6.851e+03	+3.436e+03	+1.035e+04	+0.334
96.000	+4.449e+03	+4.653e+03	+8.970e+03	+0.511
96.100	+3.085e+03	+7.309e+03	+9.754e+03	+0.703
96.200	+2.048e+03	+6.992e+03	+9.104e+03	+0.773
96.300	+2.962e+03	+7.316e+03	+1.078e+04	+0.712
96.400	+2.727e+03	+6.889e+03	+1.175e+04	+0.716
96.500	+4.235e+03	+7.290e+03	+1.090e+04	+0.633
96.600	+4.243e+03	+6.255e+03	+1.080e+04	+0.596
96.700	+1.639e+03	+8.839e+03	+9.032e+03	+0.844
96.800	+2.707e+03	+7.299e+03	+1.074e+04	+0.729
96.900	+2.992e+03	+7.606e+03	+9.812e+03	+0.718
97.000	+3.619e+03	+7.987e+03	+1.074e+04	+0.688
97.100	+3.702e+03	+7.566e+03	+1.044e+04	+0.671
97.200	+3.343e+03	+6.737e+03	+1.054e+04	+0.668
97.300	+2.489e+03	+6.976e+03	+1.097e+04	+0.737
97.400	+3.537e+03	+7.180e+03	+9.370e+03	+0.670
97.500	+3.940e+03	+6.444e+03	+9.630e+03	+0.621
97.600	+3.526e+03	+6.870e+03	+9.532e+03	+0.661
97.700	+2.115e+03	+7.618e+03	+9.815e+03	+0.783
97.800	+1.912e+03	+7.128e+03	+1.023e+04	+0.788
97.900	+3.889e+03	+7.983e+03	+1.062e+04	+0.672
98.000	+2.829e+03	+7.341e+03	+1.147e+04	+0.722
98.100	+4.238e+03	+7.977e+03	+8.361e+03	+0.653
98.200	+5.001e+03	+5.735e+03	+9.329e+03	+0.534
98.300	+7.165e+03	+2.855e+03	+9.223e+03	+0.285
98.400	+3.538e+03	+7.508e+03	+1.086e+04	+0.680
98.500	+4.004e+03	+6.783e+03	+9.579e+03	+0.629
98.600	+2.010e+03	+6.882e+03	+9.987e+03	+0.774
98.700	+2.225e+03	+6.832e+03	+1.031e+04	+0.754
98.800	+3.300e+03	+6.834e+03	+9.408e+03	+0.674
98.900	+3.243e+03	+7.091e+03	+1.060e+04	+0.686
99.000	+2.712e+03	+7.159e+03	+1.104e+04	+0.725
99.100	+1.661e+03	+6.014e+03	+9.710e+03	+0.784
99.200	+3.707e+03	+7.290e+03	+9.374e+03	+0.663
99.300	+2.672e+03	+6.542e+03	+1.022e+04	+0.710
99.400	+1.663e+03	+5.812e+03	+9.438e+03	+0.778
99.500	+2.464e+03	+7.782e+03	+9.911e+03	+0.760
99.600	+3.154e+03	+6.868e+03	+9.365e+03	+0.685
99.700	+5.002e+03	+6.882e+03	+9.859e+03	+0.579
99.800	+2.311e+03	+6.940e+03	+1.031e+04	+0.750
99.900	+2.291e+03	+7.396e+03	+9.686e+03	+0.764
100.000	+3.185e+03	+6.988e+03	+1.018e+04	+0.687
100.100	+4.152e+03	+7.773e+03	+1.101e+04	+0.652
100.200	+1.706e+03	+6.892e+03	+9.359e+03	+0.802
100.300	+1.578e+03	+5.324e+03	+9.854e+03	+0.771
100.400	+3.420e+03	+7.642e+03	+9.268e+03	+0.691
100.500	+4.205e+03	+8.308e+03	+9.904e+03	+0.664
100.600	+4.481e+03	+6.024e+03	+1.008e+04	+0.573
100.700	+6.682e+03	+1.931e+03	+1.097e+04	+0.224
100.800	+6.585e+03	+2.305e+03	+9.787e+03	+0.259
100.900	+5.232e+03	+3.540e+03	+1.025e+04	+0.404
101.000	+8.000e+03	+2.848e+03	+9.925e+03	+0.263
101.100	+6.119e+03	+1.815e+03	+1.036e+04	+0.229
101.200	+7.643e+03	+2.854e+03	+1.006e+04	+0.272
101.300	+6.357e+03	+1.083e+03	+1.081e+04	+0.146
101.400	+7.004e+03	+2.914e+03	+9.376e+03	+0.294
101.500	+6.035e+03	+3.408e+03	+1.112e+04	+0.361
101.600	+5.688e+03	+4.964e+03	+1.017e+04	+0.466
101.700	+2.976e+03	+7.489e+03	+1.012e+04	+0.716
101.800	+1.228e+03	+6.558e+03	+1.072e+04	+0.842
101.900	+2.969e+03	+5.640e+03	+1.087e+04	+0.655
102.000	+4.100e+03	+6.152e+03	+1.007e+04	+0.600
102.100	+3.309e+03	+8.460e+03	+1.101e+04	+0.719
102.200	+3.533e+03	+7.073e+03	+9.404e+03	+0.667
102.300	+6.602e+03	+3.064e+03	+1.052e+04	+0.317
102.400	+6.036e+03	+2.230e+03	+9.982e+03	+0.270
102.500	+8.981e+03	+4.185e+03	+1.035e+04	+0.318
102.600	+7.593e+03	+2.814e+03	+1.063e+04	+0.270
102.700	+3.764e+03	+6.272e+03	+9.858e+03	+0.625
102.800	+3.918e+03	+6.310e+03	+9.511e+03	+0.617
102.900	+3.694e+03	+7.599e+03	+1.114e+04	+0.673
103.000	+4.216e+03	+7.580e+03	+9.823e+03	+0.643
103.100	+2.620e+03	+6.911e+03	+8.757e+03	+0.725
103.200	+2.622e+03	+8.094e+03	+9.747e+03	+0.755
103.300	+6.018e+03	+5.019e+03	+1.065e+04	+0.455
103.400	+8.536e+03	+3.878e+03	+1.078e+04	+0.312
103.500	+5.779e+03	+2.994e+03	+1.116e+04	+0.341
103.600	+6.778e+03	+4.514e+03	+1.058e+04	+0.400
103.700	+7.210e+03	+3.005e+03	+9.245e+03	+0.294
103.800	+7.183e+03	+3.249e+03	+9.601e+03	+0.311
103.900	+7.020e+03	+4.212e+03	+1.067e+04	+0.375
104.000	+7.198e+03	+2.704e+03	+1.019e+04	+0.273
104.100	+7.060e+03	+3.451e+03	+1.005e+04	+0.328
104.200	+7.340e+03	+1.366e+03	+1.155e+04	+0.157
104.300	+7.819e+03	+4.363e+03	+1.007e+04	+0.358
104.400	+7.502e+03	+2.822e+03	+9.351e+03	+0.273
104.500	+3.917e+03	+5.373e+03	+1.059e+04	+0.578
104.600	+3.250e+03	+8.281e+03	+1.012e+04	+0.718
104.700	+3.426e+03	+7.594e+03	+1.097e+04	+0.689
104.800	+2.643e+03	+6.414e+03	+9.910e+03	+0.708
104.900	+2.083e+03	+7.573e+03	+1.019e+04	+0.784
105.000	+1.877e+03	+5.383e+03	+9.870e+03	+0.741
105.100	+3.963e+03	+6.112e+03	+1.056e+04	+0.607
105.200	+2.034e+03	+5.762e+03	+8.883e+03	+0.739
105.300	+3.058e+03	+5.969e+03	+1.010e+04	+0.661
105.400	+3.081e+03	+6.635e+03	+9.913e+03	+0.683
105.500	+2.254e+03	+5.365e+03	+1.030e+04	+0.704
105.600	+3.650e+03	+7.376e+03	+8.356e+03	+0.669
105.700	+4.075e+03	+7.733e+03	+9.212e+03	+0.655
105.800	+3.018e+03	+6.244e+03	+1.050e+04	+0.674
105.900	+2.277e+03	+7.813e+03	+8.347e+03	+0.774
106.000	+1.926e+03	+6.741e+03	+1.028e+04	+0.778
106.100	+2.123e+03	+6.896e+03	+8.591e+03	+0.765
106.200	+1.914e+03	+7.036e+03	+1.075e+04	+0.786
106.300	+4.873e+03	+7.579e+03	+9.304e+03	+0.609
106.400	+2.855e+03	+6.056e+03	+9.330e+03	+0.680
106.500	+2.388e+03	+7.669e+03	+8.819e+03	+0.763
106.600	+2.564e+03	+7.224e+03	+1.035e+04	+0.738
106.700	+5.836e+03	+4.197e+03	+1.190e+04	+0.418
106.800	+2.886e+03	+7.206e+03	+8.698e+03	+0.714
106.900	+5.643e+03	+3.000e+03	+9.193e+03	+0.347
107.000	+7.372e+03	+3.079e+03	+1.166e+04	+0.295
107.100	+6.930e+03	+2.090e+03	+1.028e+04	+0.232
107.200	+7.122e+03	+3.471e+03	+9.914e+03	+0.328
107.300	+8.387e+03	+3.206e+03	+1.046e+04	+0.277
107.400	+6.726e+03	+2.688e+03	+9.691e+03	+0.286
107.500	+6.706e+03	+2.874e+03	+1.023e+04	+0.300
107.600	+6.550e+03	+3.064e+03	+1.051e+04	+0.319
107.700	+6.662e+03	+2.712e+03	+1.185e+04	+0.289
107.800	+5.795e+03	+3.570e+03	+9.824e+03	+0.381
107.900	+6.087e+03	+3.860e+03	+1.143e+04	+0.388
108.000	+7.008e+03	+1.426e+03	+1.072e+04	+0.169
108.100	+5.910e+03	+2.970e+03	+9.581e+03	+0.334
108.200	+6.490e+03	+2.669e+03	+9.502e+03	+0.291
108.300	+6.178e+03	+2.867e+03	+9.549e+03	+0.317
108.400	+7.096e+03	+3.511e+03	+1.024e+04	+0.331
108.500	+6.839e+03	+3.242e+03	+8.926e+03	+0.322
108.600	+7.961e+03	+3.245e+03	+9.506e+03	+0.290
108.700	+2.909e+03	+8.102e+03	+1.013e+04	+0.736
108.800	+2.919e+03	+6.081e+03	+9.090e+03	+0.676
108.900	+3.766e+03	+7.639e+03	+9.173e+03	+0.670
109.000	+6.499e+03	+4.189e+03	+1.142e+04	+0.392
109.100	+6.407e+03	+3.035e+03	+9.270e+03	+0.321
109.200	+6.623e+03	+2.775e+03	+9.454e+03	+0.295
109.300	+2.716e+03	+7.255e+03	+1.033e+04	+0.728
109.400	+2.752e+03	+7.301e+03	+9.381e+03	+0.726
109.500	+1.929e+03	+6.539e+03	+1.113e+04	+0.772
109.600	+2.459e+03	+5.979e+03	+8.193e+03	+0.709
109.700	+2.617e+03	+5.356e+03	+1.033e+04	+0.672
109.800	+2.336e+03	+6.445e+03	+9.850e+03	+0.734
109.900	+5.348e+03	+3.709e+03	+1.057e+04	+0.410
110.000	+5.859e+03	+3.379e+03	+9.223e+03	+0.366
110.100	+8.075e+03	+3.302e+03	+8.435e+03	+0.290
110.200	+7.396e+03	+4.325e+03	+9.642e+03	+0.369
110.300	+6.347e+03	+2.412e+03	+1.097e+04	+0.275
110.400	+7.378e+03	+3.486e+03	+9.685e+03	+0.321
110.500	+6.461e+03	+3.922e+03	+9.768e+03	+0.378
110.600	+7.773e+03	+3.567e+03	+1.077e+04	+0.315
110.700	+2.630e+03	+7.003e+03	+1.080e+04	+0.727
110.800	+2.538e+03	+7.614e+03	+9.484e+03	+0.750
110.900	+3.229e+03	+5.816e+03	+9.444e+03	+0.643
111.000	+3.704e+03	+7.406e+03	+1.011e+04	+0.667
111.100	+2.357e+03	+7.500e+03	+1.009e+04	+0.761
111.200	+1.366e+03	+7.080e+03	+8.339e+03	+0.838
111.300	+2.761e+03	+6.934e+03	+8.814e+03	+0.715
111.400	+3.043e+03	+8.009e+03	+1.093e+04	+0.725
111.500	+2.491e+03	+6.704e+03	+9.352e+03	+0.729
111.600	+2.311e+03	+7.701e+03	+1.120e+04	+0.769
111.700	+2.892e+03	+7.547e+03	+1.031e+04	+0.723
111.800	+2.964e+03	+6.221e+03	+1.077e+04	+0.677
111.900	+2.773e+03	+7.539e+03	+9.483e+03	+0.731
112.000	+2.114e+03	+6.499e+03	+9.292e+03	+0.755
112.100	+2.435e+03	+7.516e+03	+1.025e+04	+0.755
112.200	+3.408e+03	+7.939e+03	+9.303e+03	+0.700
112.300	+2.993e+03	+6.681e+03	+1.040e+04	+0.691
112.400	+1.954e+03	+7.605e+03	+9.630e+03	+0.796
112.500	+2.021e+03	+6.008e+03	+9.690e+03	+0.748
112.600	+3.853e+03	+7.252e+03	+1.206e+04	+0.653
112.700	+3.378e+03	+6.302e+03	+1.019e+04	+0.651
112.800	+4.398e+03	+7.942e+03	+1.049e+04	+0.644
112.900	+3.489e+03	+8.110e+03	+1.110e+04	+0.699
113.000	+3.841e+03	+9.057e+03	+9.981e+03	+0.702
113.100	+3.392e+03	+8.868e+03	+9.255e+03	+0.723
113.200	+2.657e+03	+7.720e+03	+1.097e+04	+0.744
113.300	+3.290e+03	+5.261e+03	+9.782e+03	+0.615
113.400	+4.527e+03	+8.519e+03	+9.960e+03	+0.653
113.500	+4.359e+03	+5.632e+03	+1.059e+04	+0.564
113.600	+3.300e+03	+8.759e+03	+1.042e+04	+0.726
113.700	+6.117e+03	+4.014e+03	+8.977e+03	+0.396
113.800	+3.556e+03	+5.654e+03	+9.094e+03	+0.614
113.900	+2.412e+03	+6.381e+03	+8.916e+03	+0.726
114.000	+3.488e+03	+6.920e+03	+9.795e+03	+0.665
114.100	+2.706e+03	+7.171e+03	+9.238e+03	+0.726
114.200	+2.509e+03	+7.514e+03	+1.126e+04	+0.750
114.300	+2.989e+03	+7.710e+03	+9.655e+03	+0.721
114.400	+1.937e+03	+6.049e+03	+9.299e+03	+0.757
114.500	+3.171e+03	+7.730e+03	+1.047e+04	+0.709
114.600	+3.677e+03	+6.946e+03	+9.677e+03	+0.654
114.700	+2.889e+03	+6.380e+03	+1.100e+04	+0.688
114.800	+2.263e+03	+5.652e+03	+1.007e+04	+0.714
114.900	+3.471e+03	+6.429e+03	+1.090e+04	+0.649
115.000	+2.860e+03	+6.640e+03	+1.063e+04	+0.699
115.100	+2.301e+03	+7.717e+03	+1.065e+04	+0.770
115.200	+2.532e+03	+8.017e+03	+9.907e+03	+0.760
115.300	+2.953e+03	+6.557e+03	+9.594e+03	+0.690
115.400	+3.286e+03	+6.777e+03	+9.102e+03	+0.673
115.500	+3.759e+03	+6.287e+03	+9.635e+03	+0.626
115.600	+1.229e+03	+5.969e+03	+8.954e+03	+0.829
115.700	+3.891e+03	+6.487e+03	+1.210e+04	+0.625
115.800	+2.301e+03	+7.039e+03	+9.713e+03	+0.754
115.900	+3.162e+03	+6.705e+03	+9.427e+03	+0.680
116.000	+3.518e+03	+7.289e+03	+9.765e+03	+0.674
116.100	+1.775e+03	+8.650e+03	+1.110e+04	+0.830
116.200	+1.908e+03	+6.105e+03	+9.840e+03	+0.762
116.300	+2.119e+03	+6.088e+03	+8.774e+03	+0.742
116.400	+3.576e+03	+5.325e+03	+9.045e+03	+0.598
116.500	+4.241e+03	+8.060e+03	+9.772e+03	+0.655
116.600	+2.343e+03	+5.907e+03	+9.033e+03	+0.716
116.700	+4.489e+03	+5.994e+03	+1.033e+04	+0.572
116.800	+5.836e+03	+2.383e+03	+1.097e+04	+0.290
116.900	+7.311e+03	+2.343e+03	+1.038e+04	+0.243
117.000	+6.293e+03	+3.728e+03	+9.671e+03	+0.372
117.100	+5.718e+03	+3.049e+03	+9.496e+03	+0.348
117.200	+8.736e+03	+3.207e+03	+9.647e+03	+0.269
117.300	+8.226e+03	+2.001e+03	+7.968e+03	+0.196
117.400	+5.417e+03	+2.885e+03	+8.434e+03	+0.348
117.500	+6.205e+03	+1.971e+03	+1.027e+04	+0.241
117.600	+7.318e+03	+2.427e+03	+1.035e+04	+0.249
117.700	+6.191e+03	+2.052e+03	+1.005e+04	+0.249
117.800	+7.174e+03	+2.290e+03	+9.771e+03	+0.242
117.900	+6.788e+03	+4.295e+03	+9.529e+03	+0.387
118.000	+6.885e+03	+4.064e+03	+1.021e+04	+0.371
118.100	+7.336e+03	+3.176e+03	+9.613e+03	+0.302
118.200	+6.772e+03	+3.143e+03	+9.321e+03	+0.317
118.300	+8.370e+03	+2.223e+03	+1.068e+04	+0.210
118.400	+7.102e+03	+2.384e+03	+9.603e+03	+0.251
118.500	+7.908e+03	+2.527e+03	+9.558e+03	+0.242
118.600	+5.329e+03	+4.043e+03	+9.550e+03	+0.431
118.700	+7.672e+03	+3.471e+03	+9.625e+03	+0.312
118.800	+8.384e+03	+3.537e+03	+1.026e+04	+0.297
118.900	+8.199e+03	+3.878e+03	+1.041e+04	+0.321
119.000	+6.737e+03	+2.455e+03	+8.365e+03	+0.267
119.100	+6.696e+03	+2.013e+03	+1.060e+04	+0.231
119.200	+6.816e+03	+2.919e+03	+9.572e+03	+0.300
119.300	+7.498e+03	+3.276e+03	+9.983e+03	+0.304
119.400	+6.688e+03	+4.283e+03	+1.090e+04	+0.390
119.500	+6.409e+03	+4.224e+03	+1.046e+04	+0.397
119.600	+7.195e+03	+3.680e+03	+1.027e+04	+0.338
119.700	+6.801e+03	+2.879e+03	+1.079e+04	+0.297
119.800	+6.404e+03	+2.519e+03	+9.487e+03	+0.282
119.900	+6.064e+03	+2.361e+03	+1.118e+04	+0.280
120.000	+5.298e+03	+1.895e+03	+9.294e+03	+0.263
120.100	+6.651e+03	+2.764e+03	+9.855e+03	+0.294
120.200	+8.007e+03	+4.116e+03	+1.054e+04	+0.340
120.300	+6.860e+03	+3.797e+03	+9.795e+03	+0.356
120.400	+8.190e+03	+2.538e+03	+1.119e+04	+0.237
120.500	+6.145e+03	+3.301e+03	+1.076e+04	+0.349
120.600	+6.606e+03	+3.479e+03	+9.555e+03	+0.345
120.700	+6.977e+03	+1.983e+03	+1.012e+04	+0.221
120.800	+6.804e+03	+3.577e+03	+9.096e+03	+0.345
120.900	+5.608e+03	+2.461e+03	+9.665e+03	+0.305
121.000	+6.832e+03	+1.993e+03	+9.469e+03	+0.226
121.100	+7.834e+03	+3.368e+03	+1.158e+04	+0.301
121.200	+7.351e+03	+3.357e+03	+9.299e+03	+0.314
121.300	+6.308e+03	+3.394e+03	+1.124e+04	+0.350
121.400	+5.794e+03	+3.303e+03	+1.033e+04	+0.363
121.500	+5.449e+03	+2.441e+03	+9.196e+03	+0.309
121.600	+7.533e+03	+2.970e+03	+1.051e+04	+0.283
121.700	+8.262e+03	+3.570e+03	+9.361e+03	+0.302
121.800	+5.042e+03	+6.118e+03	+1.041e+04	+0.548
121.900	+2.384e+03	+6.677e+03	+9.528e+03	+0.737
122.000	+3.150e+03	+5.827e+03	+1.017e+04	+0.649
122.100	+3.213e+03	+6.914e+03	+9.411e+03	+0.683
122.200	+3.546e+03	+6.987e+03	+1.011e+04	+0.663
122.300	+2.851e+03	+8.242e+03	+9.673e+03	+0.743
122.400	+2.780e+03	+8.106e+03	+1.022e+04	+0.745
122.500	+1.833e+03	+5.459e+03	+1.098e+04	+0.749
122.600	+3.963e+03	+5.767e+03	+8.793e+03	+0.593
122.700	+3.524e+03	+8.250e+03	+9.759e+03	+0.701
122.800	+3.519e+03	+6.901e+03	+9.008e+03	+0.662
122.900	+7.170e+03	+4.768e+03	+9.956e+03	+0.399
123.000	+5.799e+03	+3.603e+03	+9.615e+03	+0.383
123.100	+6.963e+03	+4.071e+03	+1.001e+04	+0.369
123.200	+6.420e+03	+1.735e+03	+1.061e+04	+0.213
123.300	+7.820e+03	+3.975e+03	+1.014e+04	+0.337
123.400	+7.533e+03	+4.176e+03	+1.089e+04	+0.357
123.500	+7.083e+03	+3.024e+03	+9.468e+03	+0.299
123.600	+7.839e+03	+3.001e+03	+1.045e+04	+0.277
123.700	+8.722e+03	+3.357e+03	+9.975e+03	+0.278
123.800	+6.410e+03	+2.046e+03	+1.182e+04	+0.242
123.900	+3.789e+03	+6.505e+03	+9.588e+03	+0.632
124.000	+3.309e+03	+7.840e+03	+9.864e+03	+0.703
124.100	+5.565e+03	+4.713e+03	+1.129e+04	+0.459
124.200	+5.941e+03	+2.944e+03	+1.056e+04	+0.331
124.300	+7.251e+03	+2.717e+03	+1.039e+04	+0.273
124.400	+7.306e+03	+4.064e+03	+9.971e+03	+0.357
124.500	+6.126e+03	+3.850e+03	+9.296e+03	+0.386
124.600	+4.669e+03	+5.617e+03	+1.123e+04	+0.546
124.700	+2.484e+03	+6.720e+03	+1.080e+04	+0.730
124.800	+3.902e+03	+4.801e+03	+1.080e+04	+0.552
124.900	+7.148e+03	+3.105e+03	+1.008e+04	+0.303
