%t (s)	Idd (a.u.)	Ida (a.u.)	Iaa (a.u.)	FRET E
0.000	+4.796e+03	+5.275e+03	+1.122e+04	+0.524
0.100	+7.730e+03	+2.951e+03	+9.980e+03	+0.276
0.200	+7.067e+03	+3.465e+03	+1.052e+04	+0.329
0.300	+7.510e+03	+5.389e+03	+9.572e+03	+0.418
0.400	+6.021e+03	+1.596e+03	+1.139e+04	+0.210
0.500	+6.951e+03	+3.963e+03	+1.038e+04	+0.363
0.600	+4.927e+03	+5.556e+03	+1.072e+04	+0.530
0.700	+4.782e+03	+5.400e+03	+1.024e+04	+0.530
0.800	+3.027e+03	+7.644e+03	+1.118e+04	+0.716
0.900	+1.569e+03	+6.043e+03	+9.689e+03	+0.794
1.000	+1.316e+03	+6.558e+03	+1.097e+04	+0.833
1.100	+2.606e+03	+7.381e+03	+9.337e+03	+0.739
1.200	+3.148e+03	+6.513e+03	+1.001e+04	+0.674
1.300	+3.822e+03	+8.148e+03	+8.450e+03	+0.681
1.400	+4.219e+03	+7.542e+03	+1.017e+04	+0.641
1.500	+2.820e+03	+6.572e+03	+8.763e+03	+0.700
1.600	+2.669e+03	+5.932e+03	+1.018e+04	+0.690
1.700	+3.034e+03	+6.587e+03	+8.822e+03	+0.685
1.800	+1.122e+03	+6.454e+03	+9.876e+03	+0.852
1.900	+6.570e+02	+8.272e+03	+9.523e+03	+0.926
2.000	+2.755e+03	+6.825e+03	+9.147e+03	+0.712
2.100	+2.000e+03	+5.690e+03	+9.544e+03	+0.740
2.200	+2.500e+03	+6.932e+03	+8.700e+03	+0.735
2.300	+3.345e+03	+7.279e+03	+1.136e+04	+0.685
2.400	+3.059e+03	+7.472e+03	+1.021e+04	+0.710
2.500	+1.944e+03	+7.612e+03	+1.059e+04	+0.797
2.600	+2.864e+03	+5.582e+03	+1.011e+04	+0.661
2.700	+3.015e+03	+7.244e+03	+9.735e+03	+0.706
2.800	+2.459e+03	+6.900e+03	+1.059e+04	+0.737
2.900	+1.398e+03	+7.262e+03	+9.162e+03	+0.839
3.000	+2.350e+03	+6.479e+03	+9.237e+03	+0.734
3.100	+2.969e+03	+6.565e+03	+9.580e+03	+0.689
3.200	+2.329e+03	+7.213e+03	+1.102e+04	+0.756
3.300	+3.031e+03	+7.889e+03	+9.646e+03	+0.722
3.400	+3.266e+03	+8.188e+03	+1.121e+04	+0.715
3.500	+3.634e+03	+6.704e+03	+9.202e+03	+0.649
3.600	+3.062e+03	+7.027e+03	+1.100e+04	+0.697
3.700	+3.686e+03	+6.473e+03	+1.097e+04	+0.637
3.800	+3.083e+03	+5.749e+03	+9.526e+03	+0.651
3.900	+2.686e+03	+6.158e+03	+9.031e+03	+0.696
4.000	+2.304e+03	+5.567e+03	+9.514e+03	+0.707
4.100	+1.654e+03	+7.617e+03	+8.890e+03	+0.822
4.200	+2.779e+03	+7.201e+03	+9.811e+03	+0.722
4.300	+2.764e+03	+8.499e+03	+1.081e+04	+0.755
4.400	+1.961e+03	+7.867e+03	+8.835e+03	+0.800
4.500	+3.034e+03	+6.999e+03	+1.083e+04	+0.698
4.600	+4.563e+03	+7.310e+03	+9.847e+03	+0.616
4.700	+2.594e+03	+7.537e+03	+8.392e+03	+0.744
4.800	+5.639e+03	+5.159e+03	+9.799e+03	+0.478
4.900	+7.135e+03	+2.757e+03	+1.014e+04	+0.279
5.000	+8.039e+03	+3.233e+03	+1.016e+04	+0.287
5.100	+7.555e+03	+3.868e+03	+1.029e+04	+0.339
5.200	+6.446e+03	+2.447e+03	+1.080e+04	+0.275
5.300	+8.607e+03	+2.885e+03	+9.925e+03	+0.251
5.400	+6.227e+03	+3.189e+03	+1.031e+04	+0.339
5.500	+6.669e+03	+1.980e+03	+8.245e+03	+0.229
5.600	+8.094e+03	+2.385e+03	+1.040e+04	+0.228
5.700	+8.049e+03	+2.544e+03	+8.582e+03	+0.240
5.800	+5.935e+03	+2.676e+03	+9.851e+03	+0.311
5.900	+7.322e+03	+1.682e+03	+8.110e+03	+0.187
6.000	+5.456e+03	+2.699e+03	+1.033e+04	+0.331
6.100	+7.206e+03	+3.572e+03	+1.114e+04	+0.331
6.200	+2.439e+03	+5.900e+03	+1.043e+04	+0.708
6.300	+2.751e+03	+8.063e+03	+1.105e+04	+0.746
6.400	+2.976e+03	+6.761e+03	+1.011e+04	+0.694
6.500	+3.489e+03	+6.936e+03	+1.079e+04	+0.665
6.600	+2.325e+03	+7.299e+03	+9.942e+03	+0.758
6.700	+3.091e+03	+6.613e+03	+9.803e+03	+0.682
6.800	+3.040e+03	+6.759e+03	+9.498e+03	+0.690
6.900	+2.150e+03	+7.578e+03	+1.021e+04	+0.779
7.000	+1.150e+03	+7.878e+03	+1.146e+04	+0.873
7.100	+2.200e+03	+6.695e+03	+9.310e+03	+0.753
7.200	+3.379e+03	+5.558e+03	+1.067e+04	+0.622
7.300	+3.148e+03	+5.596e+03	+9.681e+03	+0.640
7.400	+2.290e+03	+6.820e+03	+9.405e+03	+0.749
7.500	+2.724e+03	+6.003e+03	+1.006e+04	+0.688
7.600	+4.012e+03	+5.974e+03	+1.034e+04	+0.598
7.700	+4.606e+03	+6.923e+03	+9.093e+03	+0.601
7.800	+3.359e+03	+6.204e+03	+9.392e+03	+0.649
7.900	+1.998e+03	+6.164e+03	+9.149e+03	+0.755
8.000	+2.118e+03	+6.216e+03	+1.046e+04	+0.746
8.100	+7.893e+02	+6.034e+03	+9.518e+03	+0.884
8.200	+4.043e+03	+6.912e+03	+9.752e+03	+0.631
8.300	+3.848e+03	+6.311e+03	+9.796e+03	+0.621
8.400	+2.228e+03	+6.451e+03	+1.037e+04	+0.743
8.500	+3.803e+03	+7.566e+03	+1.090e+04	+0.666
8.600	+3.203e+03	+6.506e+03	+1.018e+04	+0.670
8.700	+3.503e+03	+7.232e+03	+1.050e+04	+0.674
8.800	+2.366e+03	+6.164e+03	+8.824e+03	+0.723
8.900	+3.947e+03	+6.312e+03	+9.748e+03	+0.615
9.000	+3.070e+03	+7.420e+03	+9.832e+03	+0.707
9.100	+3.446e+03	+8.090e+03	+8.873e+03	+0.701
9.200	+3.777e+03	+7.570e+03	+9.999e+03	+0.667
9.300	+3.116e+03	+7.395e+03	+1.020e+04	+0.704
9.400	+2.891e+03	+7.758e+03	+1.051e+04	+0.729
9.500	+4.407e+03	+8.092e+03	+9.488e+03	+0.647
9.600	+1.766e+03	+7.301e+03	+1.079e+04	+0.805
9.700	+1.599e+03	+5.914e+03	+1.019e+04	+0.787
9.800	+3.804e+03	+8.213e+03	+9.657e+03	+0.683
9.900	+4.399e+03	+7.995e+03	+8.984e+03	+0.645
10.000	+1.726e+03	+7.081e+03	+1.050e+04	+0.804
10.100	+2.922e+03	+6.310e+03	+1.137e+04	+0.684
10.200	+1.492e+03	+7.803e+03	+1.096e+04	+0.839
10.300	+2.824e+03	+6.989e+03	+1.020e+04	+0.712
10.400	+3.186e+03	+6.003e+03	+9.270e+03	+0.653
10.500	+4.262e+03	+6.737e+03	+9.932e+03	+0.613
10.600	+2.243e+03	+7.627e+03	+1.201e+04	+0.773
10.700	+2.207e+03	+6.814e+03	+1.078e+04	+0.755
10.800	+2.295e+03	+7.035e+03	+1.004e+04	+0.754
10.900	+2.899e+03	+7.357e+03	+9.310e+03	+0.717
11.000	+2.714e+03	+8.417e+03	+1.112e+04	+0.756
11.100	+2.146e+03	+6.798e+03	+9.850e+03	+0.760
11.200	+2.516e+03	+7.220e+03	+9.465e+03	+0.742
11.300	+3.313e+03	+6.058e+03	+9.542e+03	+0.646
11.400	+3.256e+03	+6.573e+03	+1.102e+04	+0.669
11.500	+4.635e+03	+6.099e+03	+1.074e+04	+0.568
11.600	+4.398e+03	+6.850e+03	+1.032e+04	+0.609
11.700	+2.287e+03	+6.906e+03	+1.049e+04	+0.751
11.800	+2.017e+03	+7.485e+03	+1.058e+04	+0.788
11.900	+3.642e+03	+6.119e+03	+8.434e+03	+0.627
12.000	+3.148e+03	+5.960e+03	+1.040e+04	+0.654
12.100	+3.365e+03	+8.712e+03	+9.125e+03	+0.721
12.200	+2.191e+03	+7.518e+03	+1.099e+04	+0.774
12.300	+2.920e+03	+8.662e+03	+1.061e+04	+0.748
12.400	+2.442e+03	+6.870e+03	+9.367e+03	+0.738
12.500	+2.440e+03	+8.352e+03	+1.003e+04	+0.774
12.600	+2.946e+03	+7.370e+03	+1.037e+04	+0.714
12.700	+4.438e+03	+5.786e+03	+1.065e+04	+0.566
12.800	+5.111e+03	+5.790e+03	+1.034e+04	+0.531
12.900	+2.441e+03	+8.059e+03	+9.393e+03	+0.768
13.000	+2.129e+03	+7.447e+03	+9.870e+03	+0.778
13.100	+2.892e+03	+7.371e+03	+9.680e+03	+0.718
13.200	+2.543e+03	+6.233e+03	+1.021e+04	+0.710
13.300	+2.292e+03	+6.100e+03	+8.218e+03	+0.727
13.400	+3.410e+03	+7.386e+03	+9.415e+03	+0.684
13.500	+2.643e+03	+6.201e+03	+1.126e+04	+0.701
13.600	+3.837e+03	+7.683e+03	+1.071e+04	+0.667
13.700	+2.958e+03	+7.331e+03	+9.942e+03	+0.713
13.800	+2.571e+03	+6.566e+03	+1.047e+04	+0.719
13.900	+2.383e+03	+6.894e+03	+1.047e+04	+0.743
14.000	+2.674e+03	+6.763e+03	+8.949e+03	+0.717
14.100	+3.819e+03	+7.118e+03	+9.691e+03	+0.651
14.200	+3.232e+03	+6.031e+03	+9.885e+03	+0.651
14.300	+3.525e+03	+6.881e+03	+1.004e+04	+0.661
14.400	+2.965e+03	+9.672e+03	+9.324e+03	+0.765
14.500	+2.484e+03	+7.681e+03	+9.530e+03	+0.756
14.600	+1.321e+03	+5.671e+03	+8.957e+03	+0.811
14.700	+1.912e+03	+6.820e+03	+9.601e+03	+0.781
14.800	+4.540e+03	+6.262e+03	+8.359e+03	+0.580
14.900	+5.951e+03	+2.321e+03	+9.630e+03	+0.281
15.000	+5.925e+03	+2.499e+03	+1.074e+04	+0.297
15.100	+7.687e+03	+3.178e+03	+9.635e+03	+0.293
15.200	+5.522e+03	+2.825e+03	+1.191e+04	+0.338
15.300	+7.589e+03	+2.697e+03	+9.072e+03	+0.262
15.400	+6.283e+03	+3.796e+03	+1.000e+04	+0.377
15.500	+6.997e+03	+2.193e+03	+1.107e+04	+0.239
15.600	+7.823e+03	+3.186e+03	+1.079e+04	+0.289
15.700	+6.361e+03	+2.777e+03	+1.057e+04	+0.304
15.800	+6.689e+03	+4.083e+03	+1.090e+04	+0.379
15.900	+6.941e+03	+3.576e+03	+9.242e+03	+0.340
16.000	+4.833e+03	+5.742e+03	+9.756e+03	+0.543
16.100	+2.466e+03	+7.502e+03	+1.010e+04	+0.753
16.200	+2.831e+03	+6.183e+03	+1.053e+04	+0.686
16.300	+2.943e+03	+7.155e+03	+9.502e+03	+0.709
16.400	+3.133e+03	+7.944e+03	+9.792e+03	+0.717
16.500	+7.604e+03	+4.484e+03	+9.672e+03	+0.371
16.600	+4.950e+03	+3.782e+03	+1.017e+04	+0.433
16.700	+6.547e+03	+3.539e+03	+1.048e+04	+0.351
16.800	+7.175e+03	+2.051e+03	+8.660e+03	+0.222
16.900	+7.131e+03	+5.031e+03	+9.728e+03	+0.414
17.000	+5.846e+03	+1.712e+03	+9.643e+03	+0.227
17.100	+7.925e+03	+2.960e+03	+1.063e+04	+0.272
17.200	+7.296e+03	+2.403e+03	+1.122e+04	+0.248
17.300	+6.107e+03	+2.673e+03	+1.002e+04	+0.304
17.400	+7.760e+03	+4.300e+03	+1.065e+04	+0.357
17.500	+5.651e+03	+3.507e+03	+1.025e+04	+0.383
17.600	+3.828e+03	+6.484e+03	+1.005e+04	+0.629
17.700	+4.159e+03	+7.642e+03	+1.106e+04	+0.648
17.800	+2.275e+03	+6.350e+03	+9.502e+03	+0.736
17.900	+3.966e+03	+7.390e+03	+9.903e+03	+0.651
18.000	+2.917e+03	+6.968e+03	+1.047e+04	+0.705
18.100	+3.739e+03	+7.547e+03	+1.024e+04	+0.669
18.200	+2.374e+03	+7.338e+03	+1.028e+04	+0.756
18.300	+3.437e+03	+7.981e+03	+8.293e+03	+0.699
18.400	+2.770e+03	+6.838e+03	+1.000e+04	+0.712
18.500	+4.762e+03	+4.890e+03	+9.220e+03	+0.507
18.600	+6.804e+03	+2.914e+03	+1.035e+04	+0.300
18.700	+6.885e+03	+3.562e+03	+1.174e+04	+0.341
18.800	+5.837e+03	+3.891e+03	+1.011e+04	+0.400
18.900	+6.197e+03	+2.007e+03	+1.166e+04	+0.245
19.000	+2.537e+03	+5.380e+03	+1.024e+04	+0.680
19.100	+2.725e+03	+8.078e+03	+1.022e+04	+0.748
19.200	+3.788e+03	+5.477e+03	+9.962e+03	+0.591
19.300	+2.764e+03	+7.807e+03	+1.043e+04	+0.739
19.400	+2.131e+03	+7.505e+03	+1.083e+04	+0.779
19.500	+3.312e+03	+7.244e+03	+1.088e+04	+0.686
19.600	+3.465e+03	+6.806e+03	+9.828e+03	+0.663
19.700	+3.414e+03	+5.712e+03	+8.430e+03	+0.626
19.800	+3.986e+03	+7.173e+03	+9.713e+03	+0.643
19.900	+3.427e+03	+7.202e+03	+1.047e+04	+0.678
20.000	+1.636e+03	+7.405e+03	+1.010e+04	+0.819
20.100	+4.552e+03	+7.232e+03	+9.883e+03	+0.614
20.200	+2.726e+03	+7.482e+03	+8.956e+03	+0.733
20.300	+2.199e+03	+7.187e+03	+1.026e+04	+0.766
20.400	+2.611e+03	+6.124e+03	+1.049e+04	+0.701
20.500	+3.254e+03	+6.531e+03	+9.734e+03	+0.667
20.600	+3.546e+03	+6.711e+03	+9.983e+03	+0.654
20.700	+2.949e+03	+6.604e+03	+1.030e+04	+0.691
20.800	+4.082e+03	+6.917e+03	+9.876e+03	+0.629
20.900	+4.871e+03	+6.164e+03	+1.047e+04	+0.559
21.000	+3.510e+03	+7.148e+03	+8.699e+03	+0.671
21.100	+2.596e+03	+5.798e+03	+1.169e+04	+0.691
21.200	+3.889e+03	+8.117e+03	+1.047e+04	+0.676
21.300	+3.531e+03	+7.209e+03	+1.157e+04	+0.671
21.400	+3.499e+03	+6.218e+03	+1.018e+04	+0.640
21.500	+2.577e+03	+8.038e+03	+8.697e+03	+0.757
21.600	+4.345e+03	+7.193e+03	+1.008e+04	+0.623
21.700	+2.239e+03	+7.226e+03	+7.738e+03	+0.763
21.800	+3.105e+03	+7.670e+03	+1.021e+04	+0.712
21.900	+4.002e+03	+6.368e+03	+1.025e+04	+0.614
22.000	+4.596e+03	+8.165e+03	+9.098e+03	+0.640
22.100	+3.122e+03	+7.552e+03	+1.062e+04	+0.708
22.200	+3.132e+03	+6.181e+03	+1.136e+04	+0.664
22.300	+4.305e+03	+9.134e+03	+1.056e+04	+0.680
22.400	+4.181e+03	+7.085e+03	+1.125e+04	+0.629
22.500	+2.668e+03	+7.637e+03	+1.066e+04	+0.741
22.600	+3.383e+03	+7.140e+03	+1.119e+04	+0.678
22.700	+3.915e+03	+5.821e+03	+1.016e+04	+0.598
22.800	+3.400e+03	+7.905e+03	+9.831e+03	+0.699
22.900	+3.611e+03	+7.042e+03	+1.035e+04	+0.661
23.000	+2.393e+03	+5.962e+03	+1.184e+04	+0.714
23.100	+3.267e+03	+7.261e+03	+1.064e+04	+0.690
23.200	+2.210e+03	+6.849e+03	+1.119e+04	+0.756
23.300	+3.026e+03	+5.034e+03	+9.613e+03	+0.625
23.400	+2.386e+03	+6.178e+03	+9.600e+03	+0.721
23.500	+2.550e+03	+5.818e+03	+9.965e+03	+0.695
23.600	+5.897e+03	+2.483e+03	+9.712e+03	+0.296
23.700	+6.470e+03	+3.745e+03	+8.665e+03	+0.367
23.800	+5.925e+03	+3.977e+03	+8.681e+03	+0.402
23.900	+6.956e+03	+2.163e+03	+1.021e+04	+0.237
24.000	+8.648e+03	+2.779e+03	+8.500e+03	+0.243
24.100	+7.746e+03	+3.073e+03	+9.790e+03	+0.284
24.200	+6.543e+03	+3.923e+03	+1.099e+04	+0.375
24.300	+7.323e+03	+4.211e+03	+9.414e+03	+0.365
24.400	+6.471e+03	+3.391e+03	+1.015e+04	+0.344
24.500	+6.119e+03	+3.793e+03	+1.072e+04	+0.383
24.600	+4.190e+03	+4.968e+03	+1.127e+04	+0.543
24.700	+4.074e+03	+6.417e+03	+9.462e+03	+0.612
24.800	+2.995e+03	+7.168e+03	+9.232e+03	+0.705
24.900	+3.051e+03	+7.342e+03	+9.762e+03	+0.706
25.000	+4.061e+03	+7.557e+03	+9.833e+03	+0.650
25.100	+3.941e+03	+7.928e+03	+1.050e+04	+0.668
25.200	+2.136e+03	+6.323e+03	+1.145e+04	+0.747
25.300	+4.511e+03	+7.033e+03	+1.136e+04	+0.609
25.400	+4.031e+03	+7.404e+03	+1.069e+04	+0.647
25.500	+2.879e+03	+7.252e+03	+1.014e+04	+0.716
25.600	+3.503e+03	+8.014e+03	+1.090e+04	+0.696
25.700	+1.410e+03	+6.846e+03	+1.055e+04	+0.829
25.800	+6.904e+03	+4.082e+03	+1.090e+04	+0.372
25.900	+7.086e+03	+4.011e+03	+9.257e+03	+0.361
26.000	+5.603e+03	+4.256e+03	+9.933e+03	+0.432
26.100	+6.945e+03	+3.601e+03	+1.096e+04	+0.341
26.200	+7.497e+03	+2.510e+03	+9.573e+03	+0.251
26.300	+5.363e+03	+4.461e+03	+1.038e+04	+0.454
26.400	+7.197e+03	+3.053e+03	+1.077e+04	+0.298
26.500	+8.178e+03	+3.931e+03	+9.137e+03	+0.325
26.600	+6.429e+03	+2.840e+03	+1.095e+04	+0.306
26.700	+7.157e+03	+2.504e+03	+9.497e+03	+0.259
26.800	+7.061e+03	+3.446e+03	+8.953e+03	+0.328
26.900	+7.312e+03	+3.142e+03	+9.507e+03	+0.301
27.000	+7.627e+03	+3.659e+03	+1.015e+04	+0.324
27.100	+7.000e+03	+3.935e+03	+9.129e+03	+0.360
27.200	+7.211e+03	+2.891e+03	+9.560e+03	+0.286
27.300	+5.111e+03	+2.570e+03	+8.719e+03	+0.335
27.400	+7.293e+03	+3.133e+03	+9.184e+03	+0.300
27.500	+5.259e+03	+4.967e+03	+1.030e+04	+0.486
27.600	+3.726e+03	+7.585e+03	+1.086e+04	+0.671
27.700	+9.259e+03	+2.413e+03	+9.127e+03	+0.207
27.800	+6.682e+03	+2.527e+03	+9.506e+03	+0.274
27.900	+6.296e+03	+2.575e+03	+9.438e+03	+0.290
28.000	+7.126e+03	+2.674e+03	+1.100e+04	+0.273
28.100	+3.597e+03	+5.827e+03	+1.176e+04	+0.618
28.200	+4.257e+03	+6.110e+03	+1.202e+04	+0.589
28.300	+2.820e+03	+6.866e+03	+1.045e+04	+0.709
28.400	+2.823e+03	+7.295e+03	+9.538e+03	+0.721
28.500	+2.248e+03	+6.110e+03	+9.759e+03	+0.731
28.600	+1.589e+03	+6.380e+03	+9.528e+03	+0.801
28.700	+3.454e+03	+7.985e+03	+9.008e+03	+0.698
28.800	+2.548e+03	+6.365e+03	+9.889e+03	+0.714
28.900	+2.366e+03	+7.175e+03	+1.037e+04	+0.752
29.000	+4.078e+03	+5.998e+03	+9.537e+03	+0.595
29.100	+4.037e+03	+7.105e+03	+9.062e+03	+0.638
29.200	+3.807e+03	+7.863e+03	+8.913e+03	+0.674
29.300	+3.121e+03	+8.735e+03	+9.732e+03	+0.737
29.400	+3.378e+03	+5.337e+03	+9.851e+03	+0.612
29.500	+2.441e+03	+7.724e+03	+1.021e+04	+0.760
29.600	+4.434e+03	+7.485e+03	+1.139e+04	+0.628
29.700	+3.142e+03	+6.259e+03	+1.039e+04	+0.666
29.800	+3.720e+03	+7.225e+03	+1.016e+04	+0.660
29.900	+2.762e+03	+7.228e+03	+1.144e+04	+0.723
30.000	+3.020e+03	+8.919e+03	+9.439e+03	+0.747
30.100	+2.682e+03	+5.527e+03	+1.166e+04	+0.673
30.200	+2.838e+03	+7.829e+03	+8.854e+03	+0.734
30.300	+6.385e+03	+2.285e+03	+1.059e+04	+0.264
30.400	+6.936e+03	+3.246e+03	+1.011e+04	+0.319
30.500	+7.027e+03	+3.515e+03	+8.683e+03	+0.333
30.600	+6.018e+03	+3.731e+03	+1.146e+04	+0.383
30.700	+6.392e+03	+2.748e+03	+8.027e+03	+0.301
30.800	+6.274e+03	+3.619e+03	+1.017e+04	+0.366
30.900	+6.839e+03	+3.296e+03	+1.031e+04	+0.325
31.000	+7.569e+03	+1.895e+03	+1.068e+04	+0.200
31.100	+8.851e+03	+3.472e+03	+9.450e+03	+0.282
31.200	+7.111e+03	+2.682e+03	+8.963e+03	+0.274
31.300	+5.838e+03	+2.991e+03	+1.055e+04	+0.339
31.400	+7.424e+03	+2.755e+03	+9.833e+03	+0.271
31.500	+7.565e+03	+3.239e+03	+1.052e+04	+0.300
31.600	+6.618e+03	+4.421e+03	+9.362e+03	+0.400
31.700	+5.936e+03	+5.285e+03	+1.052e+04	+0.471
31.800	+2.230e+03	+6.427e+03	+1.062e+04	+0.742
31.900	+2.058e+03	+7.259e+03	+9.981e+03	+0.779
32.000	+3.367e+03	+6.542e+03	+1.005e+04	+0.660
32.100	+2.992e+03	+7.563e+03	+1.054e+04	+0.717
32.200	+2.883e+03	+4.739e+03	+8.991e+03	+0.622
32.300	+1.747e+03	+7.954e+03	+1.094e+04	+0.820
32.400	+3.171e+03	+6.730e+03	+1.036e+04	+0.680
32.500	+5.631e+03	+2.228e+03	+9.909e+03	+0.284
32.600	+7.269e+03	+1.664e+03	+1.199e+04	+0.186
32.700	+6.792e+03	+4.201e+03	+1.051e+04	+0.382
32.800	+7.031e+03	+4.088e+03	+1.052e+04	+0.368
32.900	+7.196e+03	+3.408e+03	+9.603e+03	+0.321
33.000	+7.653e+03	+3.169e+03	+9.183e+03	+0.293
33.100	+6.030e+03	+2.425e+03	+9.888e+03	+0.287
33.200	+6.746e+03	+3.727e+03	+1.004e+04	+0.356
33.300	+6.387e+03	+2.689e+03	+1.063e+04	+0.296
33.400	+7.191e+03	+3.627e+03	+1.046e+04	+0.335
33.500	+6.008e+03	+3.382e+03	+1.003e+04	+0.360
33.600	+7.120e+03	+4.195e+03	+1.013e+04	+0.371
33.700	+7.222e+03	+3.909e+03	+1.079e+04	+0.351
33.800	+6.978e+03	+3.542e+03	+8.942e+03	+0.337
33.900	+9.133e+03	+4.114e+03	+1.001e+04	+0.311
34.000	+6.995e+03	+2.024e+03	+1.015e+04	+0.224
34.100	+8.255e+03	+2.245e+03	+8.418e+03	+0.214
34.200	+6.961e+03	+3.469e+03	+9.308e+03	+0.333
34.300	+5.341e+03	+3.333e+03	+8.672e+03	+0.384
34.400	+6.982e+03	+2.325e+03	+1.019e+04	+0.250
34.500	+7.014e+03	+3.813e+03	+1.034e+04	+0.352
34.600	+5.803e+03	+2.697e+03	+1.034e+04	+0.317
34.700	+6.439e+03	+4.330e+03	+1.009e+04	+0.402
34.800	+1.297e+03	+6.900e+03	+1.124e+04	+0.842
34.900	+3.686e+03	+8.268e+03	+1.105e+04	+0.692
35.000	+3.941e+03	+6.083e+03	+1.032e+04	+0.607
35.100	+2.872e+03	+5.406e+03	+1.022e+04	+0.653
35.200	+7.967e+02	+7.690e+03	+1.139e+04	+0.906
35.300	+2.689e+03	+6.432e+03	+8.953e+03	+0.705
35.400	+1.967e+03	+6.964e+03	+9.560e+03	+0.780
35.500	+2.251e+03	+6.777e+03	+1.053e+04	+0.751
35.600	+2.589e+03	+7.723e+03	+1.054e+04	+0.749
35.700	+3.274e+03	+7.296e+03	+9.713e+03	+0.690
35.800	+2.399e+03	+7.887e+03	+9.636e+03	+0.767
35.900	+3.249e+03	+7.296e+03	+9.417e+03	+0.692
36.000	+4.387e+03	+8.664e+03	+9.958e+03	+0.664
36.100	+1.492e+03	+7.346e+03	+1.134e+04	+0.831
36.200	+3.555e+03	+6.777e+03	+9.704e+03	+0.656
36.300	+2.417e+03	+6.884e+03	+1.004e+04	+0.740
36.400	+4.309e+03	+7.409e+03	+9.852e+03	+0.632
36.500	+3.599e+03	+5.648e+03	+8.652e+03	+0.611
36.600	+4.321e+03	+7.809e+03	+9.153e+03	+0.644
36.700	+3.749e+03	+6.501e+03	+1.020e+04	+0.634
36.800	+2.320e+03	+7.446e+03	+9.750e+03	+0.762
36.900	+3.763e+03	+7.378e+03	+1.020e+04	+0.662
37.000	+2.305e+03	+6.537e+03	+1.080e+04	+0.739
37.100	+4.590e+03	+7.423e+03	+1.090e+04	+0.618
37.200	+3.614e+03	+6.826e+03	+1.123e+04	+0.654
37.300	+6.251e+03	+4.070e+03	+9.420e+03	+0.394
37.400	+6.880e+03	+4.058e+03	+9.082e+03	+0.371
37.500	+7.118e+03	+2.726e+03	+9.877e+03	+0.277
37.600	+8.882e+03	+3.284e+03	+9.653e+03	+0.270
37.700	+8.500e+03	+3.816e+03	+1.056e+04	+0.310
37.800	+6.351e+03	+3.943e+03	+1.021e+04	+0.383
37.900	+7.803e+03	+1.847e+03	+1.084e+04	+0.191
38.000	+7.735e+03	+3.807e+03	+1.072e+04	+0.330
38.100	+8.077e+03	+3.425e+03	+1.035e+04	+0.298
38.200	+7.499e+03	+3.272e+03	+9.916e+03	+0.304
38.300	+3.202e+03	+6.368e+03	+9.500e+03	+0.665
38.400	+2.511e+03	+6.174e+03	+8.129e+03	+0.711
38.500	+5.834e+03	+2.609e+03	+9.110e+03	+0.309
38.600	+6.886e+03	+4.146e+03	+1.015e+04	+0.376
38.700	+8.403e+03	+3.172e+03	+1.124e+04	+0.274
38.800	+5.501e+03	+4.553e+03	+9.798e+03	+0.453
38.900	+7.873e+03	+1.356e+03	+9.279e+03	+0.147
39.000	+6.494e+03	+2.726e+03	+9.412e+03	+0.296
39.100	+6.056e+03	+2.892e+03	+9.789e+03	+0.323
39.200	+6.867e+03	+3.903e+03	+1.001e+04	+0.362
39.300	+5.811e+03	+2.234e+03	+1.161e+04	+0.278
39.400	+4.295e+03	+5.924e+03	+9.509e+03	+0.580
39.500	+1.628e+03	+8.395e+03	+1.118e+04	+0.838
39.600	+2.389e+03	+6.120e+03	+1.022e+04	+0.719
39.700	+2.175e+03	+5.072e+03	+9.183e+03	+0.700
39.800	+3.253e+03	+7.448e+03	+1.030e+04	+0.696
39.900	+2.393e+03	+5.552e+03	+9.323e+03	+0.699
40.000	+2.650e+03	+6.045e+03	+9.968e+03	+0.695
40.100	+3.301e+03	+6.039e+03	+9.537e+03	+0.647
40.200	+3.512e+03	+6.108e+03	+8.673e+03	+0.635
40.300	+3.313e+03	+5.220e+03	+1.051e+04	+0.612
40.400	+3.623e+03	+6.006e+03	+9.933e+03	+0.624
40.500	+2.928e+03	+7.586e+03	+1.037e+04	+0.722
40.600	+2.948e+03	+6.206e+03	+9.530e+03	+0.678
40.700	+5.196e+03	+6.132e+03	+1.062e+04	+0.541
40.800	+3.137e+03	+7.385e+03	+9.833e+03	+0.702
40.900	+2.994e+03	+6.589e+03	+1.183e+04	+0.688
41.000	+2.905e+03	+8.027e+03	+9.605e+03	+0.734
41.100	+2.520e+03	+9.053e+03	+1.169e+04	+0.782
41.200	+2.417e+03	+6.685e+03	+1.035e+04	+0.734
41.300	+4.567e+03	+5.733e+03	+8.980e+03	+0.557
41.400	+3.244e+03	+6.926e+03	+9.226e+03	+0.681
41.500	+3.118e+03	+7.738e+03	+9.587e+03	+0.713
41.600	+3.271e+03	+7.646e+03	+8.739e+03	+0.700
41.700	+2.804e+03	+7.507e+03	+9.723e+03	+0.728
41.800	+1.866e+03	+5.765e+03	+9.835e+03	+0.755
41.900	+2.538e+03	+6.559e+03	+1.211e+04	+0.721
42.000	+4.817e+03	+6.625e+03	+9.292e+03	+0.579
42.100	+2.537e+03	+6.340e+03	+1.008e+04	+0.714
42.200	+3.403e+03	+6.027e+03	+1.004e+04	+0.639
42.300	+1.527e+03	+6.191e+03	+1.093e+04	+0.802
42.400	+2.757e+03	+8.067e+03	+1.015e+04	+0.745
42.500	+3.309e+03	+6.765e+03	+1.071e+04	+0.672
42.600	+2.444e+03	+7.485e+03	+1.072e+04	+0.754
42.700	+3.045e+03	+7.012e+03	+1.085e+04	+0.697
42.800	+2.604e+03	+7.138e+03	+1.054e+04	+0.733
42.900	+2.797e+03	+6.774e+03	+1.025e+04	+0.708
43.000	+3.065e+03	+7.281e+03	+1.035e+04	+0.704
43.100	+3.240e+03	+7.603e+03	+9.586e+03	+0.701
43.200	+1.051e+03	+4.625e+03	+9.576e+03	+0.815
43.300	+3.448e+03	+5.814e+03	+1.064e+04	+0.628
43.400	+2.752e+03	+7.138e+03	+1.029e+04	+0.722
43.500	+3.431e+03	+6.675e+03	+1.029e+04	+0.661
43.600	+1.587e+03	+7.062e+03	+1.055e+04	+0.817
43.700	+2.723e+03	+6.961e+03	+9.610e+03	+0.719
43.800	+3.209e+03	+8.203e+03	+9.815e+03	+0.719
43.900	+3.075e+03	+6.216e+03	+8.937e+03	+0.669
44.000	+2.047e+03	+6.380e+03	+1.107e+04	+0.757
44.100	+2.597e+03	+6.502e+03	+9.865e+03	+0.715
44.200	+2.190e+03	+7.233e+03	+1.022e+04	+0.768
44.300	+2.630e+03	+6.943e+03	+8.964e+03	+0.725
44.400	+2.589e+03	+7.478e+03	+9.502e+03	+0.743
44.500	+2.936e+03	+6.543e+03	+1.046e+04	+0.690
44.600	+3.037e+03	+7.534e+03	+1.069e+04	+0.713
44.700	+3.828e+03	+7.299e+03	+9.365e+03	+0.656
44.800	+3.083e+03	+7.718e+03	+1.017e+04	+0.715
44.900	+3.169e+03	+7.002e+03	+1.105e+04	+0.688
45.000	+1.642e+03	+8.101e+03	+9.824e+03	+0.831
45.100	+3.083e+03	+7.288e+03	+1.095e+04	+0.703
45.200	+4.018e+03	+5.951e+03	+1.189e+04	+0.597
45.300	+3.810e+03	+7.620e+03	+9.024e+03	+0.667
45.400	+2.533e+03	+7.874e+03	+1.001e+04	+0.757
45.500	+1.869e+03	+7.149e+03	+8.364e+03	+0.793
45.600	+5.582e+03	+4.442e+03	+1.038e+04	+0.443
45.700	+8.632e+03	+3.514e+03	+1.063e+04	+0.289
45.800	+6.645e+03	+1.790e+03	+1.115e+04	+0.212
45.900	+7.574e+03	+2.929e+03	+9.956e+03	+0.279
46.000	+7.774e+03	+2.785e+03	+1.057e+04	+0.264
46.100	+2.643e+03	+4.980e+03	+1.117e+04	+0.653
46.200	+3.697e+03	+7.766e+03	+9.576e+03	+0.677
46.300	+3.513e+03	+8.627e+03	+1.036e+04	+0.711
46.400	+4.947e+03	+6.286e+03	+1.068e+04	+0.560
46.500	+3.259e+03	+6.834e+03	+1.146e+04	+0.677
46.600	+4.239e+03	+6.462e+03	+9.523e+03	+0.604
46.700	+3.474e+03	+6.598e+03	+9.710e+03	+0.655
46.800	+4.912e+03	+6.670e+03	+1.019e+04	+0.576
46.900	+3.247e+03	+6.535e+03	+8.867e+03	+0.668
47.000	+3.473e+03	+7.750e+03	+1.111e+04	+0.691
47.100	+3.214e+03	+6.835e+03	+8.540e+03	+0.680
47.200	+3.659e+03	+6.473e+03	+1.011e+04	+0.639
47.300	+3.461e+03	+5.344e+03	+1.005e+04	+0.607
47.400	+3.055e+03	+7.054e+03	+1.044e+04	+0.698
47.500	+3.411e+03	+6.484e+03	+9.838e+03	+0.655
47.600	+1.767e+03	+6.022e+03	+1.082e+04	+0.773
47.700	+1.465e+03	+6.666e+03	+1.185e+04	+0.820
47.800	+3.575e+03	+5.211e+03	+1.095e+04	+0.593
47.900	+3.287e+03	+7.991e+03	+1.123e+04	+0.709
48.000	+1.670e+03	+6.532e+03	+9.661e+03	+0.796
48.100	+2.953e+03	+8.012e+03	+1.005e+04	+0.731
48.200	+3.469e+03	+6.899e+03	+9.408e+03	+0.665
48.300	+3.685e+03	+6.236e+03	+8.572e+03	+0.629
48.400	+1.678e+03	+7.274e+03	+9.684e+03	+0.813
48.500	+2.574e+03	+7.486e+03	+1.077e+04	+0.744
48.600	+2.229e+03	+6.396e+03	+1.153e+04	+0.742
48.700	+1.471e+03	+7.165e+03	+1.055e+04	+0.830
48.800	+2.288e+03	+7.453e+03	+1.018e+04	+0.765
48.900	+3.131e+03	+6.707e+03	+1.036e+04	+0.682
49.000	+3.408e+03	+7.856e+03	+1.032e+04	+0.697
49.100	+2.564e+03	+6.663e+03	+9.856e+03	+0.722
49.200	+2.140e+03	+7.935e+03	+9.815e+03	+0.788
49.300	+3.541e+03	+7.093e+03	+1.034e+04	+0.667
49.400	+2.345e+03	+7.590e+03	+9.680e+03	+0.764
49.500	+4.488e+03	+6.666e+03	+1.071e+04	+0.598
49.600	+2.339e+03	+7.085e+03	+1.114e+04	+0.752
49.700	+2.177e+03	+6.985e+03	+1.085e+04	+0.762
49.800	+2.592e+03	+7.060e+03	+9.457e+03	+0.731
49.900	+3.570e+03	+7.246e+03	+9.833e+03	+0.670
50.000	+2.555e+03	+7.254e+03	+9.949e+03	+0.740
50.100	+4.777e+03	+7.420e+03	+8.984e+03	+0.608
50.200	+2.057e+03	+6.176e+03	+8.695e+03	+0.750
50.300	+3.778e+03	+6.834e+03	+1.077e+04	+0.644
50.400	+2.956e+03	+6.919e+03	+9.327e+03	+0.701
50.500	+4.647e+03	+5.920e+03	+9.598e+03	+0.560
50.600	+6.310e+03	+3.878e+03	+1.004e+04	+0.381
50.700	+5.744e+03	+3.277e+03	+9.458e+03	+0.363
50.800	+7.181e+03	+2.001e+03	+9.178e+03	+0.218
50.900	+5.761e+03	+2.932e+03	+1.025e+04	+0.337
51.000	+7.263e+03	+2.793e+03	+1.014e+04	+0.278
51.100	+7.621e+03	+4.355e+03	+9.988e+03	+0.364
51.200	+8.556e+03	+3.092e+03	+1.021e+04	+0.265
51.300	+7.075e+03	+4.480e+03	+1.162e+04	+0.388
51.400	+7.007e+03	+2.578e+03	+9.384e+03	+0.269
51.500	+8.254e+03	+2.687e+03	+9.913e+03	+0.246
51.600	+4.615e+03	+7.018e+03	+9.658e+03	+0.603
51.700	+5.290e+03	+6.295e+03	+9.650e+03	+0.543
51.800	+7.596e+03	+2.023e+03	+1.037e+04	+0.210
51.900	+6.340e+03	+3.727e+03	+1.069e+04	+0.370
52.000	+6.629e+03	+2.210e+03	+1.107e+04	+0.250
52.100	+7.759e+03	+1.603e+03	+1.191e+04	+0.171
52.200	+6.562e+03	+2.361e+03	+8.972e+03	+0.265
52.300	+7.207e+03	+3.161e+03	+8.688e+03	+0.305
52.400	+7.355e+03	+3.032e+03	+1.018e+04	+0.292
52.500	+7.046e+03	+2.896e+03	+1.109e+04	+0.291
52.600	+7.925e+03	+2.164e+03	+9.024e+03	+0.214
52.700	+6.715e+03	+2.226e+03	+9.526e+03	+0.249
52.800	+7.265e+03	+3.788e+03	+9.453e+03	+0.343
52.900	+6.082e+03	+3.244e+03	+1.040e+04	+0.348
53.000	+6.301e+03	+2.676e+03	+9.591e+03	+0.298
53.100	+7.334e+03	+1.900e+03	+1.037e+04	+0.206
53.200	+7.513e+03	+2.977e+03	+9.370e+03	+0.284
53.300	+5.988e+03	+4.386e+03	+1.062e+04	+0.423
53.400	+5.673e+03	+6.709e+03	+9.968e+03	+0.542
53.500	+3.906e+03	+6.394e+03	+1.126e+04	+0.621
53.600	+3.159e+03	+7.751e+03	+9.669e+03	+0.710
53.700	+1.542e+03	+7.931e+03	+1.019e+04	+0.837
53.800	+2.097e+03	+6.523e+03	+9.815e+03	+0.757
53.900	+3.804e+03	+6.298e+03	+1.054e+04	+0.623
54.000	+2.098e+03	+7.401e+03	+1.031e+04	+0.779
54.100	+2.372e+03	+6.296e+03	+1.059e+04	+0.726
54.200	+3.851e+03	+7.693e+03	+1.065e+04	+0.666
54.300	+2.521e+03	+8.176e+03	+1.024e+04	+0.764
54.400	+3.382e+03	+6.357e+03	+9.889e+03	+0.653
54.500	+3.371e+03	+6.946e+03	+1.043e+04	+0.673
54.600	+1.702e+03	+6.872e+03	+8.949e+03	+0.801
54.700	+3.967e+03	+7.091e+03	+1.141e+04	+0.641
54.800	+3.348e+03	+6.715e+03	+8.863e+03	+0.667
54.900	+3.912e+03	+7.643e+03	+1.176e+04	+0.661
55.000	+2.932e+03	+5.682e+03	+8.355e+03	+0.660
55.100	+2.828e+03	+7.653e+03	+1.166e+04	+0.730
55.200	+2.215e+03	+6.413e+03	+1.070e+04	+0.743
55.300	+2.151e+03	+7.218e+03	+9.385e+03	+0.770
55.400	+2.870e+03	+6.582e+03	+8.427e+03	+0.696
55.500	+3.924e+03	+6.864e+03	+9.637e+03	+0.636
55.600	+3.633e+03	+7.813e+03	+1.028e+04	+0.683
55.700	+1.598e+03	+8.111e+03	+9.819e+03	+0.835
55.800	+3.182e+03	+6.486e+03	+9.779e+03	+0.671
55.900	+2.289e+03	+6.534e+03	+1.255e+04	+0.741
56.000	+3.342e+03	+6.859e+03	+1.028e+04	+0.672
56.100	+2.737e+03	+5.499e+03	+1.161e+04	+0.668
56.200	+2.140e+03	+6.912e+03	+9.565e+03	+0.764
56.300	+3.258e+03	+5.885e+03	+1.179e+04	+0.644
56.400	+4.154e+03	+7.835e+03	+8.432e+03	+0.654
56.500	+2.740e+03	+6.115e+03	+9.599e+03	+0.691
56.600	+3.720e+03	+7.283e+03	+1.090e+04	+0.662
56.700	+2.617e+03	+5.737e+03	+1.095e+04	+0.687
56.800	+2.741e+03	+6.940e+03	+9.030e+03	+0.717
56.900	+1.264e+03	+6.852e+03	+9.744e+03	+0.844
57.000	+4.150e+03	+7.575e+03	+1.007e+04	+0.646
57.100	+2.599e+03	+7.370e+03	+8.738e+03	+0.739
57.200	+2.125e+03	+6.548e+03	+9.169e+03	+0.755
57.300	+1.933e+03	+8.257e+03	+1.033e+04	+0.810
57.400	+2.807e+03	+6.424e+03	+8.552e+03	+0.696
57.500	+4.049e+03	+5.652e+03	+1.057e+04	+0.583
57.600	+2.785e+03	+7.637e+03	+1.013e+04	+0.733
57.700	+1.025e+03	+6.384e+03	+9.761e+03	+0.862
57.800	+4.979e+03	+7.411e+03	+1.041e+04	+0.598
57.900	+1.751e+03	+6.906e+03	+9.728e+03	+0.798
58.000	+3.556e+03	+7.205e+03	+9.645e+03	+0.670
58.100	+2.041e+03	+7.095e+03	+9.025e+03	+0.777
58.200	+2.660e+03	+7.267e+03	+1.090e+04	+0.732
58.300	+2.799e+03	+7.280e+03	+9.881e+03	+0.722
58.400	+2.553e+03	+6.206e+03	+9.991e+03	+0.708
58.500	+3.047e+03	+6.074e+03	+1.017e+04	+0.666
58.600	+1.504e+03	+7.863e+03	+9.488e+03	+0.839
58.700	+3.242e+03	+7.189e+03	+9.447e+03	+0.689
58.800	+2.463e+03	+8.464e+03	+8.907e+03	+0.775
58.900	+3.516e+03	+8.756e+03	+1.109e+04	+0.713
59.000	+3.997e+03	+6.442e+03	+1.047e+04	+0.617
59.100	+3.315e+03	+7.049e+03	+1.048e+04	+0.680
59.200	+2.299e+03	+6.547e+03	+8.851e+03	+0.740
59.300	+2.680e+03	+5.753e+03	+9.676e+03	+0.682
59.400	+2.138e+03	+6.305e+03	+1.156e+04	+0.747
59.500	+3.163e+03	+7.448e+03	+9.893e+03	+0.702
59.600	+3.786e+03	+5.940e+03	+8.971e+03	+0.611
59.700	+2.471e+03	+6.109e+03	+1.114e+04	+0.712
59.800	+4.553e+03	+5.733e+03	+1.033e+04	+0.557
59.900	+6.445e+03	+3.356e+03	+9.935e+03	+0.342
60.000	+7.016e+03	+5.459e+03	+1.040e+04	+0.438
60.100	+7.620e+03	+1.284e+03	+1.062e+04	+0.144
60.200	+5.596e+03	+3.764e+03	+8.776e+03	+0.402
60.300	+6.752e+03	+1.210e+03	+9.490e+03	+0.152
60.400	+6.325e+03	+2.809e+03	+9.890e+03	+0.308
60.500	+6.966e+03	+2.838e+03	+9.749e+03	+0.289
60.600	+6.330e+03	+3.645e+03	+9.383e+03	+0.365
60.700	+3.911e+03	+5.043e+03	+1.025e+04	+0.563
60.800	+2.672e+03	+7.757e+03	+9.811e+03	+0.744
60.900	+1.131e+03	+6.607e+03	+9.002e+03	+0.854
61.000	+1.926e+03	+6.635e+03	+9.844e+03	+0.775
61.100	+4.056e+03	+7.578e+03	+1.101e+04	+0.651
61.200	+2.635e+03	+6.644e+03	+9.353e+03	+0.716
61.300	+4.746e+03	+8.308e+03	+8.896e+03	+0.636
61.400	+2.611e+03	+7.715e+03	+1.155e+04	+0.747
61.500	+3.370e+03	+5.445e+03	+9.083e+03	+0.618
61.600	+2.505e+03	+6.773e+03	+9.984e+03	+0.730
61.700	+3.036e+03	+6.991e+03	+8.668e+03	+0.697
61.800	+2.173e+03	+6.267e+03	+9.680e+03	+0.743
61.900	+7.038e+03	+4.233e+03	+9.583e+03	+0.376
62.000	+8.003e+03	+2.819e+03	+9.838e+03	+0.260
62.100	+7.568e+03	+2.706e+03	+8.584e+03	+0.263
62.200	+7.029e+03	+2.360e+03	+9.341e+03	+0.251
62.300	+7.504e+03	+3.131e+03	+9.203e+03	+0.294
62.400	+6.282e+03	+3.022e+03	+1.028e+04	+0.325
62.500	+5.841e+03	+2.436e+03	+1.024e+04	+0.294
62.600	+6.862e+03	+2.859e+03	+1.092e+04	+0.294
62.700	+7.336e+03	+2.826e+03	+1.064e+04	+0.278
62.800	+7.600e+03	+2.258e+03	+8.835e+03	+0.229
62.900	+7.020e+03	+2.220e+03	+1.131e+04	+0.240
63.000	+6.782e+03	+2.820e+03	+1.039e+04	+0.294
63.100	+6.749e+03	+3.044e+03	+1.101e+04	+0.311
63.200	+5.529e+03	+3.182e+03	+9.926e+03	+0.365
63.300	+7.739e+03	+3.751e+03	+9.523e+03	+0.326
63.400	+3.219e+03	+7.241e+03	+1.068e+04	+0.692
63.500	+3.411e+03	+7.899e+03	+8.098e+03	+0.698
63.600	+3.688e+03	+6.460e+03	+1.038e+04	+0.637
63.700	+4.311e+03	+5.089e+03	+1.034e+04	+0.541
63.800	+6.200e+03	+3.470e+03	+1.054e+04	+0.359
63.900	+6.027e+03	+3.159e+03	+1.055e+04	+0.344
64.000	+6.585e+03	+3.466e+03	+9.711e+03	+0.345
64.100	+7.407e+03	+2.894e+03	+9.966e+03	+0.281
64.200	+6.382e+03	+1.621e+03	+9.552e+03	+0.203
64.300	+6.173e+03	+3.064e+03	+9.217e+03	+0.332
64.400	+7.084e+03	+2.509e+03	+8.709e+03	+0.262
64.500	+6.008e+03	+2.475e+03	+1.027e+04	+0.292
64.600	+6.995e+03	+2.702e+03	+1.042e+04	+0.279
64.700	+8.694e+03	+3.822e+03	+9.940e+03	+0.305
64.800	+5.281e+03	+3.502e+03	+1.064e+04	+0.399
64.900	+4.454e+03	+5.881e+03	+1.141e+04	+0.569
65.000	+3.502e+03	+5.209e+03	+9.095e+03	+0.598
65.100	+2.538e+03	+7.928e+03	+9.406e+03	+0.758
65.200	+3.391e+03	+6.610e+03	+1.120e+04	+0.661
65.300	+3.117e+03	+7.575e+03	+9.853e+03	+0.708
65.400	+1.862e+03	+8.609e+03	+8.887e+03	+0.822
65.500	+2.923e+03	+6.254e+03	+1.038e+04	+0.681
65.600	+3.264e+03	+6.771e+03	+9.144e+03	+0.675
65.700	+2.778e+03	+7.218e+03	+9.153e+03	+0.722
65.800	+2.972e+03	+6.747e+03	+9.248e+03	+0.694
65.900	+2.629e+03	+6.743e+03	+1.183e+04	+0.720
66.000	+2.166e+03	+6.269e+03	+9.634e+03	+0.743
66.100	+2.042e+03	+6.627e+03	+1.065e+04	+0.764
66.200	+4.786e+03	+5.409e+03	+1.070e+04	+0.531
66.300	+4.219e+03	+5.120e+03	+1.020e+04	+0.548
66.400	+3.784e+03	+5.466e+03	+8.789e+03	+0.591
66.500	+1.532e+03	+6.117e+03	+1.035e+04	+0.800
66.600	+3.120e+03	+5.025e+03	+1.090e+04	+0.617
66.700	+3.305e+03	+8.688e+03	+9.861e+03	+0.724
66.800	+3.220e+03	+6.713e+03	+1.018e+04	+0.676
66.900	+2.906e+03	+6.303e+03	+1.124e+04	+0.684
67.000	+2.699e+03	+7.580e+03	+8.758e+03	+0.737
67.100	+2.136e+03	+5.512e+03	+9.532e+03	+0.721
67.200	+1.716e+03	+6.483e+03	+8.299e+03	+0.791
67.300	+3.156e+03	+8.661e+03	+9.326e+03	+0.733
67.400	+3.329e+03	+8.222e+03	+1.005e+04	+0.712
67.500	+3.356e+03	+7.744e+03	+9.967e+03	+0.698
67.600	+2.739e+03	+6.845e+03	+9.730e+03	+0.714
67.700	+5.031e+03	+3.884e+03	+1.061e+04	+0.436
67.800	+2.039e+03	+6.579e+03	+9.944e+03	+0.763
67.900	+2.514e+03	+6.426e+03	+9.338e+03	+0.719
68.000	+2.262e+03	+5.750e+03	+1.041e+04	+0.718
68.100	+2.463e+03	+7.953e+03	+1.016e+04	+0.764
68.200	+3.428e+03	+7.414e+03	+9.550e+03	+0.684
68.300	+3.858e+03	+7.930e+03	+9.180e+03	+0.673
68.400	+3.128e+03	+7.106e+03	+1.045e+04	+0.694
68.500	+2.542e+03	+5.691e+03	+1.130e+04	+0.691
68.600	+5.655e+03	+3.232e+03	+1.216e+04	+0.364
68.700	+5.887e+03	+3.283e+03	+1.073e+04	+0.358
68.800	+7.087e+03	+2.515e+03	+1.167e+04	+0.262
68.900	+6.915e+03	+3.576e+03	+1.001e+04	+0.341
69.000	+5.926e+03	+2.249e+03	+1.073e+04	+0.275
69.100	+5.688e+03	+2.938e+03	+9.337e+03	+0.341
69.200	+6.670e+03	+4.094e+03	+9.237e+03	+0.380
69.300	+7.081e+03	+3.315e+03	+8.524e+03	+0.319
69.400	+6.034e+03	+3.537e+03	+9.869e+03	+0.370
69.500	+2.016e+03	+7.639e+03	+9.431e+03	+0.791
69.600	+2.690e+03	+6.797e+03	+1.053e+04	+0.716
69.700	+2.126e+03	+8.603e+03	+9.016e+03	+0.802
69.800	+2.248e+03	+6.722e+03	+1.028e+04	+0.749
69.900	+2.612e+03	+7.165e+03	+1.021e+04	+0.733
70.000	+3.316e+03	+8.667e+03	+9.008e+03	+0.723
70.100	+2.883e+03	+5.576e+03	+9.704e+03	+0.659
70.200	+2.896e+03	+9.531e+03	+1.108e+04	+0.767
70.300	+2.323e+03	+6.865e+03	+9.875e+03	+0.747
70.400	+3.144e+03	+7.045e+03	+8.899e+03	+0.691
70.500	+3.362e+03	+6.369e+03	+9.942e+03	+0.655
70.600	+4.703e+03	+5.397e+03	+9.875e+03	+0.534
70.700	+7.292e+03	+2.699e+03	+1.127e+04	+0.270
70.800	+6.623e+03	+2.390e+03	+1.133e+04	+0.265
70.900	+7.632e+03	+4.326e+03	+1.033e+04	+0.362
71.000	+6.362e+03	+3.320e+03	+1.049e+04	+0.343
71.100	+6.067e+03	+4.118e+03	+9.248e+03	+0.404
71.200	+7.834e+03	+2.131e+03	+9.891e+03	+0.214
71.300	+7.172e+03	+3.786e+03	+9.686e+03	+0.346
71.400	+6.923e+03	+1.367e+03	+9.894e+03	+0.165
71.500	+6.483e+03	+2.991e+03	+1.047e+04	+0.316
71.600	+5.978e+03	+3.243e+03	+1.168e+04	+0.352
71.700	+6.131e+03	+4.363e+03	+1.034e+04	+0.416
71.800	+6.481e+03	+2.604e+03	+1.091e+04	+0.287
71.900	+6.052e+03	+3.747e+03	+9.761e+03	+0.382
72.000	+6.508e+03	+3.053e+03	+9.890e+03	+0.319
72.100	+8.326e+03	+1.601e+03	+1.104e+04	+0.161
72.200	+8.179e+03	+3.933e+03	+7.840e+03	+0.325
72.300	+6.266e+03	+3.412e+03	+1.125e+04	+0.353
72.400	+6.643e+03	+2.810e+03	+1.075e+04	+0.297
72.500	+6.064e+03	+3.887e+03	+9.751e+03	+0.391
72.600	+6.579e+03	+3.170e+03	+1.071e+04	+0.325
72.700	+6.162e+03	+3.972e+03	+1.079e+04	+0.392
72.800	+8.250e+03	+3.286e+03	+9.837e+03	+0.285
72.900	+6.825e+03	+3.995e+03	+1.048e+04	+0.369
73.000	+8.124e+03	+3.149e+03	+1.002e+04	+0.279
73.100	+7.191e+03	+3.602e+03	+8.483e+03	+0.334
73.200	+6.853e+03	+3.909e+03	+9.480e+03	+0.363
73.300	+6.080e+03	+3.796e+03	+8.661e+03	+0.384
73.400	+9.486e+03	+4.673e+03	+9.525e+03	+0.330
73.500	+6.552e+03	+2.855e+03	+8.965e+03	+0.303
73.600	+7.175e+03	+3.671e+03	+9.396e+03	+0.338
73.700	+7.920e+03	+2.518e+03	+8.932e+03	+0.241
73.800	+6.144e+03	+2.230e+03	+9.629e+03	+0.266
73.900	+6.673e+03	+2.717e+03	+1.077e+04	+0.289
74.000	+7.091e+03	+3.297e+03	+9.667e+03	+0.317
74.100	+9.361e+03	+3.367e+03	+9.863e+03	+0.265
74.200	+5.663e+03	+5.013e+03	+9.809e+03	+0.470
74.300	+6.117e+03	+3.067e+03	+9.290e+03	+0.334
74.400	+7.573e+03	+2.572e+03	+8.645e+03	+0.254
74.500	+6.423e+03	+3.790e+03	+8.662e+03	+0.371
74.600	+5.428e+03	+4.850e+03	+1.023e+04	+0.472
74.700	+5.215e+03	+5.958e+03	+9.849e+03	+0.533
74.800	+7.437e+03	+1.991e+03	+9.436e+03	+0.211
74.900	+6.011e+03	+2.235e+03	+1.080e+04	+0.271
75.000	+6.558e+03	+3.068e+03	+1.014e+04	+0.319
75.100	+6.494e+03	+2.640e+03	+9.100e+03	+0.289
75.200	+8.113e+03	+1.560e+03	+1.103e+04	+0.161
75.300	+8.296e+03	+1.890e+03	+1.164e+04	+0.186
75.400	+6.655e+03	+3.789e+03	+9.273e+03	+0.363
75.500	+6.952e+03	+2.701e+03	+9.788e+03	+0.280
75.600	+5.940e+03	+3.230e+03	+9.976e+03	+0.352
75.700	+6.943e+03	+2.291e+03	+1.047e+04	+0.248
75.800	+7.644e+03	+3.775e+03	+8.545e+03	+0.331
75.900	+8.525e+03	+1.937e+03	+9.377e+03	+0.185
76.000	+6.482e+03	+4.426e+03	+9.853e+03	+0.406
76.100	+4.434e+03	+5.431e+03	+1.202e+04	+0.551
76.200	+2.188e+03	+7.163e+03	+1.008e+04	+0.766
76.300	+3.546e+03	+6.641e+03	+1.020e+04	+0.652
76.400	+3.248e+03	+7.978e+03	+8.484e+03	+0.711
76.500	+2.903e+03	+5.244e+03	+1.128e+04	+0.644
76.600	+2.377e+03	+7.167e+03	+1.011e+04	+0.751
76.700	+2.661e+03	+7.925e+03	+9.583e+03	+0.749
76.800	+2.367e+03	+6.824e+03	+8.857e+03	+0.742
76.900	+3.210e+03	+7.381e+03	+1.032e+04	+0.697
77.000	+3.079e+03	+5.940e+03	+1.007e+04	+0.659
77.100	+3.247e+03	+8.193e+03	+9.983e+03	+0.716
77.200	+3.587e+03	+7.845e+03	+1.093e+04	+0.686
77.300	+2.529e+03	+7.145e+03	+1.005e+04	+0.739
77.400	+3.581e+03	+6.231e+03	+1.123e+04	+0.635
77.500	+2.741e+03	+6.525e+03	+1.014e+04	+0.704
77.600	+2.989e+03	+7.067e+03	+1.065e+04	+0.703
77.700	+3.567e+03	+7.949e+03	+9.314e+03	+0.690
77.800	+3.403e+03	+7.272e+03	+1.142e+04	+0.681
77.900	+2.405e+03	+8.627e+03	+9.685e+03	+0.782
78.000	+3.047e+03	+6.579e+03	+1.016e+04	+0.683
78.100	+3.024e+03	+7.301e+03	+9.426e+03	+0.707
78.200	+3.082e+03	+6.855e+03	+9.204e+03	+0.690
78.300	+3.362e+03	+8.094e+03	+9.560e+03	+0.707
78.400	+2.522e+03	+5.669e+03	+1.038e+04	+0.692
78.500	+3.725e+03	+8.120e+03	+8.779e+03	+0.686
78.600	+3.128e+03	+6.835e+03	+1.124e+04	+0.686
78.700	+1.460e+03	+6.074e+03	+1.080e+04	+0.806
78.800	+3.390e+03	+7.003e+03	+9.550e+03	+0.674
78.900	+7.146e+03	+3.689e+03	+8.432e+03	+0.340
79.000	+7.854e+03	+4.117e+03	+1.010e+04	+0.344
79.100	+7.035e+03	+3.651e+03	+9.388e+03	+0.342
79.200	+7.671e+03	+3.652e+03	+9.967e+03	+0.323
79.300	+6.702e+03	+3.063e+03	+8.225e+03	+0.314
79.400	+7.282e+03	+1.570e+03	+1.124e+04	+0.177
79.500	+6.061e+03	+4.088e+03	+1.159e+04	+0.403
79.600	+7.442e+03	+3.334e+03	+9.682e+03	+0.309
79.700	+5.876e+03	+3.649e+03	+9.187e+03	+0.383
79.800	+7.374e+03	+2.469e+03	+9.882e+03	+0.251
79.900	+6.985e+03	+2.006e+03	+8.437e+03	+0.223
80.000	+7.205e+03	+3.398e+03	+9.784e+03	+0.321
80.100	+7.729e+03	+3.275e+03	+1.002e+04	+0.298
80.200	+5.965e+03	+3.570e+03	+1.195e+04	+0.374
80.300	+5.602e+03	+3.314e+03	+1.132e+04	+0.372
80.400	+6.785e+03	+3.067e+03	+1.074e+04	+0.311
80.500	+7.254e+03	+3.893e+03	+9.602e+03	+0.349
80.600	+6.238e+03	+3.515e+03	+9.393e+03	+0.360
80.700	+8.710e+03	+1.827e+03	+1.101e+04	+0.173
80.800	+7.152e+03	+2.901e+03	+9.603e+03	+0.289
80.900	+6.673e+03	+2.152e+03	+1.061e+04	+0.244
81.000	+7.742e+03	+2.357e+03	+1.015e+04	+0.233
81.100	+8.195e+03	+2.802e+03	+1.011e+04	+0.255
81.200	+6.459e+03	+1.876e+03	+9.859e+03	+0.225
81.300	+7.221e+03	+3.807e+03	+1.172e+04	+0.345
81.400	+6.519e+03	+2.891e+03	+1.091e+04	+0.307
81.500	+7.616e+03	+1.624e+03	+1.024e+04	+0.176
81.600	+5.216e+03	+4.169e+03	+8.587e+03	+0.444
81.700	+1.389e+03	+6.272e+03	+1.031e+04	+0.819
81.800	+2.413e+03	+6.410e+03	+1.170e+04	+0.727
81.900	+6.623e+03	+4.153e+03	+9.444e+03	+0.385
82.000	+7.439e+03	+4.108e+03	+9.602e+03	+0.356
82.100	+7.288e+03	+2.818e+03	+9.022e+03	+0.279
82.200	+7.117e+03	+3.080e+03	+8.741e+03	+0.302
82.300	+7.894e+03	+2.253e+03	+9.749e+03	+0.222
82.400	+6.562e+03	+4.354e+03	+9.050e+03	+0.399
82.500	+6.630e+03	+2.288e+03	+1.097e+04	+0.257
82.600	+4.629e+03	+4.823e+03	+9.353e+03	+0.510
82.700	+3.130e+03	+7.385e+03	+1.021e+04	+0.702
82.800	+1.834e+03	+7.049e+03	+9.405e+03	+0.794
82.900	+2.626e+03	+6.967e+03	+9.857e+03	+0.726
83.000	+2.531e+03	+7.246e+03	+8.782e+03	+0.741
83.100	+2.937e+03	+5.980e+03	+9.251e+03	+0.671
83.200	+2.988e+03	+6.786e+03	+8.423e+03	+0.694
83.300	+2.916e+03	+6.643e+03	+1.152e+04	+0.695
83.400	+3.373e+03	+7.072e+03	+1.077e+04	+0.677
83.500	+4.601e+03	+4.257e+03	+1.016e+04	+0.481
83.600	+7.047e+03	+2.890e+03	+9.588e+03	+0.291
83.700	+6.814e+03	+2.407e+03	+9.440e+03	+0.261
83.800	+7.017e+03	+3.340e+03	+1.022e+04	+0.322
83.900	+6.877e+03	+3.671e+03	+1.077e+04	+0.348
84.000	+7.704e+03	+2.811e+03	+1.120e+04	+0.267
84.100	+7.294e+03	+2.926e+03	+1.030e+04	+0.286
84.200	+5.668e+03	+2.767e+03	+1.045e+04	+0.328
84.300	+6.513e+03	+3.417e+03	+1.013e+04	+0.344
84.400	+7.172e+03	+2.975e+03	+9.629e+03	+0.293
84.500	+6.514e+03	+4.107e+03	+1.173e+04	+0.387
84.600	+7.465e+03	+5.168e+03	+9.582e+03	+0.409
84.700	+8.136e+03	+3.734e+03	+9.232e+03	+0.315
84.800	+8.340e+03	+1.531e+03	+1.056e+04	+0.155
84.900	+6.848e+03	+3.315e+03	+8.936e+03	+0.326
85.000	+5.789e+03	+2.858e+03	+1.062e+04	+0.331
85.100	+5.270e+03	+2.376e+03	+9.631e+03	+0.311
85.200	+7.537e+03	+2.140e+03	+1.080e+04	+0.221
85.300	+7.546e+03	+3.532e+03	+1.021e+04	+0.319
85.400	+7.216e+03	+4.754e+03	+9.211e+03	+0.397
85.500	+6.482e+03	+2.609e+03	+1.041e+04	+0.287
85.600	+7.423e+03	+2.067e+03	+1.032e+04	+0.218
85.700	+6.842e+03	+2.766e+03	+9.190e+03	+0.288
85.800	+5.367e+03	+5.240e+03	+1.008e+04	+0.494
85.900	+2.987e+03	+7.074e+03	+9.688e+03	+0.703
86.000	+2.630e+03	+6.827e+03	+1.126e+04	+0.722
86.100	+1.427e+03	+8.128e+03	+1.084e+04	+0.851
86.200	+3.280e+03	+6.041e+03	+1.000e+04	+0.648
86.300	+3.781e+03	+5.811e+03	+9.670e+03	+0.606
86.400	+3.586e+03	+7.620e+03	+1.073e+04	+0.680
86.500	+2.215e+03	+8.145e+03	+1.030e+04	+0.786
86.600	+4.217e+03	+6.417e+03	+9.451e+03	+0.603
86.700	+2.838e+03	+7.962e+03	+8.880e+03	+0.737
86.800	+3.143e+03	+6.522e+03	+1.092e+04	+0.675
86.900	+3.397e+03	+5.679e+03	+9.896e+03	+0.626
87.000	+3.246e+03	+7.272e+03	+1.159e+04	+0.691
87.100	+2.945e+03	+8.501e+03	+9.948e+03	+0.743
87.200	+5.099e+02	+6.822e+03	+9.086e+03	+0.930
87.300	+3.037e+03	+6.091e+03	+1.034e+04	+0.667
87.400	+2.266e+03	+7.908e+03	+1.134e+04	+0.777
87.500	+2.274e+03	+6.457e+03	+9.044e+03	+0.740
87.600	+2.874e+03	+6.398e+03	+9.628e+03	+0.690
87.700	+3.986e+03	+6.475e+03	+1.020e+04	+0.619
87.800	+2.467e+03	+6.493e+03	+9.966e+03	+0.725
87.900	+2.073e+03	+6.496e+03	+9.944e+03	+0.758
88.000	+4.037e+03	+6.141e+03	+1.096e+04	+0.603
88.100	+2.092e+03	+5.882e+03	+8.159e+03	+0.738
88.200	+7.501e+03	+4.747e+03	+9.855e+03	+0.388
88.300	+6.627e+03	+3.375e+03	+1.011e+04	+0.337
88.400	+7.065e+03	+2.501e+03	+1.079e+04	+0.261
88.500	+7.915e+03	+3.108e+03	+1.030e+04	+0.282
88.600	+5.947e+03	+2.820e+03	+8.233e+03	+0.322
88.700	+7.998e+03	+2.161e+03	+1.074e+04	+0.213
88.800	+6.487e+03	+1.471e+03	+1.023e+04	+0.185
88.900	+7.012e+03	+3.873e+03	+1.101e+04	+0.356
89.000	+6.034e+03	+2.968e+03	+8.919e+03	+0.330
89.100	+6.336e+03	+3.207e+03	+9.922e+03	+0.336
89.200	+6.118e+03	+3.017e+03	+9.689e+03	+0.330
89.300	+7.337e+03	+2.891e+03	+9.676e+03	+0.283
89.400	+3.628e+03	+6.397e+03	+9.193e+03	+0.638
89.500	+3.550e+03	+7.054e+03	+1.011e+04	+0.665
89.600	+4.378e+03	+7.295e+03	+1.030e+04	+0.625
89.700	+3.074e+03	+6.911e+03	+9.825e+03	+0.692
89.800	+7.396e+03	+3.401e+03	+1.005e+04	+0.315
89.900	+7.218e+03	+2.928e+03	+1.017e+04	+0.289
90.000	+7.067e+03	+2.068e+03	+1.083e+04	+0.226
90.100	+5.896e+03	+4.228e+03	+9.618e+03	+0.418
90.200	+7.860e+03	+3.134e+03	+8.391e+03	+0.285
90.300	+7.713e+03	+3.861e+03	+1.032e+04	+0.334
90.400	+7.218e+03	+1.066e+03	+1.065e+04	+0.129
90.500	+7.100e+03	+1.817e+03	+1.049e+04	+0.204
90.600	+6.968e+03	+2.067e+03	+9.846e+03	+0.229
90.700	+6.205e+03	+2.937e+03	+1.004e+04	+0.321
90.800	+7.574e+03	+3.339e+03	+9.044e+03	+0.306
90.900	+6.217e+03	+3.754e+03	+1.043e+04	+0.376
91.000	+7.606e+03	+2.980e+03	+1.054e+04	+0.281
91.100	+7.045e+03	+3.730e+03	+1.126e+04	+0.346
91.200	+6.314e+03	+3.272e+03	+1.085e+04	+0.341
91.300	+7.082e+03	+2.826e+03	+1.159e+04	+0.285
91.400	+7.210e+03	+3.696e+03	+1.172e+04	+0.339
91.500	+6.851e+03	+3.664e+03	+9.772e+03	+0.348
91.600	+7.331e+03	+4.077e+03	+9.002e+03	+0.357
91.700	+6.921e+03	+4.087e+03	+9.576e+03	+0.371
91.800	+2.808e+03	+5.962e+03	+1.013e+04	+0.680
91.900	+3.233e+03	+7.942e+03	+9.386e+03	+0.711
92.000	+2.492e+03	+7.899e+03	+1.025e+04	+0.760
92.100	+3.018e+03	+6.565e+03	+8.806e+03	+0.685
92.200	+3.134e+03	+7.448e+03	+1.039e+04	+0.704
92.300	+9.304e+02	+5.581e+03	+9.673e+03	+0.857
92.400	+2.331e+03	+6.798e+03	+1.075e+04	+0.745
92.500	+3.220e+03	+8.415e+03	+9.297e+03	+0.723
92.600	+3.000e+03	+6.793e+03	+1.006e+04	+0.694
92.700	+3.726e+03	+7.221e+03	+8.397e+03	+0.660
92.800	+3.276e+03	+7.355e+03	+1.066e+04	+0.692
92.900	+3.715e+03	+6.550e+03	+1.111e+04	+0.638
93.000	+2.938e+03	+7.203e+03	+9.484e+03	+0.710
93.100	+2.957e+03	+8.654e+03	+1.116e+04	+0.745
93.200	+2.425e+03	+7.018e+03	+9.789e+03	+0.743
93.300	+2.622e+03	+4.878e+03	+1.053e+04	+0.650
93.400	+3.735e+03	+5.913e+03	+1.010e+04	+0.613
93.500	+3.535e+03	+7.646e+03	+1.068e+04	+0.684
93.600	+4.512e+03	+6.466e+03	+9.309e+03	+0.589
93.700	+1.679e+03	+7.677e+03	+1.027e+04	+0.821
93.800	+1.591e+03	+7.701e+03	+1.019e+04	+0.829
93.900	+4.766e+03	+6.462e+03	+1.182e+04	+0.576
94.000	+2.211e+03	+6.195e+03	+9.663e+03	+0.737
94.100	+2.454e+03	+6.188e+03	+1.101e+04	+0.716
94.200	+3.902e+03	+7.811e+03	+1.181e+04	+0.667
94.300	+3.189e+03	+7.482e+03	+1.138e+04	+0.701
94.400	+2.096e+03	+6.266e+03	+1.102e+04	+0.749
94.500	+2.922e+03	+6.162e+03	+9.000e+03	+0.678
94.600	+4.148e+03	+6.667e+03	+9.218e+03	+0.616
94.700	+3.520e+03	+7.646e+03	+1.011e+04	+0.685
94.800	+3.874e+03	+7.300e+03	+8.865e+03	+0.653
94.900	+8.289e+03	+2.769e+03	+1.003e+04	+0.250
95.000	+6.438e+03	+3.811e+03	+9.633e+03	+0.372
95.100	+5.805e+03	+4.186e+03	+8.556e+03	+0.419
95.200	+6.852e+03	+1.900e+03	+1.156e+04	+0.217
95.300	+7.324e+03	+2.457e+03	+9.783e+03	+0.251
95.400	+5.962e+03	+1.903e+03	+1.072e+04	+0.242
95.500	+6.488e+03	+4.737e+03	+1.064e+04	+0.422
95.600	+3.286e+03	+7.216e+03	+9.007e+03	+0.687
95.700	+4.018e+03	+5.844e+03	+1.034e+04	+0.593
95.800	+2.616e+03	+6.040e+03	+9.347e+03	+0.698
95.900	+3.408e+03	+7.672e+03	+9.922e+03	+0.692
96.000	+3.326e+03	+7.155e+03	+1.029e+04	+0.683
96.100	+3.822e+03	+7.735e+03	+9.746e+03	+0.669
96.200	+4.183e+03	+7.569e+03	+8.655e+03	+0.644
96.300	+2.462e+03	+6.722e+03	+9.749e+03	+0.732
96.400	+3.060e+03	+6.537e+03	+8.732e+03	+0.681
96.500	+3.099e+03	+6.941e+03	+1.133e+04	+0.691
96.600	+5.736e+03	+5.264e+03	+9.782e+03	+0.479
96.700	+5.128e+03	+4.153e+03	+1.054e+04	+0.447
96.800	+6.478e+03	+1.531e+03	+1.047e+04	+0.191
96.900	+7.302e+03	+2.270e+03	+9.540e+03	+0.237
97.000	+5.128e+03	+6.542e+03	+1.076e+04	+0.561
97.100	+1.875e+03	+8.392e+03	+9.249e+03	+0.817
97.200	+2.091e+03	+7.031e+03	+1.072e+04	+0.771
97.300	+3.573e+03	+6.332e+03	+1.025e+04	+0.639
97.400	+1.915e+03	+8.292e+03	+9.855e+03	+0.812
97.500	+2.631e+03	+5.715e+03	+9.629e+03	+0.685
97.600	+2.339e+03	+4.771e+03	+1.000e+04	+0.671
97.700	+3.171e+03	+6.585e+03	+1.188e+04	+0.675
97.800	+3.908e+03	+6.357e+03	+8.661e+03	+0.619
97.900	+1.497e+03	+6.653e+03	+8.691e+03	+0.816
98.000	+5.382e+03	+5.563e+03	+1.062e+04	+0.508
98.100	+6.475e+03	+2.177e+03	+1.032e+04	+0.252
98.200	+7.936e+03	+2.883e+03	+1.057e+04	+0.266
98.300	+4.765e+03	+4.497e+03	+9.512e+03	+0.486
98.400	+2.652e+03	+7.102e+03	+1.037e+04	+0.728
98.500	+3.477e+03	+6.808e+03	+9.087e+03	+0.662
98.600	+2.014e+03	+8.266e+03	+9.819e+03	+0.804
98.700	+2.332e+03	+6.717e+03	+9.244e+03	+0.742
98.800	+3.217e+03	+6.610e+03	+8.537e+03	+0.673
98.900	+3.066e+03	+5.976e+03	+9.158e+03	+0.661
99.000	+3.295e+03	+7.062e+03	+1.109e+04	+0.682
99.100	+3.373e+03	+8.354e+03	+1.015e+04	+0.712
99.200	+3.654e+03	+8.432e+03	+1.049e+04	+0.698
99.300	+3.446e+03	+8.008e+03	+7.775e+03	+0.699
99.400	+2.602e+03	+7.633e+03	+9.311e+03	+0.746
99.500	+3.188e+03	+6.876e+03	+9.543e+03	+0.683
99.600	+3.054e+03	+8.033e+03	+1.079e+04	+0.725
99.700	+3.703e+03	+7.007e+03	+1.108e+04	+0.654
99.800	+7.340e+03	+2.523e+03	+1.093e+04	+0.256
99.900	+6.243e+03	+4.066e+03	+9.563e+03	+0.394
100.000	+5.201e+03	+2.435e+03	+1.144e+04	+0.319
100.100	+5.681e+03	+2.973e+03	+1.012e+04	+0.344
100.200	+6.639e+03	+3.509e+03	+1.072e+04	+0.346
100.300	+6.523e+03	+3.889e+03	+1.002e+04	+0.374
100.400	+5.480e+03	+4.518e+03	+9.814e+03	+0.452
100.500	+3.357e+03	+7.204e+03	+8.959e+03	+0.682
100.600	+2.865e+03	+6.228e+03	+9.210e+03	+0.685
100.700	+2.394e+03	+7.450e+03	+9.227e+03	+0.757
100.800	+4.204e+03	+6.508e+03	+8.779e+03	+0.608
100.900	+2.913e+03	+8.071e+03	+9.231e+03	+0.735
101.000	+2.854e+03	+6.799e+03	+9.747e+03	+0.704
101.100	+1.893e+03	+6.494e+03	+1.030e+04	+0.774
101.200	+3.074e+03	+8.500e+03	+8.943e+03	+0.734
101.300	+2.663e+03	+7.178e+03	+9.306e+03	+0.729
101.400	+3.463e+03	+6.449e+03	+9.479e+03	+0.651
101.500	+1.816e+03	+7.313e+03	+1.110e+04	+0.801
101.600	+2.964e+03	+6.246e+03	+9.643e+03	+0.678
101.700	+3.751e+03	+7.774e+03	+8.718e+03	+0.675
101.800	+3.179e+03	+6.600e+03	+9.952e+03	+0.675
101.900	+3.824e+03	+7.843e+03	+1.077e+04	+0.672
102.000	+6.549e+03	+4.076e+03	+9.613e+03	+0.384
102.100	+7.414e+03	+3.956e+03	+9.331e+03	+0.348
102.200	+7.334e+03	+3.733e+03	+8.999e+03	+0.337
102.300	+7.176e+03	+3.422e+03	+1.110e+04	+0.323
102.400	+7.832e+03	+4.001e+03	+9.856e+03	+0.338
102.500	+6.614e+03	+3.085e+03	+1.027e+04	+0.318
102.600	+7.933e+03	+2.973e+03	+9.871e+03	+0.273
102.700	+8.220e+03	+3.287e+03	+1.052e+04	+0.286
102.800	+6.934e+03	+2.373e+03	+9.017e+03	+0.255
102.900	+5.579e+03	+3.240e+03	+1.057e+04	+0.367
103.000	+5.361e+03	+4.750e+03	+1.063e+04	+0.470
103.100	+2.447e+03	+5.399e+03	+8.891e+03	+0.688
103.200	+1.627e+03	+7.354e+03	+9.156e+03	+0.819
103.300	+2.909e+03	+6.972e+03	+1.010e+04	+0.706
103.400	+3.185e+03	+5.354e+03	+1.028e+04	+0.627
103.500	+2.888e+03	+6.598e+03	+9.932e+03	+0.696
103.600	+3.369e+03	+7.048e+03	+1.022e+04	+0.677
103.700	+9.029e+02	+7.046e+03	+8.926e+03	+0.886
103.800	+3.695e+03	+7.007e+03	+9.110e+03	+0.655
103.900	+3.216e+03	+7.571e+03	+9.336e+03	+0.702
104.000	+2.859e+03	+6.922e+03	+9.593e+03	+0.708
104.100	+4.868e+03	+5.948e+03	+8.461e+03	+0.550
104.200	+2.484e+03	+6.688e+03	+1.126e+04	+0.729
104.300	+4.828e+03	+6.578e+03	+9.347e+03	+0.577
104.400	+3.555e+03	+7.026e+03	+1.042e+04	+0.664
104.500	+3.228e+03	+7.616e+03	+1.256e+04	+0.702
104.600	+2.951e+03	+6.026e+03	+9.563e+03	+0.671
104.700	+2.423e+03	+6.758e+03	+8.944e+03	+0.736
104.800	+3.582e+03	+5.362e+03	+9.020e+03	+0.600
104.900	+1.268e+03	+6.155e+03	+9.477e+03	+0.829
105.000	+2.421e+03	+7.620e+03	+9.814e+03	+0.759
105.100	+2.816e+03	+8.006e+03	+9.891e+03	+0.740
105.200	+3.955e+03	+7.154e+03	+1.104e+04	+0.644
105.300	+4.567e+03	+6.738e+03	+9.254e+03	+0.596
105.400	+2.320e+03	+6.951e+03	+9.860e+03	+0.750
105.500	+2.745e+03	+6.668e+03	+9.923e+03	+0.708
105.600	+4.141e+03	+7.254e+03	+9.683e+03	+0.637
