%t (s)	Idd (a.u.)	Ida (a.u.)	Iaa (a.u.)	FRET E
0.000	+7.796e+03	+2.425e+03	+9.572e+03	+0.237
0.100	+5.853e+03	+3.950e+03	+9.361e+03	+0.403
0.200	+5.416e+03	+3.337e+03	+1.051e+04	+0.381
0.300	+4.785e+03	+5.837e+03	+1.085e+04	+0.549
0.400	+7.510e+03	+3.462e+03	+9.326e+03	+0.316
0.500	+7.920e+03	+8.266e+02	+9.682e+03	+0.094
0.600	+7.854e+03	+3.577e+03	+1.025e+04	+0.313
0.700	+6.266e+03	+4.551e+03	+9.917e+03	+0.421
0.800	+7.916e+03	+4.923e+03	+9.646e+03	+0.383
0.900	+7.771e+03	+3.419e+03	+9.536e+03	+0.306
1.000	+6.377e+03	+1.500e+03	+1.046e+04	+0.190
1.100	+7.153e+03	+3.148e+03	+8.913e+03	+0.306
1.200	+6.772e+03	+2.441e+03	+1.002e+04	+0.265
1.300	+6.799e+03	+4.311e+03	+1.022e+04	+0.388
1.400	+6.468e+03	+2.757e+03	+1.021e+04	+0.299
1.500	+5.920e+03	+1.648e+03	+9.460e+03	+0.218
1.600	+7.452e+03	+1.698e+03	+1.043e+04	+0.186
1.700	+7.375e+03	+2.406e+03	+1.076e+04	+0.246
1.800	+7.907e+03	+2.918e+03	+9.648e+03	+0.270
1.900	+8.125e+03	+3.080e+03	+1.023e+04	+0.275
2.000	+6.307e+03	+2.247e+03	+1.080e+04	+0.263
2.100	+7.660e+03	+3.682e+03	+9.640e+03	+0.325
2.200	+7.072e+03	+4.010e+03	+1.126e+04	+0.362
2.300	+6.731e+03	+1.850e+03	+1.015e+04	+0.216
2.400	+7.041e+03	+1.998e+03	+9.446e+03	+0.221
2.500	+5.935e+03	+3.782e+03	+9.133e+03	+0.389
2.600	+7.815e+03	+1.978e+03	+9.499e+03	+0.202
2.700	+7.317e+03	+3.109e+03	+9.159e+03	+0.298
2.800	+6.030e+03	+4.019e+03	+1.005e+04	+0.400
2.900	+8.478e+03	+3.363e+03	+9.092e+03	+0.284
3.000	+6.961e+03	+3.097e+03	+1.035e+04	+0.308
3.100	+5.877e+03	+4.021e+03	+1.032e+04	+0.406
3.200	+3.571e+03	+7.070e+03	+1.046e+04	+0.664
3.300	+3.100e+03	+6.877e+03	+8.628e+03	+0.689
3.400	+1.723e+03	+6.824e+03	+1.039e+04	+0.798
3.500	+3.562e+03	+7.681e+03	+1.045e+04	+0.683
3.600	+4.122e+03	+7.279e+03	+1.056e+04	+0.638
3.700	+2.528e+03	+7.804e+03	+1.005e+04	+0.755
3.800	+2.686e+03	+8.167e+03	+1.038e+04	+0.753
3.900	+2.825e+03	+7.471e+03	+9.333e+03	+0.726
4.000	+2.587e+03	+6.874e+03	+1.133e+04	+0.727
4.100	+3.650e+03	+7.602e+03	+1.004e+04	+0.676
4.200	+3.478e+03	+7.321e+03	+1.005e+04	+0.678
4.300	+3.346e+03	+6.605e+03	+9.486e+03	+0.664
4.400	+2.045e+03	+6.612e+03	+9.089e+03	+0.764
4.500	+3.763e+03	+7.625e+03	+1.043e+04	+0.670
4.600	+2.473e+03	+7.031e+03	+8.545e+03	+0.740
4.700	+2.304e+03	+7.709e+03	+1.008e+04	+0.770
4.800	+2.538e+03	+6.434e+03	+9.358e+03	+0.717
4.900	+2.099e+03	+6.832e+03	+1.112e+04	+0.765
5.000	+2.997e+03	+7.864e+03	+9.566e+03	+0.724
5.100	+4.274e+03	+7.120e+03	+8.811e+03	+0.625
5.200	+4.071e+03	+6.377e+03	+1.036e+04	+0.610
5.300	+3.906e+03	+5.512e+03	+1.031e+04	+0.585
5.400	+3.283e+03	+8.186e+03	+1.102e+04	+0.714
5.500	+3.043e+03	+6.649e+03	+8.744e+03	+0.686
5.600	+2.338e+03	+6.339e+03	+8.896e+03	+0.731
5.700	+4.391e+03	+5.850e+03	+1.081e+04	+0.571
5.800	+3.571e+03	+6.399e+03	+1.046e+04	+0.642
5.900	+2.890e+03	+6.255e+03	+1.015e+04	+0.684
6.000	+2.853e+03	+7.544e+03	+9.905e+03	+0.726
6.100	+2.988e+03	+7.398e+03	+1.027e+04	+0.712
6.200	+2.528e+03	+6.440e+03	+1.003e+04	+0.718
6.300	+2.040e+03	+5.861e+03	+1.001e+04	+0.742
6.400	+3.305e+03	+7.472e+03	+1.106e+04	+0.693
6.500	+2.880e+03	+7.620e+03	+1.034e+04	+0.726
6.600	+2.618e+03	+6.823e+03	+1.032e+04	+0.723
6.700	+3.909e+03	+7.030e+03	+1.032e+04	+0.643
6.800	+2.673e+03	+4.964e+03	+1.078e+04	+0.650
6.900	+4.202e+03	+6.694e+03	+1.070e+04	+0.614
7.000	+3.358e+03	+6.688e+03	+9.323e+03	+0.666
7.100	+3.954e+03	+6.254e+03	+7.843e+03	+0.613
7.200	+1.872e+03	+7.001e+03	+9.918e+03	+0.789
7.300	+5.177e+03	+7.486e+03	+9.869e+03	+0.591
7.400	+1.399e+03	+8.030e+03	+9.953e+03	+0.852
7.500	+3.002e+03	+5.182e+03	+8.307e+03	+0.633
7.600	+2.331e+03	+7.071e+03	+1.143e+04	+0.752
7.700	+2.804e+03	+6.657e+03	+8.302e+03	+0.704
7.800	+3.756e+03	+6.706e+03	+1.154e+04	+0.641
7.900	+3.251e+03	+6.566e+03	+9.788e+03	+0.669
8.000	+3.563e+03	+6.299e+03	+1.045e+04	+0.639
8.100	+6.970e+03	+3.216e+03	+9.954e+03	+0.316
8.200	+7.196e+03	+4.053e+03	+9.894e+03	+0.360
8.300	+7.278e+03	+3.226e+03	+9.556e+03	+0.307
8.400	+6.798e+03	+2.835e+03	+9.828e+03	+0.294
8.500	+6.971e+03	+3.775e+03	+9.522e+03	+0.351
8.600	+7.530e+03	+2.489e+03	+9.795e+03	+0.248
8.700	+7.321e+03	+2.721e+03	+9.911e+03	+0.271
8.800	+5.654e+03	+3.085e+03	+9.402e+03	+0.353
8.900	+7.368e+03	+3.437e+03	+9.690e+03	+0.318
9.000	+7.124e+03	+2.068e+03	+8.913e+03	+0.225
9.100	+6.387e+03	+4.020e+03	+1.007e+04	+0.386
9.200	+7.187e+03	+2.930e+03	+9.807e+03	+0.290
9.300	+6.897e+03	+4.068e+03	+8.534e+03	+0.371
9.400	+7.511e+03	+3.315e+03	+1.001e+04	+0.306
9.500	+7.703e+03	+3.285e+03	+9.934e+03	+0.299
9.600	+7.056e+03	+3.191e+03	+9.886e+03	+0.311
9.700	+6.887e+03	+1.864e+03	+1.160e+04	+0.213
9.800	+7.182e+03	+3.782e+03	+9.461e+03	+0.345
9.900	+2.530e+03	+5.846e+03	+1.126e+04	+0.698
10.000	+3.242e+03	+6.597e+03	+9.165e+03	+0.671
10.100	+3.851e+03	+6.174e+03	+9.151e+03	+0.616
10.200	+1.734e+03	+6.490e+03	+1.037e+04	+0.789
10.300	+2.792e+03	+6.667e+03	+1.059e+04	+0.705
10.400	+3.606e+03	+6.968e+03	+1.027e+04	+0.659
10.500	+2.616e+03	+7.261e+03	+9.268e+03	+0.735
10.600	+3.074e+03	+7.133e+03	+9.331e+03	+0.699
10.700	+3.468e+03	+5.620e+03	+1.010e+04	+0.618
10.800	+2.842e+03	+7.118e+03	+7.719e+03	+0.715
10.900	+2.641e+03	+7.918e+03	+1.002e+04	+0.750
11.000	+2.191e+03	+6.734e+03	+9.579e+03	+0.755
11.100	+2.357e+03	+6.576e+03	+1.030e+04	+0.736
11.200	+3.408e+03	+8.289e+03	+1.050e+04	+0.709
11.300	+7.351e+03	+2.848e+03	+9.571e+03	+0.279
11.400	+8.018e+03	+4.096e+03	+9.739e+03	+0.338
11.500	+7.270e+03	+2.477e+03	+9.598e+03	+0.254
11.600	+5.677e+03	+2.833e+03	+1.022e+04	+0.333
11.700	+7.712e+03	+2.998e+03	+9.983e+03	+0.280
11.800	+7.049e+03	+2.817e+03	+9.805e+03	+0.286
11.900	+6.544e+03	+3.274e+03	+9.661e+03	+0.333
12.000	+7.163e+03	+4.615e+03	+9.646e+03	+0.392
12.100	+8.791e+03	+5.081e+03	+9.997e+03	+0.366
12.200	+4.629e+03	+2.266e+03	+9.177e+03	+0.329
12.300	+3.026e+03	+6.268e+03	+9.380e+03	+0.674
12.400	+1.913e+03	+5.699e+03	+1.077e+04	+0.749
12.500	+2.757e+03	+7.783e+03	+8.093e+03	+0.738
12.600	+2.607e+03	+8.129e+03	+9.116e+03	+0.757
12.700	+2.420e+03	+6.799e+03	+9.383e+03	+0.737
12.800	+3.472e+03	+6.960e+03	+8.418e+03	+0.667
12.900	+3.468e+03	+6.092e+03	+1.007e+04	+0.637
13.000	+3.075e+03	+8.161e+03	+1.206e+04	+0.726
13.100	+3.616e+03	+6.785e+03	+1.087e+04	+0.652
13.200	+3.925e+03	+7.404e+03	+1.021e+04	+0.654
13.300	+4.155e+03	+6.900e+03	+1.144e+04	+0.624
13.400	+3.899e+03	+7.223e+03	+1.080e+04	+0.649
13.500	+3.523e+03	+6.149e+03	+1.111e+04	+0.636
13.600	+3.458e+03	+8.179e+03	+9.630e+03	+0.703
13.700	+2.592e+03	+6.781e+03	+9.187e+03	+0.723
13.800	+2.762e+03	+8.246e+03	+1.025e+04	+0.749
13.900	+4.146e+03	+5.994e+03	+9.886e+03	+0.591
14.000	+6.614e+03	+3.609e+03	+8.727e+03	+0.353
14.100	+6.160e+03	+2.877e+03	+9.594e+03	+0.318
14.200	+8.751e+03	+2.816e+03	+1.069e+04	+0.243
14.300	+4.249e+03	+4.976e+03	+9.648e+03	+0.539
14.400	+2.248e+03	+5.441e+03	+1.053e+04	+0.708
14.500	+1.721e+03	+8.481e+03	+9.880e+03	+0.831
14.600	+3.601e+03	+4.836e+03	+1.011e+04	+0.573
14.700	+3.245e+03	+7.163e+03	+1.015e+04	+0.688
14.800	+2.866e+03	+6.924e+03	+1.014e+04	+0.707
14.900	+2.246e+03	+7.126e+03	+9.654e+03	+0.760
15.000	+2.216e+03	+7.894e+03	+1.184e+04	+0.781
15.100	+2.574e+03	+6.687e+03	+9.876e+03	+0.722
15.200	+3.085e+03	+7.030e+03	+8.969e+03	+0.695
15.300	+2.931e+03	+7.176e+03	+9.943e+03	+0.710
15.400	+1.903e+03	+5.741e+03	+9.525e+03	+0.751
15.500	+2.304e+03	+6.552e+03	+8.489e+03	+0.740
15.600	+3.658e+03	+6.543e+03	+9.712e+03	+0.641
15.700	+4.055e+03	+6.405e+03	+8.481e+03	+0.612
15.800	+8.079e+03	+3.421e+03	+9.598e+03	+0.297
15.900	+5.780e+03	+4.644e+03	+1.080e+04	+0.446
16.000	+7.444e+03	+3.270e+03	+1.018e+04	+0.305
16.100	+6.908e+03	+3.711e+03	+9.995e+03	+0.349
16.200	+8.679e+03	+3.052e+03	+1.106e+04	+0.260
16.300	+6.599e+03	+3.706e+03	+1.050e+04	+0.360
16.400	+5.200e+03	+2.862e+03	+9.928e+03	+0.355
16.500	+9.183e+03	+2.045e+03	+8.723e+03	+0.182
16.600	+6.782e+03	+3.121e+03	+9.406e+03	+0.315
16.700	+7.371e+03	+2.458e+03	+1.152e+04	+0.250
16.800	+5.106e+03	+1.753e+03	+1.041e+04	+0.256
16.900	+7.844e+03	+2.711e+03	+9.442e+03	+0.257
17.000	+6.157e+03	+2.655e+03	+9.581e+03	+0.301
17.100	+2.388e+03	+8.570e+03	+9.339e+03	+0.782
17.200	+2.712e+03	+7.222e+03	+1.062e+04	+0.727
17.300	+2.805e+03	+6.364e+03	+9.788e+03	+0.694
17.400	+4.578e+03	+7.015e+03	+1.043e+04	+0.605
17.500	+3.250e+03	+6.600e+03	+1.112e+04	+0.670
17.600	+2.994e+03	+5.973e+03	+9.053e+03	+0.666
17.700	+2.003e+03	+6.352e+03	+1.012e+04	+0.760
17.800	+1.055e+03	+7.117e+03	+9.862e+03	+0.871
17.900	+2.126e+03	+7.175e+03	+1.029e+04	+0.771
18.000	+2.356e+03	+7.111e+03	+9.574e+03	+0.751
18.100	+3.062e+03	+7.338e+03	+1.034e+04	+0.706
18.200	+7.798e+03	+3.339e+03	+9.896e+03	+0.300
18.300	+6.738e+03	+2.398e+03	+1.017e+04	+0.262
18.400	+8.073e+03	+3.105e+03	+1.072e+04	+0.278
18.500	+7.477e+03	+3.181e+03	+9.414e+03	+0.298
18.600	+6.255e+03	+3.706e+03	+1.078e+04	+0.372
18.700	+4.858e+03	+5.673e+03	+9.422e+03	+0.539
18.800	+3.951e+03	+6.425e+03	+8.881e+03	+0.619
18.900	+2.971e+03	+7.085e+03	+9.536e+03	+0.705
19.000	+3.379e+03	+6.639e+03	+8.948e+03	+0.663
19.100	+2.617e+03	+7.086e+03	+9.955e+03	+0.730
19.200	+2.689e+03	+6.418e+03	+1.138e+04	+0.705
19.300	+3.491e+03	+7.805e+03	+8.797e+03	+0.691
19.400	+4.276e+03	+7.514e+03	+1.029e+04	+0.637
19.500	+3.932e+03	+7.065e+03	+1.027e+04	+0.642
19.600	+6.361e+03	+4.460e+03	+8.511e+03	+0.412
19.700	+5.089e+03	+4.330e+03	+9.753e+03	+0.460
19.800	+3.138e+03	+7.274e+03	+9.904e+03	+0.699
19.900	+3.129e+03	+7.326e+03	+1.085e+04	+0.701
20.000	+3.760e+03	+7.130e+03	+1.169e+04	+0.655
20.100	+3.678e+03	+7.927e+03	+1.092e+04	+0.683
20.200	+2.977e+03	+8.031e+03	+1.018e+04	+0.730
20.300	+2.553e+03	+6.492e+03	+1.051e+04	+0.718
20.400	+4.142e+03	+7.054e+03	+1.034e+04	+0.630
20.500	+2.338e+03	+6.171e+03	+9.841e+03	+0.725
20.600	+3.004e+03	+6.307e+03	+1.010e+04	+0.677
20.700	+3.414e+03	+6.500e+03	+1.053e+04	+0.656
20.800	+3.203e+03	+6.225e+03	+9.511e+03	+0.660
20.900	+2.077e+03	+8.813e+03	+1.034e+04	+0.809
21.000	+2.785e+03	+7.758e+03	+9.891e+03	+0.736
21.100	+2.368e+03	+6.286e+03	+9.010e+03	+0.726
21.200	+3.389e+03	+6.797e+03	+9.292e+03	+0.667
21.300	+2.590e+03	+6.464e+03	+9.554e+03	+0.714
21.400	+3.793e+03	+7.845e+03	+9.925e+03	+0.674
21.500	+3.886e+03	+7.038e+03	+1.089e+04	+0.644
21.600	+2.481e+03	+6.280e+03	+9.272e+03	+0.717
21.700	+4.472e+03	+6.317e+03	+1.041e+04	+0.586
21.800	+3.713e+03	+6.864e+03	+1.042e+04	+0.649
21.900	+4.041e+03	+5.903e+03	+1.056e+04	+0.594
22.000	+2.076e+03	+7.814e+03	+1.086e+04	+0.790
22.100	+9.108e+02	+7.225e+03	+8.426e+03	+0.888
22.200	+3.958e+03	+7.980e+03	+1.098e+04	+0.668
22.300	+3.223e+03	+6.099e+03	+9.828e+03	+0.654
22.400	+2.801e+03	+6.525e+03	+8.775e+03	+0.700
22.500	+3.128e+03	+7.448e+03	+8.838e+03	+0.704
22.600	+3.413e+03	+7.252e+03	+1.054e+04	+0.680
22.700	+2.070e+03	+6.414e+03	+1.098e+04	+0.756
22.800	+1.296e+03	+5.944e+03	+1.056e+04	+0.821
22.900	+2.984e+03	+5.467e+03	+9.108e+03	+0.647
23.000	+5.268e+03	+7.200e+03	+1.090e+04	+0.577
23.100	+2.769e+03	+7.710e+03	+8.302e+03	+0.736
23.200	+4.087e+03	+5.932e+03	+1.071e+04	+0.592
23.300	+2.412e+03	+7.187e+03	+9.682e+03	+0.749
23.400	+2.279e+03	+7.226e+03	+1.030e+04	+0.760
23.500	+2.886e+03	+6.853e+03	+1.082e+04	+0.704
23.600	+2.191e+03	+7.588e+03	+1.091e+04	+0.776
23.700	+2.985e+03	+5.870e+03	+1.066e+04	+0.663
23.800	+3.983e+03	+5.043e+03	+9.976e+03	+0.559
23.900	+6.750e+03	+1.910e+03	+7.944e+03	+0.221
24.000	+3.894e+03	+6.051e+03	+1.065e+04	+0.608
24.100	+2.642e+03	+8.090e+03	+1.024e+04	+0.754
24.200	+2.788e+03	+5.652e+03	+9.284e+03	+0.670
24.300	+1.995e+03	+6.375e+03	+1.092e+04	+0.762
24.400	+2.931e+03	+5.690e+03	+9.809e+03	+0.660
24.500	+3.399e+03	+7.546e+03	+9.111e+03	+0.689
24.600	+1.287e+03	+7.514e+03	+1.006e+04	+0.854
24.700	+2.134e+03	+7.519e+03	+1.045e+04	+0.779
24.800	+2.172e+03	+6.756e+03	+8.975e+03	+0.757
24.900	+3.262e+03	+6.540e+03	+1.036e+04	+0.667
25.000	+2.980e+03	+6.757e+03	+9.765e+03	+0.694
25.100	+2.872e+03	+5.836e+03	+9.908e+03	+0.670
25.200	+2.333e+03	+5.612e+03	+9.262e+03	+0.706
25.300	+3.247e+03	+6.139e+03	+1.063e+04	+0.654
25.400	+3.959e+03	+7.381e+03	+9.093e+03	+0.651
25.500	+3.610e+03	+6.876e+03	+9.934e+03	+0.656
25.600	+2.312e+03	+5.184e+03	+1.026e+04	+0.692
25.700	+2.415e+03	+7.339e+03	+1.052e+04	+0.752
25.800	+3.629e+03	+6.337e+03	+1.029e+04	+0.636
25.900	+3.688e+03	+7.428e+03	+1.008e+04	+0.668
26.000	+3.829e+03	+7.716e+03	+9.418e+03	+0.668
26.100	+1.888e+03	+8.266e+03	+1.015e+04	+0.814
26.200	+3.520e+03	+6.218e+03	+1.009e+04	+0.639
26.300	+3.434e+03	+8.114e+03	+1.046e+04	+0.703
26.400	+2.721e+03	+6.796e+03	+1.082e+04	+0.714
26.500	+3.397e+03	+7.646e+03	+8.947e+03	+0.692
26.600	+3.295e+03	+8.849e+03	+9.991e+03	+0.729
26.700	+2.053e+03	+6.365e+03	+9.274e+03	+0.756
26.800	+2.502e+03	+6.949e+03	+1.075e+04	+0.735
26.900	+3.823e+03	+7.027e+03	+9.568e+03	+0.648
27.000	+2.897e+03	+7.577e+03	+1.078e+04	+0.723
27.100	+2.220e+03	+6.503e+03	+8.552e+03	+0.746
27.200	+3.883e+03	+6.820e+03	+9.855e+03	+0.637
27.300	+2.842e+03	+7.547e+03	+1.088e+04	+0.726
27.400	+2.546e+03	+7.620e+03	+8.581e+03	+0.750
27.500	+2.439e+03	+7.764e+03	+9.531e+03	+0.761
27.600	+3.414e+03	+7.171e+03	+9.899e+03	+0.677
27.700	+3.221e+03	+8.543e+03	+9.616e+03	+0.726
27.800	+1.384e+03	+6.278e+03	+1.087e+04	+0.819
27.900	+3.593e+03	+7.565e+03	+1.064e+04	+0.678
28.000	+5.298e+03	+4.392e+03	+9.538e+03	+0.453
28.100	+6.814e+03	+2.652e+03	+9.475e+03	+0.280
28.200	+2.101e+03	+5.490e+03	+1.031e+04	+0.723
28.300	+4.728e+03	+6.645e+03	+1.066e+04	+0.584
28.400	+2.763e+03	+7.210e+03	+1.001e+04	+0.723
28.500	+3.907e+03	+6.477e+03	+8.512e+03	+0.624
28.600	+6.998e+03	+4.361e+03	+1.126e+04	+0.384
28.700	+5.524e+03	+3.957e+03	+9.881e+03	+0.417
28.800	+6.756e+03	+4.139e+03	+9.410e+03	+0.380
28.900	+6.716e+03	+2.349e+03	+1.006e+04	+0.259
29.000	+7.541e+03	+3.538e+03	+9.458e+03	+0.319
29.100	+6.938e+03	+3.348e+03	+9.141e+03	+0.325
29.200	+7.236e+03	+3.380e+03	+9.596e+03	+0.318
29.300	+8.512e+03	+1.693e+03	+1.104e+04	+0.166
29.400	+7.346e+03	+2.737e+03	+1.101e+04	+0.271
29.500	+5.876e+03	+2.859e+03	+1.029e+04	+0.327
29.600	+6.666e+03	+2.144e+03	+1.112e+04	+0.243
29.700	+6.344e+03	+2.964e+03	+1.066e+04	+0.318
29.800	+8.491e+03	+2.596e+03	+9.759e+03	+0.234
29.900	+6.963e+03	+3.400e+03	+1.156e+04	+0.328
30.000	+5.746e+03	+8.374e+02	+1.104e+04	+0.127
30.100	+7.546e+03	+3.823e+03	+9.534e+03	+0.336
30.200	+6.567e+03	+1.623e+03	+9.339e+03	+0.198
30.300	+6.423e+03	+3.589e+03	+9.733e+03	+0.358
30.400	+7.046e+03	+1.920e+03	+1.088e+04	+0.214
30.500	+4.335e+03	+5.506e+03	+9.872e+03	+0.560
30.600	+2.812e+03	+7.183e+03	+9.150e+03	+0.719
30.700	+2.684e+03	+5.717e+03	+9.793e+03	+0.681
30.800	+3.100e+03	+9.213e+03	+8.778e+03	+0.748
30.900	+3.218e+03	+7.080e+03	+1.084e+04	+0.688
31.000	+3.738e+03	+6.931e+03	+9.402e+03	+0.650
31.100	+5.976e+03	+2.680e+03	+8.660e+03	+0.310
31.200	+8.811e+03	+2.734e+03	+1.091e+04	+0.237
31.300	+6.727e+03	+2.868e+03	+9.695e+03	+0.299
31.400	+7.550e+03	+3.618e+03	+7.574e+03	+0.324
31.500	+8.005e+03	+2.791e+03	+9.487e+03	+0.259
31.600	+7.564e+03	+1.879e+03	+1.006e+04	+0.199
31.700	+5.050e+03	+5.500e+03	+9.911e+03	+0.521
31.800	+2.210e+03	+5.967e+03	+1.047e+04	+0.730
31.900	+3.307e+03	+8.505e+03	+1.088e+04	+0.720
32.000	+3.462e+03	+6.739e+03	+8.995e+03	+0.661
32.100	+2.808e+03	+6.577e+03	+8.204e+03	+0.701
32.200	+2.648e+03	+6.945e+03	+9.521e+03	+0.724
32.300	+2.286e+03	+7.658e+03	+1.157e+04	+0.770
32.400	+1.616e+03	+5.426e+03	+9.931e+03	+0.771
32.500	+3.615e+03	+7.027e+03	+8.597e+03	+0.660
32.600	+3.807e+03	+6.498e+03	+9.488e+03	+0.631
32.700	+2.851e+03	+6.543e+03	+1.056e+04	+0.696
32.800	+1.993e+03	+6.115e+03	+1.148e+04	+0.754
32.900	+3.028e+03	+7.511e+03	+9.207e+03	+0.713
33.000	+4.679e+03	+7.680e+03	+1.008e+04	+0.621
33.100	+3.102e+03	+6.747e+03	+1.145e+04	+0.685
33.200	+1.765e+03	+6.397e+03	+9.998e+03	+0.784
33.300	+3.325e+03	+7.206e+03	+1.050e+04	+0.684
33.400	+2.692e+03	+6.804e+03	+9.739e+03	+0.717
33.500	+4.968e+03	+6.942e+03	+1.002e+04	+0.583
33.600	+8.661e+03	+2.458e+03	+9.622e+03	+0.221
33.700	+7.341e+03	+3.671e+03	+1.076e+04	+0.333
33.800	+4.853e+03	+7.080e+03	+9.121e+03	+0.593
33.900	+3.283e+03	+6.157e+03	+9.542e+03	+0.652
34.000	+4.584e+03	+6.140e+03	+1.071e+04	+0.573
34.100	+2.815e+03	+6.487e+03	+9.790e+03	+0.697
34.200	+2.853e+03	+6.626e+03	+1.016e+04	+0.699
34.300	+4.977e+03	+6.276e+03	+1.208e+04	+0.558
34.400	+4.204e+03	+5.465e+03	+1.025e+04	+0.565
34.500	+1.646e+03	+7.093e+03	+1.129e+04	+0.812
34.600	+3.994e+03	+7.083e+03	+8.836e+03	+0.639
34.700	+2.038e+03	+6.813e+03	+1.012e+04	+0.770
34.800	+2.626e+03	+7.726e+03	+1.106e+04	+0.746
34.900	+2.546e+03	+6.773e+03	+1.113e+04	+0.727
35.000	+3.342e+03	+7.440e+03	+1.182e+04	+0.690
35.100	+3.490e+03	+6.661e+03	+1.107e+04	+0.656
35.200	+2.683e+03	+6.886e+03	+1.039e+04	+0.720
35.300	+5.877e+03	+3.702e+03	+9.151e+03	+0.387
35.400	+6.797e+03	+2.219e+03	+1.064e+04	+0.246
35.500	+8.735e+03	+2.781e+03	+1.033e+04	+0.241
35.600	+6.281e+03	+4.149e+03	+1.020e+04	+0.398
35.700	+7.777e+03	+3.865e+03	+9.032e+03	+0.332
35.800	+7.413e+03	+2.749e+03	+1.064e+04	+0.271
35.900	+3.394e+03	+6.585e+03	+9.055e+03	+0.660
36.000	+2.919e+03	+6.199e+03	+9.937e+03	+0.680
36.100	+2.951e+03	+7.062e+03	+9.989e+03	+0.705
36.200	+4.069e+03	+6.700e+03	+1.002e+04	+0.622
36.300	+3.278e+03	+5.239e+03	+9.153e+03	+0.615
36.400	+2.508e+03	+6.365e+03	+9.356e+03	+0.717
36.500	+2.694e+03	+6.398e+03	+1.061e+04	+0.704
36.600	+3.324e+03	+5.743e+03	+1.064e+04	+0.633
36.700	+3.315e+03	+5.495e+03	+1.022e+04	+0.624
36.800	+2.269e+03	+7.318e+03	+1.057e+04	+0.763
36.900	+1.860e+03	+7.065e+03	+1.065e+04	+0.792
37.000	+4.860e+03	+4.187e+03	+1.059e+04	+0.463
37.100	+6.815e+03	+2.957e+03	+9.872e+03	+0.303
37.200	+6.790e+03	+2.731e+03	+1.001e+04	+0.287
37.300	+5.401e+03	+2.346e+03	+1.059e+04	+0.303
37.400	+6.751e+03	+6.018e+02	+9.553e+03	+0.082
37.500	+8.640e+03	+2.186e+03	+1.085e+04	+0.202
37.600	+6.758e+03	+3.147e+03	+1.000e+04	+0.318
37.700	+6.474e+03	+2.744e+03	+1.013e+04	+0.298
37.800	+7.362e+03	+3.735e+03	+9.576e+03	+0.337
37.900	+6.220e+03	+1.967e+03	+1.141e+04	+0.240
38.000	+4.830e+03	+5.721e+03	+9.869e+03	+0.542
38.100	+2.630e+03	+7.044e+03	+9.683e+03	+0.728
38.200	+1.910e+03	+6.565e+03	+9.167e+03	+0.775
38.300	+2.486e+03	+6.973e+03	+1.012e+04	+0.737
38.400	+2.983e+03	+7.476e+03	+1.016e+04	+0.715
38.500	+4.573e+03	+7.020e+03	+9.558e+03	+0.606
38.600	+2.619e+03	+8.522e+03	+1.074e+04	+0.765
38.700	+4.610e+03	+6.340e+03	+1.000e+04	+0.579
38.800	+2.885e+03	+6.740e+03	+1.070e+04	+0.700
38.900	+3.217e+03	+7.474e+03	+1.120e+04	+0.699
39.000	+3.469e+03	+6.609e+03	+9.003e+03	+0.656
39.100	+3.523e+03	+7.299e+03	+8.957e+03	+0.674
39.200	+2.472e+03	+8.732e+03	+9.664e+03	+0.779
39.300	+4.248e+03	+5.676e+03	+8.589e+03	+0.572
39.400	+7.246e+03	+2.543e+03	+1.029e+04	+0.260
39.500	+6.327e+03	+2.310e+03	+1.013e+04	+0.267
39.600	+5.881e+03	+3.978e+03	+1.040e+04	+0.403
39.700	+5.993e+03	+2.461e+03	+1.144e+04	+0.291
39.800	+8.141e+03	+4.222e+03	+1.053e+04	+0.341
39.900	+5.535e+03	+3.056e+03	+9.715e+03	+0.356
40.000	+6.268e+03	+2.699e+03	+1.100e+04	+0.301
40.100	+4.520e+03	+5.090e+03	+1.057e+04	+0.530
40.200	+3.826e+03	+7.338e+03	+9.659e+03	+0.657
40.300	+3.736e+03	+7.431e+03	+1.058e+04	+0.665
40.400	+3.234e+03	+6.025e+03	+1.047e+04	+0.651
40.500	+4.180e+03	+6.593e+03	+1.080e+04	+0.612
40.600	+3.741e+03	+7.000e+03	+1.120e+04	+0.652
40.700	+3.198e+03	+6.463e+03	+9.152e+03	+0.669
40.800	+3.043e+03	+6.408e+03	+9.650e+03	+0.678
40.900	+3.676e+03	+6.795e+03	+1.066e+04	+0.649
41.000	+3.244e+03	+8.073e+03	+1.083e+04	+0.713
41.100	+3.621e+03	+8.011e+03	+9.195e+03	+0.689
41.200	+3.228e+03	+7.526e+03	+1.055e+04	+0.700
41.300	+7.506e+03	+2.814e+03	+1.058e+04	+0.273
41.400	+4.414e+03	+5.943e+03	+1.069e+04	+0.574
41.500	+3.640e+03	+7.265e+03	+8.898e+03	+0.666
41.600	+3.506e+03	+7.238e+03	+9.821e+03	+0.674
41.700	+1.851e+03	+7.401e+03	+1.059e+04	+0.800
41.800	+3.551e+03	+8.223e+03	+1.055e+04	+0.698
41.900	+1.893e+03	+6.496e+03	+1.055e+04	+0.774
42.000	+1.624e+03	+6.758e+03	+1.050e+04	+0.806
42.100	+2.035e+03	+9.311e+03	+1.030e+04	+0.821
42.200	+2.451e+03	+6.522e+03	+1.045e+04	+0.727
42.300	+2.153e+03	+8.492e+03	+1.093e+04	+0.798
42.400	+3.357e+03	+7.720e+03	+1.007e+04	+0.697
42.500	+1.217e+03	+6.802e+03	+9.337e+03	+0.848
42.600	+3.279e+03	+8.246e+03	+9.358e+03	+0.715
42.700	+1.965e+03	+6.635e+03	+8.833e+03	+0.771
42.800	+2.079e+03	+8.421e+03	+9.066e+03	+0.802
42.900	+3.187e+03	+8.233e+03	+1.066e+04	+0.721
43.000	+3.574e+03	+6.802e+03	+1.068e+04	+0.656
43.100	+2.032e+03	+8.389e+03	+9.636e+03	+0.805
43.200	+2.942e+03	+6.554e+03	+1.069e+04	+0.690
43.300	+3.099e+03	+6.007e+03	+8.845e+03	+0.660
43.400	+3.115e+03	+6.896e+03	+1.064e+04	+0.689
43.500	+3.347e+03	+6.332e+03	+1.108e+04	+0.654
43.600	+2.181e+03	+6.679e+03	+1.101e+04	+0.754
43.700	+4.136e+03	+7.369e+03	+1.034e+04	+0.641
43.800	+2.815e+03	+6.870e+03	+9.249e+03	+0.709
43.900	+1.961e+03	+6.776e+03	+8.539e+03	+0.776
44.000	+3.610e+03	+7.356e+03	+9.576e+03	+0.671
44.100	+2.577e+03	+5.775e+03	+1.045e+04	+0.691
44.200	+2.522e+03	+7.726e+03	+1.070e+04	+0.754
44.300	+4.501e+03	+7.005e+03	+1.024e+04	+0.609
44.400	+2.541e+03	+7.382e+03	+1.095e+04	+0.744
44.500	+2.201e+03	+8.003e+03	+9.664e+03	+0.784
44.600	+1.979e+03	+5.481e+03	+9.651e+03	+0.735
44.700	+3.016e+03	+7.667e+03	+1.088e+04	+0.718
44.800	+3.445e+03	+6.509e+03	+8.948e+03	+0.654
44.900	+3.276e+03	+7.302e+03	+1.040e+04	+0.690
45.000	+2.475e+03	+6.991e+03	+8.594e+03	+0.739
45.100	+2.639e+03	+7.978e+03	+1.019e+04	+0.751
45.200	+5.458e+03	+7.491e+03	+1.065e+04	+0.578
45.300	+4.003e+03	+8.255e+03	+1.023e+04	+0.673
45.400	+9.522e+02	+7.027e+03	+1.024e+04	+0.881
45.500	+8.394e+02	+7.094e+03	+1.003e+04	+0.894
45.600	+1.719e+03	+6.892e+03	+8.851e+03	+0.800
45.700	+3.136e+03	+6.102e+03	+1.037e+04	+0.661
45.800	+2.796e+03	+6.504e+03	+1.034e+04	+0.699
45.900	+2.655e+03	+7.822e+03	+1.124e+04	+0.747
46.000	+2.554e+03	+7.808e+03	+1.013e+04	+0.753
46.100	+6.847e+03	+2.318e+03	+1.044e+04	+0.253
46.200	+6.435e+03	+3.710e+03	+9.782e+03	+0.366
46.300	+6.722e+03	+3.204e+03	+1.013e+04	+0.323
46.400	+7.570e+03	+2.841e+03	+8.665e+03	+0.273
46.500	+7.620e+03	+3.787e+03	+1.064e+04	+0.332
46.600	+5.822e+03	+1.449e+03	+1.121e+04	+0.199
46.700	+7.626e+03	+4.380e+03	+9.235e+03	+0.365
46.800	+8.720e+03	+3.974e+03	+1.018e+04	+0.313
46.900	+7.102e+03	+5.686e+03	+9.970e+03	+0.445
47.000	+7.499e+03	+4.624e+03	+1.052e+04	+0.381
47.100	+7.009e+03	+4.768e+03	+9.985e+03	+0.405
47.200	+2.609e+03	+6.334e+03	+9.478e+03	+0.708
47.300	+3.366e+03	+5.997e+03	+8.700e+03	+0.641
47.400	+2.734e+03	+7.526e+03	+8.790e+03	+0.734
47.500	+2.424e+03	+7.118e+03	+1.071e+04	+0.746
47.600	+3.720e+03	+6.138e+03	+9.411e+03	+0.623
47.700	+3.505e+03	+7.370e+03	+8.975e+03	+0.678
47.800	+3.515e+03	+6.038e+03	+1.038e+04	+0.632
47.900	+3.502e+03	+8.341e+03	+9.459e+03	+0.704
48.000	+2.494e+03	+6.734e+03	+1.035e+04	+0.730
48.100	+3.665e+03	+5.646e+03	+1.075e+04	+0.606
48.200	+2.184e+03	+6.299e+03	+1.023e+04	+0.743
48.300	+3.090e+03	+7.456e+03	+9.236e+03	+0.707
48.400	+1.865e+03	+6.159e+03	+1.106e+04	+0.768
48.500	+7.256e+03	+2.934e+03	+8.311e+03	+0.288
48.600	+7.089e+03	+2.312e+03	+9.522e+03	+0.246
48.700	+5.947e+03	+3.026e+03	+9.926e+03	+0.337
48.800	+7.867e+03	+3.107e+03	+9.418e+03	+0.283
48.900	+2.492e+03	+6.476e+03	+8.602e+03	+0.722
49.000	+2.731e+03	+5.380e+03	+1.032e+04	+0.663
49.100	+3.292e+03	+6.215e+03	+1.090e+04	+0.654
49.200	+2.577e+03	+6.189e+03	+1.115e+04	+0.706
49.300	+2.722e+03	+5.389e+03	+9.553e+03	+0.664
49.400	+3.521e+03	+6.643e+03	+1.150e+04	+0.654
49.500	+1.116e+03	+6.661e+03	+1.065e+04	+0.857
49.600	+2.570e+03	+6.125e+03	+1.093e+04	+0.704
49.700	+3.514e+03	+5.749e+03	+1.127e+04	+0.621
49.800	+1.617e+03	+6.308e+03	+1.148e+04	+0.796
49.900	+5.161e+03	+5.756e+03	+1.019e+04	+0.527
50.000	+1.970e+03	+6.667e+03	+1.008e+04	+0.772
50.100	+2.774e+03	+5.927e+03	+9.605e+03	+0.681
50.200	+4.890e+03	+5.262e+03	+9.439e+03	+0.518
50.300	+6.547e+03	+3.310e+03	+1.031e+04	+0.336
50.400	+7.754e+03	+3.507e+03	+9.125e+03	+0.311
50.500	+5.580e+03	+5.196e+03	+1.005e+04	+0.482
50.600	+3.816e+03	+6.906e+03	+9.635e+03	+0.644
50.700	+2.881e+03	+8.826e+03	+9.484e+03	+0.754
50.800	+1.989e+03	+7.648e+03	+1.084e+04	+0.794
50.900	+3.856e+03	+6.402e+03	+9.935e+03	+0.624
51.000	+3.051e+03	+5.635e+03	+9.306e+03	+0.649
51.100	+1.458e+03	+6.475e+03	+1.018e+04	+0.816
51.200	+3.473e+03	+5.906e+03	+1.019e+04	+0.630
51.300	+3.405e+03	+7.145e+03	+9.097e+03	+0.677
51.400	+3.297e+03	+7.583e+03	+9.803e+03	+0.697
51.500	+3.477e+03	+5.648e+03	+1.042e+04	+0.619
51.600	+2.908e+03	+5.689e+03	+9.089e+03	+0.662
51.700	+5.055e+02	+6.553e+03	+9.785e+03	+0.928
51.800	+3.194e+03	+7.253e+03	+9.725e+03	+0.694
51.900	+1.480e+03	+5.345e+03	+1.059e+04	+0.783
52.000	+3.082e+03	+6.677e+03	+1.043e+04	+0.684
52.100	+3.761e+03	+6.610e+03	+1.083e+04	+0.637
52.200	+6.425e+03	+3.852e+03	+9.865e+03	+0.375
52.300	+6.885e+03	+1.842e+03	+9.439e+03	+0.211
52.400	+7.530e+03	+2.624e+03	+9.759e+03	+0.258
52.500	+7.100e+03	+3.716e+03	+1.134e+04	+0.344
52.600	+7.905e+03	+3.039e+03	+9.221e+03	+0.278
52.700	+7.017e+03	+2.665e+03	+9.433e+03	+0.275
52.800	+7.248e+03	+3.492e+03	+8.925e+03	+0.325
52.900	+7.961e+03	+4.104e+03	+9.912e+03	+0.340
53.000	+7.677e+03	+2.529e+03	+1.071e+04	+0.248
53.100	+6.919e+03	+3.367e+03	+9.478e+03	+0.327
53.200	+8.522e+03	+3.172e+03	+1.104e+04	+0.271
53.300	+5.718e+03	+4.574e+03	+1.022e+04	+0.444
53.400	+2.172e+03	+7.053e+03	+1.052e+04	+0.765
53.500	+3.100e+03	+7.641e+03	+9.114e+03	+0.711
53.600	+4.183e+03	+7.299e+03	+9.653e+03	+0.636
53.700	+2.947e+03	+5.273e+03	+1.123e+04	+0.641
53.800	+3.037e+03	+5.862e+03	+1.030e+04	+0.659
53.900	+3.051e+03	+6.498e+03	+1.071e+04	+0.680
54.000	+3.195e+03	+7.778e+03	+1.099e+04	+0.709
54.100	+4.231e+03	+6.172e+03	+1.045e+04	+0.593
54.200	+2.973e+03	+6.966e+03	+9.050e+03	+0.701
54.300	+3.097e+03	+7.378e+03	+9.438e+03	+0.704
54.400	+3.512e+03	+6.502e+03	+8.920e+03	+0.649
54.500	+2.156e+03	+7.150e+03	+9.579e+03	+0.768
54.600	+2.384e+03	+6.219e+03	+1.069e+04	+0.723
54.700	+3.197e+03	+5.294e+03	+1.080e+04	+0.624
54.800	+3.023e+03	+8.472e+03	+9.311e+03	+0.737
54.900	+1.454e+03	+8.074e+03	+9.965e+03	+0.847
55.000	+5.043e+03	+6.484e+03	+1.149e+04	+0.562
55.100	+2.502e+03	+7.590e+03	+9.310e+03	+0.752
55.200	+6.140e+03	+3.401e+03	+9.581e+03	+0.356
55.300	+6.274e+03	+4.213e+03	+9.453e+03	+0.402
55.400	+6.501e+03	+3.208e+03	+9.933e+03	+0.330
55.500	+7.057e+03	+4.212e+03	+1.041e+04	+0.374
55.600	+7.335e+03	+3.751e+03	+1.038e+04	+0.338
55.700	+5.804e+03	+1.933e+03	+9.495e+03	+0.250
55.800	+6.846e+03	+1.651e+03	+1.035e+04	+0.194
55.900	+7.268e+03	+2.639e+03	+1.024e+04	+0.266
56.000	+7.350e+03	+3.028e+03	+9.615e+03	+0.292
56.100	+6.135e+03	+4.777e+03	+1.022e+04	+0.438
56.200	+2.402e+03	+6.575e+03	+8.664e+03	+0.732
56.300	+2.421e+03	+7.856e+03	+8.327e+03	+0.764
56.400	+3.296e+03	+6.377e+03	+1.025e+04	+0.659
56.500	+2.000e+03	+7.310e+03	+1.043e+04	+0.785
56.600	+3.824e+03	+7.974e+03	+9.682e+03	+0.676
56.700	+2.066e+03	+7.136e+03	+1.089e+04	+0.776
56.800	+9.108e+02	+7.415e+03	+9.807e+03	+0.891
56.900	+2.868e+03	+6.764e+03	+9.885e+03	+0.702
57.000	+2.919e+03	+7.283e+03	+9.448e+03	+0.714
57.100	+2.404e+03	+8.741e+03	+8.963e+03	+0.784
57.200	+3.321e+03	+7.065e+03	+1.018e+04	+0.680
57.300	+2.808e+03	+7.891e+03	+8.900e+03	+0.738
57.400	+3.330e+03	+7.638e+03	+1.027e+04	+0.696
57.500	+3.603e+03	+7.003e+03	+1.010e+04	+0.660
57.600	+2.546e+03	+7.151e+03	+8.917e+03	+0.737
57.700	+2.455e+03	+8.119e+03	+9.889e+03	+0.768
57.800	+2.058e+03	+8.129e+03	+1.002e+04	+0.798
57.900	+8.853e+02	+6.809e+03	+9.778e+03	+0.885
58.000	+3.170e+03	+7.209e+03	+1.035e+04	+0.695
58.100	+3.772e+03	+7.522e+03	+8.414e+03	+0.666
58.200	+6.085e+03	+4.995e+03	+9.262e+03	+0.451
58.300	+5.652e+03	+3.490e+03	+9.769e+03	+0.382
58.400	+8.179e+03	+3.276e+03	+9.647e+03	+0.286
58.500	+6.283e+03	+3.396e+03	+9.821e+03	+0.351
58.600	+8.645e+03	+2.054e+03	+1.084e+04	+0.192
58.700	+6.598e+03	+8.791e+02	+1.050e+04	+0.118
58.800	+7.613e+03	+3.624e+03	+1.017e+04	+0.322
58.900	+7.188e+03	+3.331e+03	+9.357e+03	+0.317
59.000	+7.235e+03	+2.571e+03	+9.983e+03	+0.262
59.100	+4.934e+03	+6.068e+03	+9.589e+03	+0.552
59.200	+3.211e+03	+7.039e+03	+1.094e+04	+0.687
59.300	+3.030e+03	+8.296e+03	+1.115e+04	+0.732
59.400	+2.257e+03	+6.370e+03	+9.078e+03	+0.738
59.500	+3.581e+03	+6.918e+03	+1.078e+04	+0.659
59.600	+3.658e+03	+6.385e+03	+9.838e+03	+0.636
59.700	+6.967e+03	+3.235e+03	+9.079e+03	+0.317
59.800	+6.938e+03	+2.701e+03	+1.110e+04	+0.280
59.900	+3.889e+03	+6.285e+03	+9.523e+03	+0.618
60.000	+3.912e+03	+6.849e+03	+9.770e+03	+0.636
60.100	+3.785e+03	+6.830e+03	+9.928e+03	+0.643
60.200	+3.606e+03	+6.069e+03	+9.621e+03	+0.627
60.300	+5.094e+03	+8.009e+03	+1.075e+04	+0.611
60.400	+3.817e+03	+8.618e+03	+8.757e+03	+0.693
60.500	+4.018e+03	+6.664e+03	+9.833e+03	+0.624
60.600	+2.346e+03	+6.911e+03	+8.558e+03	+0.747
60.700	+3.982e+03	+6.829e+03	+1.015e+04	+0.632
60.800	+3.151e+03	+5.778e+03	+9.710e+03	+0.647
60.900	+2.436e+03	+6.638e+03	+9.308e+03	+0.732
61.000	+2.701e+03	+7.530e+03	+1.085e+04	+0.736
61.100	+4.508e+03	+5.635e+03	+9.569e+03	+0.556
61.200	+1.493e+03	+8.492e+03	+9.677e+03	+0.850
61.300	+3.474e+03	+7.273e+03	+1.050e+04	+0.677
61.400	+3.995e+03	+7.248e+03	+1.017e+04	+0.645
61.500	+2.710e+03	+7.528e+03	+1.043e+04	+0.735
61.600	+3.216e+03	+6.846e+03	+8.667e+03	+0.680
61.700	+5.443e+03	+5.098e+03	+1.033e+04	+0.484
61.800	+6.359e+03	+2.702e+03	+1.114e+04	+0.298
61.900	+5.780e+03	+3.426e+03	+1.052e+04	+0.372
62.000	+6.642e+03	+3.970e+03	+1.135e+04	+0.374
62.100	+7.095e+03	+2.617e+03	+1.016e+04	+0.269
62.200	+6.756e+03	+2.326e+03	+1.034e+04	+0.256
62.300	+5.166e+03	+2.431e+03	+9.236e+03	+0.320
62.400	+5.789e+03	+3.073e+03	+9.844e+03	+0.347
62.500	+6.718e+03	+2.084e+03	+1.069e+04	+0.237
62.600	+7.856e+03	+1.627e+03	+1.046e+04	+0.172
62.700	+6.744e+03	+2.637e+03	+8.929e+03	+0.281
62.800	+7.120e+03	+2.347e+03	+9.968e+03	+0.248
62.900	+4.056e+03	+5.623e+03	+9.105e+03	+0.581
63.000	+3.372e+03	+6.802e+03	+9.104e+03	+0.669
63.100	+3.581e+03	+5.934e+03	+9.557e+03	+0.624
63.200	+1.769e+03	+6.607e+03	+9.274e+03	+0.789
63.300	+3.182e+03	+8.618e+03	+1.018e+04	+0.730
63.400	+2.793e+03	+7.857e+03	+1.148e+04	+0.738
63.500	+2.590e+03	+6.160e+03	+8.183e+03	+0.704
63.600	+2.706e+03	+5.923e+03	+9.849e+03	+0.686
63.700	+2.934e+03	+6.526e+03	+9.586e+03	+0.690
63.800	+3.041e+03	+7.015e+03	+1.019e+04	+0.698
63.900	+5.259e+03	+5.385e+03	+9.746e+03	+0.506
64.000	+6.532e+03	+4.166e+03	+1.019e+04	+0.389
64.100	+7.948e+03	+1.959e+03	+1.043e+04	+0.198
64.200	+6.753e+03	+3.545e+03	+8.771e+03	+0.344
64.300	+7.990e+03	+3.772e+03	+1.057e+04	+0.321
64.400	+8.196e+03	+5.043e+03	+9.422e+03	+0.381
64.500	+7.262e+03	+2.583e+03	+1.045e+04	+0.262
64.600	+7.502e+03	+3.284e+03	+9.844e+03	+0.304
64.700	+7.830e+03	+4.185e+03	+8.980e+03	+0.348
64.800	+8.601e+03	+3.569e+03	+8.855e+03	+0.293
64.900	+6.387e+03	+1.889e+03	+1.050e+04	+0.228
65.000	+6.370e+03	+2.752e+03	+9.909e+03	+0.302
65.100	+6.947e+03	+2.191e+03	+9.544e+03	+0.240
65.200	+7.885e+03	+3.313e+03	+9.463e+03	+0.296
65.300	+7.905e+03	+2.860e+03	+8.921e+03	+0.266
65.400	+7.602e+03	+2.836e+03	+9.503e+03	+0.272
65.500	+5.956e+03	+3.053e+03	+1.058e+04	+0.339
65.600	+6.392e+03	+2.792e+03	+9.167e+03	+0.304
65.700	+7.797e+03	+2.617e+03	+1.113e+04	+0.251
65.800	+2.144e+03	+7.230e+03	+1.019e+04	+0.771
65.900	+1.522e+03	+6.893e+03	+1.024e+04	+0.819
66.000	+3.021e+03	+7.189e+03	+1.061e+04	+0.704
66.100	+3.117e+03	+6.019e+03	+1.232e+04	+0.659
66.200	+2.537e+03	+7.777e+03	+9.361e+03	+0.754
66.300	+4.492e+03	+7.259e+03	+1.129e+04	+0.618
66.400	+1.284e+03	+7.508e+03	+1.085e+04	+0.854
66.500	+4.057e+03	+6.392e+03	+1.034e+04	+0.612
66.600	+3.111e+03	+7.741e+03	+1.018e+04	+0.713
66.700	+2.776e+03	+6.893e+03	+9.747e+03	+0.713
66.800	+2.960e+03	+8.036e+03	+9.309e+03	+0.731
66.900	+4.001e+03	+5.671e+03	+1.121e+04	+0.586
67.000	+4.522e+03	+7.424e+03	+1.162e+04	+0.621
67.100	+3.256e+03	+6.161e+03	+1.103e+04	+0.654
67.200	+4.360e+03	+7.356e+03	+1.063e+04	+0.628
67.300	+3.067e+03	+8.037e+03	+1.003e+04	+0.724
67.400	+2.574e+03	+7.662e+03	+9.818e+03	+0.749
67.500	+3.490e+03	+9.149e+03	+1.125e+04	+0.724
67.600	+2.602e+03	+7.390e+03	+1.002e+04	+0.740
67.700	+1.953e+03	+5.849e+03	+1.009e+04	+0.750
67.800	+2.332e+03	+7.172e+03	+9.312e+03	+0.755
67.900	+2.971e+03	+5.575e+03	+1.138e+04	+0.652
68.000	+3.911e+03	+7.820e+03	+9.235e+03	+0.667
68.100	+2.945e+03	+7.314e+03	+9.651e+03	+0.713
68.200	+3.201e+03	+7.459e+03	+8.671e+03	+0.700
68.300	+3.444e+03	+7.479e+03	+9.326e+03	+0.685
68.400	+1.964e+03	+7.627e+03	+1.042e+04	+0.795
68.500	+4.320e+03	+6.775e+03	+9.834e+03	+0.611
68.600	+2.783e+03	+7.786e+03	+1.039e+04	+0.737
68.700	+3.850e+03	+6.993e+03	+1.005e+04	+0.645
68.800	+3.468e+03	+7.782e+03	+1.110e+04	+0.692
68.900	+6.081e+03	+4.998e+03	+1.059e+04	+0.451
69.000	+6.756e+03	+3.576e+03	+1.166e+04	+0.346
69.100	+7.643e+03	+2.452e+03	+7.911e+03	+0.243
69.200	+5.983e+03	+3.481e+03	+8.415e+03	+0.368
69.300	+8.093e+03	+3.244e+03	+9.845e+03	+0.286
69.400	+7.156e+03	+3.100e+03	+1.021e+04	+0.302
69.500	+6.790e+03	+2.577e+03	+9.572e+03	+0.275
69.600	+7.430e+03	+2.517e+03	+9.408e+03	+0.253
69.700	+5.524e+03	+1.848e+03	+9.402e+03	+0.251
69.800	+6.696e+03	+5.199e+03	+9.522e+03	+0.437
69.900	+2.152e+03	+4.943e+03	+9.874e+03	+0.697
70.000	+3.512e+03	+6.560e+03	+1.205e+04	+0.651
70.100	+2.000e+03	+6.389e+03	+9.719e+03	+0.762
70.200	+3.730e+03	+7.721e+03	+9.819e+03	+0.674
70.300	+3.177e+03	+6.774e+03	+1.109e+04	+0.681
70.400	+5.299e+03	+4.773e+03	+9.649e+03	+0.474
70.500	+7.791e+03	+2.702e+03	+1.030e+04	+0.257
70.600	+5.221e+03	+3.430e+03	+9.786e+03	+0.396
70.700	+7.249e+03	+3.935e+03	+1.049e+04	+0.352
70.800	+7.788e+03	+2.050e+03	+9.868e+03	+0.208
70.900	+7.081e+03	+3.468e+03	+1.050e+04	+0.329
71.000	+7.484e+03	+3.868e+03	+9.141e+03	+0.341
71.100	+6.859e+03	+4.017e+03	+9.195e+03	+0.369
71.200	+6.183e+03	+2.519e+03	+1.022e+04	+0.290
71.300	+7.193e+03	+3.079e+03	+1.018e+04	+0.300
71.400	+8.662e+03	+2.667e+03	+9.945e+03	+0.235
71.500	+7.053e+03	+3.025e+03	+9.728e+03	+0.300
71.600	+7.148e+03	+3.269e+03	+9.591e+03	+0.314
71.700	+6.454e+03	+3.599e+03	+1.111e+04	+0.358
71.800	+3.745e+03	+6.047e+03	+9.628e+03	+0.618
71.900	+1.472e+03	+5.949e+03	+1.014e+04	+0.802
72.000	+3.539e+03	+7.188e+03	+1.023e+04	+0.670
72.100	+1.267e+03	+7.468e+03	+1.028e+04	+0.855
72.200	+4.399e+03	+8.409e+03	+9.949e+03	+0.657
72.300	+3.276e+03	+6.316e+03	+1.025e+04	+0.658
72.400	+1.965e+03	+5.694e+03	+8.282e+03	+0.743
