%t (s)	Idd (a.u.)	Ida (a.u.)	Iaa (a.u.)	FRET E
0.000	+3.057e+03	+6.942e+03	+1.059e+04	+0.694
0.100	+3.240e+03	+5.861e+03	+1.069e+04	+0.644
0.200	+2.843e+03	+7.282e+03	+9.901e+03	+0.719
0.300	+2.765e+03	+6.715e+03	+1.009e+04	+0.708
0.400	+2.538e+03	+6.465e+03	+9.097e+03	+0.718
0.500	+3.676e+03	+7.263e+03	+1.057e+04	+0.664
0.600	+3.232e+03	+6.828e+03	+1.015e+04	+0.679
0.700	+2.320e+03	+6.362e+03	+1.143e+04	+0.733
0.800	+3.129e+03	+7.076e+03	+9.411e+03	+0.693
0.900	+1.802e+03	+6.226e+03	+9.622e+03	+0.776
1.000	+3.469e+03	+5.748e+03	+9.778e+03	+0.624
1.100	+1.144e+03	+7.284e+03	+1.127e+04	+0.864
1.200	+3.234e+03	+7.730e+03	+1.051e+04	+0.705
1.300	+6.052e+03	+4.796e+03	+9.986e+03	+0.442
1.400	+7.880e+03	+3.055e+03	+1.008e+04	+0.279
1.500	+8.456e+03	+2.624e+03	+8.903e+03	+0.237
1.600	+5.833e+03	+2.074e+03	+8.865e+03	+0.262
1.700	+7.567e+03	+3.860e+03	+6.715e+03	+0.338
1.800	+5.937e+03	+2.002e+03	+9.900e+03	+0.252
1.900	+6.958e+03	+2.200e+03	+1.060e+04	+0.240
2.000	+7.923e+03	+3.385e+03	+9.881e+03	+0.299
2.100	+8.132e+03	+2.395e+03	+9.073e+03	+0.228
2.200	+6.574e+03	+3.221e+03	+9.263e+03	+0.329
2.300	+6.431e+03	+4.330e+03	+9.273e+03	+0.402
2.400	+8.523e+03	+1.804e+03	+1.058e+04	+0.175
2.500	+5.561e+03	+4.071e+03	+1.022e+04	+0.423
2.600	+4.775e+03	+5.630e+03	+1.091e+04	+0.541
2.700	+5.480e+03	+3.801e+03	+9.644e+03	+0.410
2.800	+5.883e+03	+3.452e+03	+1.029e+04	+0.370
2.900	+7.253e+03	+1.343e+03	+8.536e+03	+0.156
3.000	+6.249e+03	+1.949e+03	+1.053e+04	+0.238
3.100	+7.351e+03	+3.146e+03	+9.446e+03	+0.300
3.200	+6.274e+03	+2.928e+03	+9.799e+03	+0.318
3.300	+6.430e+03	+2.593e+03	+1.146e+04	+0.287
3.400	+7.341e+03	+3.653e+03	+9.640e+03	+0.332
3.500	+7.953e+03	+1.802e+03	+9.102e+03	+0.185
3.600	+6.623e+03	+3.855e+03	+8.920e+03	+0.368
3.700	+3.125e+03	+7.083e+03	+1.071e+04	+0.694
3.800	+3.063e+03	+7.042e+03	+1.045e+04	+0.697
3.900	+2.550e+03	+7.342e+03	+1.032e+04	+0.742
4.000	+3.602e+03	+7.055e+03	+9.000e+03	+0.662
4.100	+1.957e+03	+7.716e+03	+9.754e+03	+0.798
4.200	+2.127e+03	+8.695e+03	+1.108e+04	+0.803
4.300	+3.668e+03	+6.015e+03	+8.158e+03	+0.621
4.400	+3.572e+03	+7.521e+03	+1.058e+04	+0.678
4.500	+3.547e+03	+8.155e+03	+1.059e+04	+0.697
4.600	+3.091e+03	+8.375e+03	+1.142e+04	+0.730
4.700	+3.093e+03	+6.987e+03	+1.055e+04	+0.693
4.800	+4.278e+03	+5.464e+03	+1.066e+04	+0.561
4.900	+2.470e+03	+7.368e+03	+1.101e+04	+0.749
5.000	+4.584e+03	+7.507e+03	+9.632e+03	+0.621
5.100	+2.324e+03	+6.645e+03	+9.905e+03	+0.741
5.200	+3.878e+03	+7.075e+03	+1.013e+04	+0.646
5.300	+1.962e+03	+7.531e+03	+8.406e+03	+0.793
5.400	+4.124e+03	+6.079e+03	+9.430e+03	+0.596
5.500	+2.653e+03	+6.694e+03	+1.081e+04	+0.716
5.600	+4.194e+03	+8.436e+03	+1.131e+04	+0.668
5.700	+5.015e+03	+6.495e+03	+9.428e+03	+0.564
5.800	+3.473e+03	+8.160e+03	+9.664e+03	+0.701
5.900	+3.294e+03	+7.285e+03	+9.071e+03	+0.689
6.000	+2.281e+03	+7.671e+03	+1.187e+04	+0.771
6.100	+3.651e+03	+6.139e+03	+9.268e+03	+0.627
6.200	+5.301e+03	+3.623e+03	+9.260e+03	+0.406
6.300	+7.892e+03	+3.436e+03	+1.152e+04	+0.303
6.400	+6.969e+03	+3.351e+03	+1.026e+04	+0.325
6.500	+6.668e+03	+2.395e+03	+9.010e+03	+0.264
6.600	+4.723e+03	+6.543e+03	+9.635e+03	+0.581
6.700	+3.789e+03	+7.653e+03	+9.313e+03	+0.669
6.800	+5.659e+03	+4.981e+03	+1.002e+04	+0.468
6.900	+7.009e+03	+2.122e+03	+9.124e+03	+0.232
7.000	+6.609e+03	+3.222e+03	+1.141e+04	+0.328
7.100	+7.304e+03	+1.620e+03	+9.976e+03	+0.182
7.200	+7.146e+03	+2.309e+03	+9.877e+03	+0.244
7.300	+7.467e+03	+4.764e+03	+9.360e+03	+0.389
7.400	+7.898e+03	+3.134e+03	+8.963e+03	+0.284
7.500	+8.182e+03	+2.997e+03	+9.739e+03	+0.268
7.600	+5.624e+03	+3.973e+03	+8.587e+03	+0.414
7.700	+3.040e+03	+7.139e+03	+9.730e+03	+0.701
7.800	+2.547e+03	+6.729e+03	+9.922e+03	+0.725
7.900	+3.427e+03	+6.755e+03	+1.167e+04	+0.663
8.000	+3.915e+03	+7.058e+03	+1.208e+04	+0.643
8.100	+3.412e+03	+7.922e+03	+1.032e+04	+0.699
8.200	+1.074e+03	+5.882e+03	+9.656e+03	+0.846
8.300	+2.943e+03	+6.441e+03	+1.015e+04	+0.686
8.400	+2.890e+03	+7.450e+03	+9.463e+03	+0.720
8.500	+2.777e+03	+8.087e+03	+1.069e+04	+0.744
8.600	+3.275e+03	+7.513e+03	+1.084e+04	+0.696
8.700	+1.890e+03	+6.907e+03	+9.560e+03	+0.785
8.800	+1.986e+03	+6.525e+03	+9.804e+03	+0.767
8.900	+1.916e+03	+5.843e+03	+8.603e+03	+0.753
9.000	+4.193e+03	+6.821e+03	+1.089e+04	+0.619
9.100	+1.827e+03	+6.983e+03	+1.024e+04	+0.793
9.200	+2.117e+03	+6.277e+03	+1.086e+04	+0.748
9.300	+5.151e+03	+6.914e+03	+1.040e+04	+0.573
9.400	+1.676e+03	+6.171e+03	+1.048e+04	+0.786
9.500	+2.375e+03	+7.325e+03	+1.006e+04	+0.755
9.600	+2.858e+03	+7.270e+03	+1.021e+04	+0.718
9.700	+3.116e+03	+6.797e+03	+9.866e+03	+0.686
9.800	+3.326e+03	+7.318e+03	+1.122e+04	+0.688
9.900	+2.785e+03	+7.959e+03	+1.043e+04	+0.741
10.000	+2.645e+03	+5.596e+03	+9.367e+03	+0.679
10.100	+3.158e+03	+6.726e+03	+9.400e+03	+0.680
10.200	+2.337e+03	+6.998e+03	+1.049e+04	+0.750
10.300	+2.652e+03	+7.277e+03	+8.918e+03	+0.733
10.400	+2.550e+03	+6.857e+03	+8.230e+03	+0.729
10.500	+3.876e+03	+6.596e+03	+9.605e+03	+0.630
10.600	+2.755e+03	+7.000e+03	+9.919e+03	+0.718
10.700	+3.398e+03	+7.350e+03	+1.098e+04	+0.684
10.800	+3.683e+03	+6.512e+03	+1.135e+04	+0.639
10.900	+2.384e+03	+6.989e+03	+1.109e+04	+0.746
11.000	+2.818e+03	+7.468e+03	+1.004e+04	+0.726
11.100	+3.901e+03	+7.398e+03	+1.046e+04	+0.655
11.200	+4.203e+03	+7.204e+03	+9.927e+03	+0.632
11.300	+3.782e+03	+7.648e+03	+1.114e+04	+0.669
11.400	+3.697e+03	+8.423e+03	+1.076e+04	+0.695
11.500	+3.739e+03	+6.028e+03	+1.122e+04	+0.617
11.600	+2.752e+03	+6.748e+03	+9.325e+03	+0.710
11.700	+4.002e+03	+7.197e+03	+9.660e+03	+0.643
11.800	+3.064e+03	+5.766e+03	+1.096e+04	+0.653
11.900	+3.173e+03	+7.575e+03	+9.719e+03	+0.705
12.000	+2.889e+03	+6.858e+03	+9.641e+03	+0.704
12.100	+3.297e+03	+7.425e+03	+9.912e+03	+0.692
12.200	+3.510e+03	+6.691e+03	+1.179e+04	+0.656
12.300	+2.964e+03	+5.445e+03	+1.037e+04	+0.647
12.400	+3.263e+03	+8.087e+03	+1.062e+04	+0.713
12.500	+2.848e+03	+6.447e+03	+9.164e+03	+0.694
12.600	+1.751e+03	+5.652e+03	+1.026e+04	+0.763
12.700	+2.920e+03	+8.528e+03	+1.008e+04	+0.745
12.800	+4.184e+03	+7.833e+03	+1.014e+04	+0.652
12.900	+2.408e+03	+5.939e+03	+1.006e+04	+0.712
13.000	+2.637e+03	+9.057e+03	+9.203e+03	+0.774
13.100	+1.879e+03	+7.036e+03	+8.573e+03	+0.789
13.200	+2.684e+03	+8.429e+03	+8.590e+03	+0.759
13.300	+1.746e+03	+6.384e+03	+1.017e+04	+0.785
13.400	+2.514e+03	+7.193e+03	+1.002e+04	+0.741
13.500	+3.206e+03	+6.961e+03	+9.722e+03	+0.685
13.600	+3.707e+03	+8.249e+03	+1.048e+04	+0.690
13.700	+3.417e+03	+8.111e+03	+1.130e+04	+0.704
13.800	+2.911e+03	+7.156e+03	+9.570e+03	+0.711
13.900	+4.517e+03	+7.937e+03	+1.018e+04	+0.637
14.000	+2.328e+03	+6.174e+03	+9.461e+03	+0.726
14.100	+2.133e+03	+6.377e+03	+1.069e+04	+0.749
14.200	+3.298e+03	+6.207e+03	+1.013e+04	+0.653
14.300	+3.549e+03	+8.407e+03	+1.098e+04	+0.703
14.400	+2.529e+03	+8.510e+03	+1.032e+04	+0.771
14.500	+3.480e+03	+6.758e+03	+1.043e+04	+0.660
