%t (s)	Idd (a.u.)	Ida (a.u.)	Iaa (a.u.)	FRET E
0.000	+5.650e+03	+4.463e+03	+9.985e+03	+0.441
0.100	+7.185e+03	+2.474e+03	+1.023e+04	+0.256
0.200	+6.720e+03	+4.660e+03	+8.917e+03	+0.410
0.300	+2.635e+03	+6.412e+03	+9.373e+03	+0.709
0.400	+3.549e+03	+6.244e+03	+8.003e+03	+0.638
0.500	+3.466e+03	+6.977e+03	+9.599e+03	+0.668
0.600	+3.557e+03	+6.683e+03	+1.068e+04	+0.653
0.700	+3.680e+03	+8.496e+03	+1.047e+04	+0.698
0.800	+1.963e+03	+6.465e+03	+1.047e+04	+0.767
0.900	+2.968e+03	+6.720e+03	+9.989e+03	+0.694
1.000	+2.466e+03	+6.470e+03	+1.034e+04	+0.724
1.100	+3.555e+03	+5.694e+03	+1.008e+04	+0.616
1.200	+3.383e+03	+7.573e+03	+1.030e+04	+0.691
1.300	+3.976e+03	+6.958e+03	+1.027e+04	+0.636
1.400	+3.360e+03	+8.391e+03	+8.934e+03	+0.714
1.500	+2.620e+03	+7.055e+03	+9.907e+03	+0.729
1.600	+2.419e+03	+6.933e+03	+9.742e+03	+0.741
1.700	+4.570e+03	+6.796e+03	+1.123e+04	+0.598
1.800	+3.538e+03	+7.611e+03	+7.629e+03	+0.683
1.900	+1.923e+03	+7.800e+03	+9.995e+03	+0.802
2.000	+2.519e+03	+8.391e+03	+9.776e+03	+0.769
2.100	+4.161e+03	+5.175e+03	+9.877e+03	+0.554
2.200	+7.691e+03	+1.494e+03	+9.456e+03	+0.163
2.300	+4.882e+03	+2.458e+03	+1.019e+04	+0.335
2.400	+6.678e+03	+3.291e+03	+1.176e+04	+0.330
2.500	+6.477e+03	+1.987e+03	+9.904e+03	+0.235
2.600	+4.859e+03	+3.212e+03	+9.467e+03	+0.398
2.700	+2.833e+03	+7.085e+03	+1.012e+04	+0.714
2.800	+1.772e+03	+7.914e+03	+9.845e+03	+0.817
2.900	+4.497e+03	+6.289e+03	+9.943e+03	+0.583
3.000	+8.183e+03	+3.242e+03	+9.731e+03	+0.284
3.100	+6.653e+03	+3.785e+03	+1.017e+04	+0.363
3.200	+5.650e+03	+2.392e+03	+1.025e+04	+0.297
3.300	+5.955e+03	+2.121e+03	+9.241e+03	+0.263
3.400	+7.470e+03	+2.590e+03	+9.274e+03	+0.257
3.500	+7.140e+03	+2.304e+03	+8.840e+03	+0.244
3.600	+8.195e+03	+3.508e+03	+1.159e+04	+0.300
3.700	+6.526e+03	+2.998e+03	+9.915e+03	+0.315
3.800	+6.168e+03	+4.432e+03	+1.044e+04	+0.418
3.900	+7.469e+03	+3.623e+03	+1.125e+04	+0.327
4.000	+7.944e+03	+3.201e+03	+9.214e+03	+0.287
4.100	+7.131e+03	+2.958e+03	+9.964e+03	+0.293
4.200	+7.312e+03	+2.937e+03	+9.124e+03	+0.287
4.300	+7.286e+03	+4.427e+03	+9.217e+03	+0.378
4.400	+4.268e+03	+5.223e+03	+1.073e+04	+0.550
4.500	+6.280e+03	+3.588e+03	+9.198e+03	+0.364
4.600	+6.749e+03	+3.967e+03	+8.827e+03	+0.370
4.700	+6.777e+03	+1.954e+03	+8.260e+03	+0.224
4.800	+7.467e+03	+3.954e+03	+8.805e+03	+0.346
4.900	+6.049e+03	+4.235e+03	+1.029e+04	+0.412
5.000	+7.181e+03	+1.572e+03	+1.109e+04	+0.180
5.100	+5.471e+03	+2.917e+03	+9.833e+03	+0.348
5.200	+7.573e+03	+3.956e+03	+1.071e+04	+0.343
5.300	+6.085e+03	+2.937e+03	+1.042e+04	+0.326
5.400	+7.581e+03	+2.356e+03	+1.147e+04	+0.237
5.500	+7.187e+03	+3.085e+03	+1.000e+04	+0.300
5.600	+7.509e+03	+3.863e+03	+8.531e+03	+0.340
5.700	+5.911e+03	+3.457e+03	+1.095e+04	+0.369
5.800	+6.525e+03	+4.701e+03	+1.038e+04	+0.419
5.900	+7.407e+03	+2.472e+03	+9.328e+03	+0.250
6.000	+6.809e+03	+2.201e+03	+9.689e+03	+0.244
6.100	+6.626e+03	+1.909e+03	+1.022e+04	+0.224
6.200	+7.604e+03	+3.111e+03	+1.068e+04	+0.290
6.300	+8.269e+03	+2.867e+03	+1.017e+04	+0.257
6.400	+6.911e+03	+3.359e+03	+1.028e+04	+0.327
6.500	+6.652e+03	+2.575e+03	+1.073e+04	+0.279
6.600	+4.889e+03	+3.680e+03	+9.688e+03	+0.429
6.700	+2.688e+03	+6.596e+03	+9.029e+03	+0.710
6.800	+1.649e+03	+6.127e+03	+1.028e+04	+0.788
6.900	+3.148e+03	+7.449e+03	+1.144e+04	+0.703
7.000	+2.938e+03	+7.779e+03	+9.451e+03	+0.726
7.100	+4.580e+03	+6.745e+03	+9.442e+03	+0.596
7.200	+2.575e+03	+6.387e+03	+1.007e+04	+0.713
7.300	+3.624e+03	+6.776e+03	+1.078e+04	+0.652
7.400	+2.322e+03	+7.314e+03	+9.647e+03	+0.759
7.500	+5.243e+03	+5.868e+03	+1.029e+04	+0.528
7.600	+3.317e+03	+6.339e+03	+9.980e+03	+0.657
7.700	+2.847e+03	+7.078e+03	+1.045e+04	+0.713
7.800	+2.209e+03	+7.494e+03	+8.277e+03	+0.772
7.900	+3.287e+03	+6.689e+03	+9.950e+03	+0.671
8.000	+2.024e+03	+6.247e+03	+8.592e+03	+0.755
8.100	+1.634e+03	+7.215e+03	+9.482e+03	+0.815
8.200	+4.778e+03	+3.470e+03	+1.031e+04	+0.421
8.300	+6.636e+03	+3.406e+03	+1.068e+04	+0.339
8.400	+6.867e+03	+2.497e+03	+9.730e+03	+0.267
8.500	+6.679e+03	+3.356e+03	+9.497e+03	+0.334
8.600	+7.899e+03	+4.457e+03	+1.094e+04	+0.361
8.700	+6.836e+03	+2.527e+03	+1.008e+04	+0.270
8.800	+2.030e+03	+7.655e+03	+9.519e+03	+0.790
8.900	+3.597e+03	+8.268e+03	+8.618e+03	+0.697
9.000	+4.033e+03	+9.122e+03	+9.526e+03	+0.693
9.100	+3.428e+03	+8.148e+03	+1.111e+04	+0.704
9.200	+1.581e+03	+6.404e+03	+1.224e+04	+0.802
9.300	+5.111e+03	+3.417e+03	+1.015e+04	+0.401
9.400	+6.407e+03	+4.483e+03	+1.024e+04	+0.412
9.500	+6.070e+03	+3.400e+03	+1.043e+04	+0.359
9.600	+7.423e+03	+1.819e+03	+9.771e+03	+0.197
9.700	+6.884e+03	+4.178e+03	+1.093e+04	+0.378
9.800	+6.403e+03	+2.289e+03	+1.054e+04	+0.263
9.900	+6.934e+03	+2.790e+03	+1.065e+04	+0.287
10.000	+6.534e+03	+3.185e+03	+9.380e+03	+0.328
10.100	+5.745e+03	+3.502e+03	+1.054e+04	+0.379
10.200	+2.735e+03	+6.745e+03	+1.040e+04	+0.712
10.300	+1.502e+03	+6.882e+03	+9.940e+03	+0.821
10.400	+4.084e+03	+6.360e+03	+1.132e+04	+0.609
10.500	+3.314e+03	+7.474e+03	+1.041e+04	+0.693
10.600	+1.852e+03	+8.799e+03	+1.121e+04	+0.826
10.700	+3.480e+03	+8.004e+03	+1.031e+04	+0.697
10.800	+3.402e+03	+7.474e+03	+9.598e+03	+0.687
10.900	+6.632e+03	+3.957e+03	+1.001e+04	+0.374
11.000	+7.937e+03	+3.295e+03	+1.032e+04	+0.293
11.100	+5.529e+03	+3.689e+03	+9.053e+03	+0.400
11.200	+6.699e+03	+4.007e+03	+1.106e+04	+0.374
11.300	+7.046e+03	+2.980e+03	+1.080e+04	+0.297
11.400	+6.879e+03	+3.822e+03	+1.011e+04	+0.357
11.500	+8.365e+03	+3.915e+03	+9.618e+03	+0.319
11.600	+7.883e+03	+1.904e+03	+1.078e+04	+0.195
11.700	+6.391e+03	+1.933e+03	+1.057e+04	+0.232
11.800	+6.943e+03	+2.984e+03	+9.654e+03	+0.301
11.900	+3.507e+03	+4.946e+03	+1.017e+04	+0.585
12.000	+2.838e+03	+7.047e+03	+9.681e+03	+0.713
12.100	+2.361e+03	+7.122e+03	+8.731e+03	+0.751
12.200	+5.778e+03	+4.406e+03	+9.825e+03	+0.433
12.300	+3.451e+03	+7.700e+03	+1.034e+04	+0.691
12.400	+4.403e+03	+7.236e+03	+8.868e+03	+0.622
12.500	+3.548e+03	+6.457e+03	+1.024e+04	+0.645
12.600	+4.296e+03	+6.633e+03	+1.040e+04	+0.607
12.700	+2.097e+03	+7.500e+03	+1.018e+04	+0.781
12.800	+2.706e+03	+7.433e+03	+9.518e+03	+0.733
12.900	+2.597e+03	+6.465e+03	+1.045e+04	+0.713
13.000	+5.633e+03	+2.986e+03	+9.953e+03	+0.346
13.100	+7.764e+03	+3.197e+03	+9.240e+03	+0.292
13.200	+7.941e+03	+2.645e+03	+1.117e+04	+0.250
13.300	+7.162e+03	+3.346e+03	+9.875e+03	+0.318
13.400	+7.984e+03	+3.640e+03	+9.803e+03	+0.313
13.500	+6.641e+03	+3.344e+03	+1.016e+04	+0.335
13.600	+6.692e+03	+2.664e+03	+1.113e+04	+0.285
13.700	+7.223e+03	+2.126e+03	+9.408e+03	+0.227
13.800	+5.137e+03	+4.692e+03	+8.903e+03	+0.477
13.900	+4.577e+03	+8.273e+03	+1.007e+04	+0.644
14.000	+3.012e+03	+5.691e+03	+1.101e+04	+0.654
14.100	+1.807e+03	+6.068e+03	+9.920e+03	+0.771
14.200	+2.934e+03	+5.572e+03	+1.031e+04	+0.655
14.300	+3.211e+03	+5.743e+03	+1.145e+04	+0.641
14.400	+2.697e+03	+6.225e+03	+1.015e+04	+0.698
14.500	+1.777e+03	+6.830e+03	+1.105e+04	+0.794
14.600	+2.757e+03	+6.730e+03	+8.832e+03	+0.709
14.700	+2.402e+03	+6.215e+03	+9.187e+03	+0.721
14.800	+3.069e+03	+6.734e+03	+9.347e+03	+0.687
14.900	+1.967e+03	+6.916e+03	+9.089e+03	+0.779
15.000	+3.290e+03	+7.887e+03	+8.882e+03	+0.706
15.100	+1.787e+03	+6.842e+03	+9.452e+03	+0.793
15.200	+2.944e+03	+8.226e+03	+1.028e+04	+0.736
15.300	+3.184e+03	+7.385e+03	+1.054e+04	+0.699
15.400	+2.371e+03	+8.174e+03	+1.002e+04	+0.775
15.500	+3.500e+03	+6.921e+03	+1.070e+04	+0.664
15.600	+2.422e+03	+6.023e+03	+1.018e+04	+0.713
15.700	+3.802e+03	+6.854e+03	+1.047e+04	+0.643
15.800	+2.822e+03	+6.750e+03	+9.748e+03	+0.705
15.900	+4.847e+03	+6.034e+03	+9.510e+03	+0.555
16.000	+3.865e+03	+6.288e+03	+1.042e+04	+0.619
16.100	+7.568e+03	+3.899e+03	+1.042e+04	+0.340
16.200	+6.786e+03	+3.248e+03	+1.061e+04	+0.324
16.300	+6.906e+03	+3.389e+03	+8.863e+03	+0.329
16.400	+5.917e+03	+2.563e+03	+1.077e+04	+0.302
16.500	+6.657e+03	+1.621e+03	+1.003e+04	+0.196
16.600	+6.507e+03	+1.840e+03	+1.101e+04	+0.220
16.700	+7.788e+03	+4.037e+03	+1.106e+04	+0.341
16.800	+6.588e+03	+2.228e+03	+9.850e+03	+0.253
16.900	+8.014e+03	+3.162e+03	+1.033e+04	+0.283
17.000	+4.595e+03	+4.546e+03	+8.544e+03	+0.497
17.100	+3.120e+03	+7.864e+03	+1.011e+04	+0.716
17.200	+3.727e+03	+7.281e+03	+1.088e+04	+0.661
17.300	+2.474e+03	+7.606e+03	+1.069e+04	+0.755
17.400	+2.851e+03	+7.234e+03	+1.016e+04	+0.717
17.500	+1.953e+03	+5.999e+03	+9.354e+03	+0.754
17.600	+2.119e+03	+6.787e+03	+8.470e+03	+0.762
17.700	+2.589e+03	+7.316e+03	+8.990e+03	+0.739
17.800	+3.501e+03	+6.888e+03	+9.401e+03	+0.663
17.900	+3.393e+03	+6.546e+03	+9.685e+03	+0.659
18.000	+1.719e+03	+7.433e+03	+8.737e+03	+0.812
18.100	+3.668e+03	+8.502e+03	+1.074e+04	+0.699
18.200	+3.769e+03	+7.269e+03	+1.036e+04	+0.659
18.300	+2.260e+03	+8.082e+03	+8.746e+03	+0.781
18.400	+3.386e+03	+6.448e+03	+1.045e+04	+0.656
18.500	+4.439e+03	+6.169e+03	+1.084e+04	+0.582
18.600	+2.559e+03	+7.205e+03	+1.004e+04	+0.738
18.700	+4.397e+03	+7.585e+03	+1.059e+04	+0.633
18.800	+3.021e+03	+7.016e+03	+9.928e+03	+0.699
18.900	+3.012e+03	+6.242e+03	+9.689e+03	+0.674
19.000	+3.565e+03	+8.315e+03	+9.797e+03	+0.700
19.100	+3.055e+03	+7.299e+03	+9.344e+03	+0.705
19.200	+1.298e+03	+8.921e+03	+9.616e+03	+0.873
19.300	+3.155e+03	+8.019e+03	+1.031e+04	+0.718
19.400	+2.358e+03	+6.827e+03	+1.066e+04	+0.743
19.500	+4.180e+03	+7.038e+03	+1.004e+04	+0.627
19.600	+3.461e+03	+7.485e+03	+1.022e+04	+0.684
19.700	+2.425e+03	+7.369e+03	+1.039e+04	+0.752
19.800	+2.072e+03	+6.212e+03	+9.853e+03	+0.750
19.900	+3.001e+03	+6.585e+03	+8.493e+03	+0.687
20.000	+3.591e+03	+5.361e+03	+8.786e+03	+0.599
20.100	+3.540e+03	+6.574e+03	+1.001e+04	+0.650
20.200	+3.505e+03	+7.242e+03	+1.092e+04	+0.674
20.300	+3.473e+03	+7.866e+03	+1.057e+04	+0.694
20.400	+3.104e+03	+6.860e+03	+1.204e+04	+0.688
20.500	+2.759e+03	+8.367e+03	+1.049e+04	+0.752
20.600	+2.372e+03	+7.631e+03	+9.049e+03	+0.763
20.700	+2.671e+03	+6.139e+03	+1.025e+04	+0.697
20.800	+3.716e+03	+7.671e+03	+9.001e+03	+0.674
20.900	+3.025e+03	+8.704e+03	+1.029e+04	+0.742
21.000	+1.600e+03	+7.665e+03	+1.009e+04	+0.827
21.100	+3.073e+03	+6.736e+03	+1.048e+04	+0.687
21.200	+6.691e+03	+4.964e+03	+9.973e+03	+0.426
21.300	+7.206e+03	+2.937e+03	+9.897e+03	+0.290
21.400	+8.406e+03	+3.594e+03	+9.432e+03	+0.300
21.500	+7.553e+03	+2.333e+03	+9.792e+03	+0.236
21.600	+6.474e+03	+2.547e+03	+1.166e+04	+0.282
21.700	+6.731e+03	+3.265e+03	+9.824e+03	+0.327
21.800	+5.840e+03	+3.432e+03	+9.203e+03	+0.370
21.900	+6.966e+03	+1.219e+03	+9.666e+03	+0.149
22.000	+6.994e+03	+2.500e+03	+1.086e+04	+0.263
22.100	+7.833e+03	+3.746e+03	+9.933e+03	+0.324
22.200	+4.009e+03	+5.449e+03	+1.003e+04	+0.576
22.300	+4.452e+03	+6.783e+03	+8.192e+03	+0.604
22.400	+2.118e+03	+7.503e+03	+1.089e+04	+0.780
22.500	+7.534e+03	+3.207e+03	+1.047e+04	+0.299
22.600	+7.925e+03	+4.051e+03	+1.036e+04	+0.338
22.700	+7.208e+03	+3.348e+03	+9.026e+03	+0.317
22.800	+5.613e+03	+2.741e+03	+9.290e+03	+0.328
22.900	+9.962e+03	+3.082e+03	+8.774e+03	+0.236
23.000	+7.229e+03	+2.906e+03	+9.877e+03	+0.287
23.100	+7.849e+03	+4.061e+03	+1.091e+04	+0.341
23.200	+6.707e+03	+4.015e+03	+9.464e+03	+0.374
23.300	+7.012e+03	+3.530e+03	+8.913e+03	+0.335
23.400	+7.352e+03	+3.644e+03	+1.033e+04	+0.331
23.500	+6.088e+03	+2.553e+03	+9.851e+03	+0.295
23.600	+7.446e+03	+2.114e+03	+1.027e+04	+0.221
23.700	+6.464e+03	+2.383e+03	+9.699e+03	+0.269
23.800	+5.834e+03	+2.988e+03	+1.063e+04	+0.339
23.900	+7.976e+03	+2.801e+03	+8.966e+03	+0.260
24.000	+5.818e+03	+2.414e+03	+1.047e+04	+0.293
24.100	+6.667e+03	+3.746e+03	+1.045e+04	+0.360
24.200	+7.602e+03	+4.294e+03	+1.046e+04	+0.361
24.300	+7.570e+03	+2.493e+03	+1.054e+04	+0.248
24.400	+6.161e+03	+3.610e+03	+1.038e+04	+0.369
24.500	+7.931e+03	+3.499e+03	+1.001e+04	+0.306
24.600	+7.138e+03	+3.191e+03	+9.714e+03	+0.309
24.700	+8.145e+03	+2.613e+03	+9.215e+03	+0.243
24.800	+8.154e+03	+4.062e+03	+9.824e+03	+0.333
24.900	+5.951e+03	+3.996e+03	+1.027e+04	+0.402
25.000	+6.764e+03	+2.171e+03	+9.672e+03	+0.243
25.100	+7.190e+03	+2.484e+03	+8.987e+03	+0.257
25.200	+8.466e+03	+2.984e+03	+7.963e+03	+0.261
25.300	+6.991e+03	+2.151e+03	+1.050e+04	+0.235
25.400	+7.033e+03	+2.913e+03	+9.667e+03	+0.293
25.500	+6.550e+03	+3.335e+03	+9.531e+03	+0.337
25.600	+6.546e+03	+2.434e+03	+8.215e+03	+0.271
25.700	+6.833e+03	+1.225e+03	+1.011e+04	+0.152
25.800	+7.528e+03	+2.653e+03	+8.570e+03	+0.261
25.900	+5.922e+03	+2.226e+03	+1.211e+04	+0.273
26.000	+5.939e+03	+4.100e+03	+1.014e+04	+0.408
26.100	+1.653e+03	+6.193e+03	+9.424e+03	+0.789
26.200	+1.998e+03	+7.229e+03	+9.447e+03	+0.783
26.300	+3.355e+03	+6.854e+03	+8.645e+03	+0.671
26.400	+2.375e+03	+8.121e+03	+9.141e+03	+0.774
26.500	+3.012e+03	+6.646e+03	+1.007e+04	+0.688
26.600	+2.532e+03	+6.963e+03	+1.011e+04	+0.733
26.700	+2.329e+03	+6.797e+03	+1.050e+04	+0.745
26.800	+1.376e+03	+8.282e+03	+9.931e+03	+0.858
26.900	+1.619e+03	+6.727e+03	+1.012e+04	+0.806
27.000	+3.837e+03	+6.584e+03	+1.043e+04	+0.632
27.100	+3.811e+03	+7.632e+03	+1.030e+04	+0.667
27.200	+2.510e+03	+6.380e+03	+1.099e+04	+0.718
27.300	+4.040e+03	+6.558e+03	+1.058e+04	+0.619
27.400	+2.353e+03	+6.537e+03	+8.604e+03	+0.735
27.500	+2.628e+03	+7.822e+03	+9.586e+03	+0.748
27.600	+1.603e+03	+9.248e+03	+8.859e+03	+0.852
27.700	+3.595e+03	+6.824e+03	+8.778e+03	+0.655
27.800	+3.412e+03	+6.618e+03	+9.814e+03	+0.660
27.900	+3.313e+03	+6.460e+03	+1.150e+04	+0.661
28.000	+2.566e+03	+7.597e+03	+1.173e+04	+0.748
28.100	+3.742e+03	+7.376e+03	+1.032e+04	+0.663
28.200	+3.525e+03	+6.287e+03	+1.011e+04	+0.641
28.300	+3.328e+03	+5.937e+03	+1.037e+04	+0.641
28.400	+3.159e+03	+7.808e+03	+9.486e+03	+0.712
28.500	+3.489e+03	+5.021e+03	+1.022e+04	+0.590
28.600	+6.123e+03	+3.665e+03	+9.849e+03	+0.374
28.700	+7.255e+03	+3.947e+03	+9.940e+03	+0.352
28.800	+5.932e+03	+4.313e+03	+9.696e+03	+0.421
28.900	+6.879e+03	+3.192e+03	+1.055e+04	+0.317
29.000	+7.211e+03	+3.562e+03	+1.054e+04	+0.331
29.100	+7.156e+03	+1.295e+03	+9.600e+03	+0.153
29.200	+8.273e+03	+3.598e+03	+1.030e+04	+0.303
29.300	+6.860e+03	+3.798e+03	+1.129e+04	+0.356
29.400	+6.605e+03	+3.148e+03	+1.010e+04	+0.323
29.500	+3.846e+03	+6.208e+03	+1.013e+04	+0.617
29.600	+2.291e+03	+7.284e+03	+1.024e+04	+0.761
29.700	+2.057e+03	+7.093e+03	+1.083e+04	+0.775
29.800	+4.216e+03	+8.369e+03	+8.654e+03	+0.665
29.900	+3.499e+03	+7.997e+03	+9.402e+03	+0.696
30.000	+3.406e+03	+7.412e+03	+1.046e+04	+0.685
30.100	+3.332e+03	+6.778e+03	+9.398e+03	+0.670
30.200	+3.847e+03	+4.779e+03	+9.379e+03	+0.554
30.300	+3.378e+03	+6.202e+03	+1.175e+04	+0.647
30.400	+3.099e+03	+7.248e+03	+1.068e+04	+0.700
30.500	+3.129e+03	+6.117e+03	+9.829e+03	+0.662
30.600	+1.893e+03	+7.980e+03	+9.911e+03	+0.808
30.700	+3.903e+03	+6.240e+03	+1.137e+04	+0.615
30.800	+2.321e+03	+5.705e+03	+9.546e+03	+0.711
30.900	+6.122e+03	+2.315e+03	+9.172e+03	+0.274
31.000	+8.258e+03	+3.341e+03	+9.283e+03	+0.288
31.100	+7.023e+03	+9.955e+02	+1.105e+04	+0.124
31.200	+6.000e+03	+3.348e+03	+1.007e+04	+0.358
31.300	+6.366e+03	+2.935e+03	+1.080e+04	+0.316
31.400	+6.233e+03	+2.370e+03	+9.018e+03	+0.276
31.500	+7.302e+03	+4.820e+03	+9.091e+03	+0.398
31.600	+4.434e+03	+6.017e+03	+9.641e+03	+0.576
31.700	+2.066e+03	+6.715e+03	+1.092e+04	+0.765
31.800	+4.368e+03	+5.078e+03	+1.025e+04	+0.538
31.900	+7.203e+03	+3.172e+03	+9.799e+03	+0.306
32.000	+6.488e+03	+3.074e+03	+1.016e+04	+0.321
32.100	+7.508e+03	+3.154e+03	+9.631e+03	+0.296
32.200	+7.443e+03	+3.595e+03	+9.747e+03	+0.326
32.300	+6.294e+03	+2.996e+03	+1.085e+04	+0.323
32.400	+6.000e+03	+2.355e+03	+1.071e+04	+0.282
32.500	+7.821e+03	+2.632e+03	+9.696e+03	+0.252
32.600	+8.117e+03	+3.010e+03	+1.056e+04	+0.271
32.700	+6.465e+03	+3.046e+03	+9.664e+03	+0.320
32.800	+7.886e+03	+4.889e+03	+1.054e+04	+0.383
32.900	+7.526e+03	+2.319e+03	+8.983e+03	+0.236
33.000	+6.570e+03	+2.270e+03	+9.160e+03	+0.257
33.100	+6.574e+03	+3.146e+03	+9.302e+03	+0.324
33.200	+7.876e+03	+2.741e+03	+1.082e+04	+0.258
33.300	+7.773e+03	+3.290e+03	+9.681e+03	+0.297
33.400	+7.603e+03	+3.536e+03	+1.047e+04	+0.317
33.500	+8.501e+03	+2.874e+03	+1.021e+04	+0.253
33.600	+3.819e+03	+7.506e+03	+1.090e+04	+0.663
33.700	+2.586e+03	+6.712e+03	+1.005e+04	+0.722
33.800	+3.066e+03	+5.617e+03	+1.120e+04	+0.647
33.900	+3.200e+03	+6.555e+03	+8.294e+03	+0.672
34.000	+3.019e+03	+6.850e+03	+9.870e+03	+0.694
34.100	+2.495e+03	+8.078e+03	+1.088e+04	+0.764
34.200	+2.142e+03	+6.439e+03	+1.032e+04	+0.750
34.300	+3.811e+03	+7.256e+03	+1.038e+04	+0.656
34.400	+3.316e+03	+6.643e+03	+1.034e+04	+0.667
34.500	+3.245e+03	+7.767e+03	+9.302e+03	+0.705
34.600	+2.623e+03	+7.305e+03	+1.088e+04	+0.736
34.700	+3.303e+03	+7.765e+03	+9.738e+03	+0.702
34.800	+2.953e+03	+6.898e+03	+1.039e+04	+0.700
34.900	+2.453e+03	+7.026e+03	+9.636e+03	+0.741
35.000	+3.527e+03	+6.005e+03	+9.554e+03	+0.630
35.100	+3.323e+03	+7.689e+03	+1.051e+04	+0.698
35.200	+3.756e+03	+6.800e+03	+9.201e+03	+0.644
35.300	+6.380e+03	+1.068e+03	+1.012e+04	+0.143
35.400	+9.213e+03	+2.494e+03	+1.031e+04	+0.213
35.500	+6.660e+03	+2.970e+03	+1.130e+04	+0.308
35.600	+8.542e+03	+3.062e+03	+1.120e+04	+0.264
35.700	+6.562e+03	+4.676e+03	+9.743e+03	+0.416
35.800	+7.616e+03	+2.741e+03	+8.798e+03	+0.265
35.900	+7.345e+03	+2.785e+03	+9.389e+03	+0.275
36.000	+7.344e+03	+3.434e+03	+1.014e+04	+0.319
36.100	+7.056e+03	+7.973e+02	+9.446e+03	+0.102
36.200	+8.083e+03	+2.456e+03	+1.201e+04	+0.233
36.300	+6.891e+03	+2.320e+03	+1.114e+04	+0.252
36.400	+7.046e+03	+2.057e+03	+1.021e+04	+0.226
36.500	+7.102e+03	+2.747e+03	+1.072e+04	+0.279
36.600	+6.579e+03	+3.048e+03	+9.116e+03	+0.317
36.700	+7.558e+03	+1.874e+03	+1.142e+04	+0.199
36.800	+6.725e+03	+4.059e+03	+9.220e+03	+0.376
36.900	+7.259e+03	+2.494e+03	+8.659e+03	+0.256
37.000	+7.065e+03	+1.519e+03	+9.310e+03	+0.177
37.100	+8.206e+03	+3.058e+03	+9.529e+03	+0.271
37.200	+7.123e+03	+2.127e+03	+1.005e+04	+0.230
37.300	+6.446e+03	+3.969e+03	+9.994e+03	+0.381
37.400	+7.545e+03	+3.683e+03	+1.034e+04	+0.328
37.500	+6.834e+03	+2.612e+03	+1.050e+04	+0.277
37.600	+6.144e+03	+3.622e+03	+9.418e+03	+0.371
37.700	+6.555e+03	+4.187e+03	+1.113e+04	+0.390
37.800	+5.907e+03	+6.533e+03	+1.028e+04	+0.525
37.900	+2.729e+03	+6.056e+03	+1.146e+04	+0.689
38.000	+3.293e+03	+5.693e+03	+1.127e+04	+0.634
38.100	+3.033e+03	+6.801e+03	+9.893e+03	+0.692
38.200	+4.332e+03	+4.806e+03	+1.034e+04	+0.526
38.300	+6.885e+03	+2.991e+03	+8.739e+03	+0.303
38.400	+2.654e+03	+6.399e+03	+7.600e+03	+0.707
38.500	+2.880e+03	+6.312e+03	+9.905e+03	+0.687
38.600	+3.513e+03	+7.978e+03	+9.344e+03	+0.694
38.700	+1.990e+03	+6.980e+03	+9.959e+03	+0.778
38.800	+2.768e+03	+8.170e+03	+1.025e+04	+0.747
38.900	+3.913e+03	+7.460e+03	+1.002e+04	+0.656
39.000	+2.629e+03	+7.529e+03	+9.550e+03	+0.741
39.100	+3.612e+03	+5.744e+03	+9.308e+03	+0.614
39.200	+2.303e+03	+6.974e+03	+1.008e+04	+0.752
39.300	+2.903e+03	+7.406e+03	+1.178e+04	+0.718
39.400	+3.250e+03	+6.219e+03	+1.017e+04	+0.657
39.500	+2.306e+03	+5.467e+03	+9.625e+03	+0.703
39.600	+2.321e+03	+6.467e+03	+8.550e+03	+0.736
39.700	+2.233e+03	+7.188e+03	+1.044e+04	+0.763
39.800	+1.920e+03	+8.416e+03	+1.087e+04	+0.814
39.900	+4.195e+03	+7.849e+03	+1.039e+04	+0.652
40.000	+2.655e+03	+6.299e+03	+9.964e+03	+0.704
40.100	+3.255e+03	+6.975e+03	+9.825e+03	+0.682
40.200	+2.467e+03	+7.922e+03	+8.743e+03	+0.763
40.300	+4.190e+03	+7.108e+03	+9.611e+03	+0.629
40.400	+2.682e+03	+5.941e+03	+1.072e+04	+0.689
40.500	+1.564e+03	+7.845e+03	+9.762e+03	+0.834
40.600	+5.696e+03	+2.908e+03	+1.074e+04	+0.338
40.700	+7.371e+03	+3.063e+03	+8.930e+03	+0.294
40.800	+6.209e+03	+2.084e+03	+9.519e+03	+0.251
40.900	+7.744e+03	+3.116e+03	+1.026e+04	+0.287
41.000	+7.208e+03	+4.244e+03	+9.821e+03	+0.371
41.100	+6.902e+03	+3.358e+03	+1.085e+04	+0.327
41.200	+7.235e+03	+2.561e+03	+9.865e+03	+0.261
41.300	+7.023e+03	+2.402e+03	+9.906e+03	+0.255
41.400	+7.463e+03	+3.110e+03	+1.008e+04	+0.294
41.500	+7.495e+03	+4.938e+03	+1.026e+04	+0.397
41.600	+7.663e+03	+2.892e+03	+1.022e+04	+0.274
41.700	+6.888e+03	+3.085e+03	+1.041e+04	+0.309
41.800	+7.450e+03	+2.070e+03	+1.030e+04	+0.217
41.900	+5.622e+03	+3.965e+03	+9.958e+03	+0.414
42.000	+3.653e+03	+5.221e+03	+9.200e+03	+0.588
42.100	+4.089e+03	+6.664e+03	+1.085e+04	+0.620
42.200	+2.661e+03	+6.964e+03	+1.096e+04	+0.724
42.300	+2.208e+03	+6.843e+03	+1.288e+04	+0.756
42.400	+3.450e+03	+6.874e+03	+1.024e+04	+0.666
42.500	+3.072e+03	+6.668e+03	+8.792e+03	+0.685
42.600	+4.393e+03	+7.291e+03	+8.525e+03	+0.624
42.700	+2.995e+03	+8.255e+03	+1.070e+04	+0.734
42.800	+2.655e+03	+7.205e+03	+9.412e+03	+0.731
42.900	+3.571e+03	+6.274e+03	+9.227e+03	+0.637
43.000	+2.509e+03	+5.457e+03	+9.802e+03	+0.685
43.100	+2.736e+03	+6.579e+03	+8.417e+03	+0.706
43.200	+3.101e+03	+6.252e+03	+8.846e+03	+0.668
43.300	+3.503e+03	+6.413e+03	+9.612e+03	+0.647
43.400	+4.301e+03	+6.992e+03	+9.920e+03	+0.619
43.500	+2.940e+03	+8.824e+03	+1.064e+04	+0.750
43.600	+2.045e+03	+6.785e+03	+9.001e+03	+0.768
43.700	+4.264e+03	+6.085e+03	+1.004e+04	+0.588
43.800	+7.759e+03	+3.133e+03	+1.061e+04	+0.288
43.900	+6.715e+03	+4.041e+03	+1.115e+04	+0.376
44.000	+6.948e+03	+2.469e+03	+1.145e+04	+0.262
44.100	+6.661e+03	+2.959e+03	+9.813e+03	+0.308
44.200	+4.907e+03	+5.007e+03	+1.050e+04	+0.505
44.300	+2.818e+03	+7.106e+03	+1.043e+04	+0.716
44.400	+2.296e+03	+6.195e+03	+8.892e+03	+0.730
44.500	+2.174e+03	+7.562e+03	+9.083e+03	+0.777
44.600	+2.564e+03	+7.611e+03	+1.018e+04	+0.748
44.700	+2.492e+03	+7.047e+03	+1.021e+04	+0.739
44.800	+4.823e+03	+5.164e+03	+9.943e+03	+0.517
44.900	+6.326e+03	+3.479e+03	+9.557e+03	+0.355
45.000	+5.961e+03	+2.125e+03	+1.087e+04	+0.263
45.100	+6.644e+03	+2.907e+03	+9.981e+03	+0.304
45.200	+8.801e+03	+2.657e+03	+1.065e+04	+0.232
45.300	+7.630e+03	+2.623e+03	+1.030e+04	+0.256
45.400	+6.521e+03	+1.697e+03	+9.766e+03	+0.207
45.500	+6.337e+03	+3.991e+03	+1.015e+04	+0.386
45.600	+7.171e+03	+4.002e+03	+1.060e+04	+0.358
45.700	+7.098e+03	+2.479e+03	+1.030e+04	+0.259
45.800	+7.886e+03	+3.641e+03	+1.004e+04	+0.316
45.900	+5.704e+03	+3.394e+03	+1.050e+04	+0.373
46.000	+5.839e+03	+2.770e+03	+8.939e+03	+0.322
46.100	+5.424e+03	+6.301e+03	+1.044e+04	+0.537
46.200	+3.477e+03	+6.876e+03	+1.051e+04	+0.664
46.300	+4.001e+03	+7.666e+03	+1.011e+04	+0.657
46.400	+1.650e+03	+6.711e+03	+1.055e+04	+0.803
46.500	+3.357e+03	+7.383e+03	+9.701e+03	+0.687
46.600	+2.800e+03	+6.431e+03	+9.645e+03	+0.697
46.700	+4.552e+03	+7.670e+03	+9.934e+03	+0.628
46.800	+3.391e+03	+7.035e+03	+1.047e+04	+0.675
46.900	+2.557e+03	+6.443e+03	+1.043e+04	+0.716
47.000	+2.343e+03	+6.048e+03	+9.397e+03	+0.721
47.100	+3.227e+03	+7.941e+03	+9.644e+03	+0.711
47.200	+3.145e+03	+6.967e+03	+9.626e+03	+0.689
47.300	+1.994e+03	+7.564e+03	+9.299e+03	+0.791
47.400	+1.017e+03	+7.114e+03	+1.053e+04	+0.875
47.500	+5.268e+03	+4.602e+03	+1.007e+04	+0.466
47.600	+6.056e+03	+2.242e+03	+9.292e+03	+0.270
47.700	+6.557e+03	+3.011e+03	+1.096e+04	+0.315
47.800	+7.752e+03	+2.745e+03	+8.631e+03	+0.262
47.900	+8.643e+03	+3.148e+03	+1.063e+04	+0.267
48.000	+5.966e+03	+1.915e+03	+1.214e+04	+0.243
48.100	+6.349e+03	+3.583e+03	+1.017e+04	+0.361
48.200	+8.399e+03	+1.673e+03	+1.007e+04	+0.166
48.300	+6.065e+03	+3.695e+03	+1.041e+04	+0.379
48.400	+8.214e+03	+3.489e+03	+1.101e+04	+0.298
48.500	+7.480e+03	+1.927e+03	+8.558e+03	+0.205
48.600	+7.339e+03	+2.976e+03	+1.042e+04	+0.289
48.700	+6.749e+03	+2.228e+03	+9.451e+03	+0.248
48.800	+2.822e+03	+6.115e+03	+8.755e+03	+0.684
48.900	+2.296e+03	+6.228e+03	+9.860e+03	+0.731
49.000	+6.401e+03	+2.505e+03	+1.004e+04	+0.281
49.100	+7.825e+03	+3.485e+03	+9.635e+03	+0.308
49.200	+4.841e+03	+1.344e+03	+1.067e+04	+0.217
49.300	+6.900e+03	+2.625e+03	+8.805e+03	+0.276
49.400	+7.661e+03	+2.792e+03	+1.073e+04	+0.267
49.500	+8.226e+03	+2.197e+03	+1.143e+04	+0.211
49.600	+8.247e+03	+3.360e+03	+9.815e+03	+0.290
49.700	+6.827e+03	+3.096e+03	+1.061e+04	+0.312
49.800	+6.783e+03	+2.371e+03	+1.025e+04	+0.259
49.900	+4.607e+03	+3.153e+03	+9.609e+03	+0.406
50.000	+8.128e+03	+3.566e+03	+1.066e+04	+0.305
50.100	+8.318e+03	+3.080e+03	+1.088e+04	+0.270
50.200	+5.609e+03	+2.465e+03	+1.047e+04	+0.305
50.300	+6.881e+03	+3.780e+03	+8.998e+03	+0.355
50.400	+8.081e+03	+2.474e+03	+1.017e+04	+0.234
50.500	+7.412e+03	+2.858e+03	+1.006e+04	+0.278
50.600	+4.033e+03	+6.126e+03	+9.342e+03	+0.603
50.700	+1.394e+03	+6.658e+03	+1.042e+04	+0.827
50.800	+3.250e+03	+6.551e+03	+8.737e+03	+0.668
50.900	+2.711e+03	+7.961e+03	+9.604e+03	+0.746
51.000	+2.526e+03	+7.846e+03	+1.011e+04	+0.756
51.100	+2.735e+03	+7.319e+03	+9.899e+03	+0.728
51.200	+4.129e+03	+7.026e+03	+1.058e+04	+0.630
51.300	+2.191e+03	+5.006e+03	+9.524e+03	+0.696
51.400	+2.421e+03	+7.956e+03	+1.059e+04	+0.767
51.500	+2.123e+03	+5.977e+03	+1.006e+04	+0.738
51.600	+3.029e+03	+5.366e+03	+1.037e+04	+0.639
51.700	+3.890e+03	+6.540e+03	+1.028e+04	+0.627
51.800	+3.030e+03	+6.414e+03	+1.046e+04	+0.679
51.900	+2.549e+03	+7.737e+03	+9.779e+03	+0.752
52.000	+4.872e+03	+6.996e+03	+1.068e+04	+0.589
52.100	+2.480e+03	+8.668e+03	+1.090e+04	+0.778
52.200	+2.728e+03	+7.022e+03	+1.003e+04	+0.720
52.300	+2.588e+03	+6.623e+03	+1.109e+04	+0.719
52.400	+1.844e+03	+8.072e+03	+8.627e+03	+0.814
52.500	+7.194e+03	+3.657e+03	+1.028e+04	+0.337
52.600	+7.325e+03	+2.070e+03	+8.505e+03	+0.220
52.700	+7.136e+03	+3.002e+03	+9.602e+03	+0.296
52.800	+5.823e+03	+2.970e+03	+1.030e+04	+0.338
52.900	+5.722e+03	+3.440e+03	+1.011e+04	+0.375
53.000	+6.026e+03	+3.444e+03	+9.780e+03	+0.364
53.100	+7.495e+03	+3.697e+03	+1.066e+04	+0.330
53.200	+5.843e+03	+2.379e+03	+9.631e+03	+0.289
53.300	+5.980e+03	+4.062e+03	+1.017e+04	+0.404
53.400	+7.147e+03	+2.896e+03	+8.578e+03	+0.288
53.500	+6.777e+03	+1.728e+03	+9.837e+03	+0.203
53.600	+6.557e+03	+3.897e+03	+1.048e+04	+0.373
53.700	+6.463e+03	+2.463e+03	+1.080e+04	+0.276
53.800	+7.616e+03	+2.966e+03	+1.201e+04	+0.280
53.900	+7.587e+03	+2.793e+03	+9.381e+03	+0.269
54.000	+8.491e+03	+2.384e+03	+8.161e+03	+0.219
54.100	+7.005e+03	+2.805e+03	+8.570e+03	+0.286
54.200	+7.168e+03	+3.109e+03	+9.229e+03	+0.303
54.300	+6.626e+03	+3.546e+03	+1.105e+04	+0.349
54.400	+5.835e+03	+3.624e+03	+9.691e+03	+0.383
54.500	+6.625e+03	+3.381e+03	+1.030e+04	+0.338
54.600	+5.963e+03	+4.049e+03	+9.765e+03	+0.404
54.700	+3.083e+03	+6.807e+03	+9.558e+03	+0.688
54.800	+3.307e+03	+6.170e+03	+1.044e+04	+0.651
54.900	+2.689e+03	+6.481e+03	+1.100e+04	+0.707
55.000	+2.834e+03	+7.886e+03	+1.015e+04	+0.736
55.100	+3.153e+03	+6.816e+03	+1.035e+04	+0.684
55.200	+2.986e+03	+5.675e+03	+8.629e+03	+0.655
55.300	+3.496e+03	+7.819e+03	+1.083e+04	+0.691
55.400	+2.782e+03	+8.009e+03	+1.039e+04	+0.742
55.500	+2.402e+03	+8.024e+03	+1.031e+04	+0.770
55.600	+3.112e+03	+6.368e+03	+1.125e+04	+0.672
55.700	+1.570e+03	+7.717e+03	+1.096e+04	+0.831
55.800	+3.401e+03	+8.640e+03	+9.975e+03	+0.718
55.900	+2.863e+03	+6.582e+03	+1.044e+04	+0.697
56.000	+5.593e+03	+3.337e+03	+1.016e+04	+0.374
56.100	+5.656e+03	+3.769e+03	+1.114e+04	+0.400
56.200	+6.046e+03	+2.154e+03	+1.019e+04	+0.263
56.300	+8.646e+03	+3.674e+03	+1.023e+04	+0.298
56.400	+6.772e+03	+2.838e+03	+1.097e+04	+0.295
56.500	+7.167e+03	+2.490e+03	+1.031e+04	+0.258
56.600	+7.215e+03	+3.048e+03	+1.130e+04	+0.297
56.700	+7.867e+03	+2.186e+03	+1.034e+04	+0.217
56.800	+5.940e+03	+5.268e+03	+9.387e+03	+0.470
56.900	+5.390e+03	+5.005e+03	+1.035e+04	+0.481
57.000	+5.972e+03	+3.521e+03	+8.926e+03	+0.371
57.100	+6.958e+03	+2.884e+03	+9.087e+03	+0.293
57.200	+6.411e+03	+4.211e+03	+1.023e+04	+0.396
57.300	+7.460e+03	+3.008e+03	+1.000e+04	+0.287
57.400	+8.084e+03	+4.266e+03	+1.083e+04	+0.345
57.500	+7.323e+03	+3.111e+03	+9.609e+03	+0.298
57.600	+7.142e+03	+3.271e+03	+1.023e+04	+0.314
57.700	+6.920e+03	+3.120e+03	+8.573e+03	+0.311
57.800	+7.336e+03	+2.753e+03	+1.050e+04	+0.273
57.900	+7.159e+03	+3.385e+03	+1.186e+04	+0.321
58.000	+7.955e+03	+3.500e+03	+1.205e+04	+0.306
58.100	+8.130e+03	+4.539e+03	+1.047e+04	+0.358
58.200	+8.066e+03	+4.183e+03	+1.069e+04	+0.341
58.300	+8.940e+03	+3.225e+03	+8.703e+03	+0.265
58.400	+7.157e+03	+2.821e+03	+1.052e+04	+0.283
58.500	+7.433e+03	+2.011e+03	+9.376e+03	+0.213
58.600	+5.913e+03	+2.408e+03	+9.341e+03	+0.289
58.700	+8.450e+03	+3.719e+03	+9.765e+03	+0.306
58.800	+7.414e+03	+4.197e+03	+1.047e+04	+0.361
58.900	+6.569e+03	+2.746e+03	+9.268e+03	+0.295
59.000	+6.266e+03	+3.575e+03	+9.818e+03	+0.363
59.100	+6.095e+03	+1.795e+03	+1.102e+04	+0.227
59.200	+6.188e+03	+2.761e+03	+9.010e+03	+0.309
59.300	+8.118e+03	+2.387e+03	+9.631e+03	+0.227
59.400	+4.991e+03	+4.322e+03	+1.082e+04	+0.464
59.500	+2.692e+03	+7.401e+03	+1.003e+04	+0.733
59.600	+3.454e+03	+6.309e+03	+9.784e+03	+0.646
59.700	+3.116e+03	+7.797e+03	+1.023e+04	+0.714
59.800	+2.046e+03	+7.541e+03	+9.388e+03	+0.787
59.900	+2.883e+03	+7.882e+03	+9.462e+03	+0.732
60.000	+2.132e+03	+7.759e+03	+1.007e+04	+0.784
60.100	+2.452e+03	+7.290e+03	+9.429e+03	+0.748
60.200	+3.037e+03	+7.861e+03	+1.018e+04	+0.721
60.300	+3.173e+03	+6.688e+03	+9.582e+03	+0.678
60.400	+1.998e+03	+6.017e+03	+9.615e+03	+0.751
60.500	+2.223e+03	+8.668e+03	+8.902e+03	+0.796
60.600	+3.429e+03	+6.596e+03	+1.122e+04	+0.658
60.700	+3.361e+03	+5.685e+03	+8.627e+03	+0.628
60.800	+2.450e+03	+6.445e+03	+1.035e+04	+0.725
60.900	+2.781e+03	+7.515e+03	+9.301e+03	+0.730
61.000	+3.273e+03	+7.786e+03	+1.047e+04	+0.704
61.100	+9.806e+02	+7.106e+03	+9.513e+03	+0.879
61.200	+2.332e+03	+6.801e+03	+1.091e+04	+0.745
61.300	+4.217e+03	+6.693e+03	+9.941e+03	+0.613
61.400	+3.115e+03	+7.084e+03	+1.063e+04	+0.695
61.500	+2.551e+03	+6.472e+03	+9.499e+03	+0.717
61.600	+2.596e+03	+5.560e+03	+9.877e+03	+0.682
61.700	+2.080e+03	+6.452e+03	+9.341e+03	+0.756
61.800	+6.052e+03	+3.131e+03	+9.087e+03	+0.341
61.900	+7.104e+03	+2.954e+03	+9.731e+03	+0.294
62.000	+6.138e+03	+4.210e+03	+9.410e+03	+0.407
62.100	+7.263e+03	+4.978e+03	+9.586e+03	+0.407
62.200	+6.771e+03	+2.954e+03	+9.554e+03	+0.304
62.300	+7.175e+03	+4.461e+03	+1.062e+04	+0.383
62.400	+6.354e+03	+1.362e+03	+8.279e+03	+0.177
62.500	+7.181e+03	+2.016e+03	+1.106e+04	+0.219
62.600	+7.468e+03	+3.433e+03	+9.656e+03	+0.315
62.700	+8.374e+03	+2.722e+03	+8.449e+03	+0.245
62.800	+7.597e+03	+1.654e+03	+1.027e+04	+0.179
62.900	+7.315e+03	+1.526e+03	+1.171e+04	+0.173
63.000	+7.000e+03	+4.240e+03	+1.092e+04	+0.377
63.100	+7.647e+03	+2.910e+03	+1.149e+04	+0.276
63.200	+7.743e+03	+3.494e+03	+1.051e+04	+0.311
63.300	+7.838e+03	+3.441e+03	+8.929e+03	+0.305
63.400	+6.888e+03	+2.468e+03	+8.780e+03	+0.264
63.500	+6.372e+03	+3.610e+03	+1.014e+04	+0.362
63.600	+6.446e+03	+2.625e+03	+1.128e+04	+0.289
63.700	+3.410e+03	+6.997e+03	+1.079e+04	+0.672
63.800	+3.895e+03	+6.793e+03	+1.020e+04	+0.636
63.900	+3.860e+03	+6.754e+03	+9.757e+03	+0.636
64.000	+4.660e+03	+7.314e+03	+9.229e+03	+0.611
64.100	+2.950e+03	+6.458e+03	+1.153e+04	+0.686
64.200	+2.367e+03	+7.819e+03	+1.215e+04	+0.768
64.300	+3.727e+03	+7.859e+03	+9.694e+03	+0.678
64.400	+2.166e+03	+7.390e+03	+9.537e+03	+0.773
64.500	+2.541e+03	+6.903e+03	+1.064e+04	+0.731
64.600	+3.622e+03	+8.748e+03	+1.157e+04	+0.707
64.700	+2.900e+03	+8.241e+03	+9.677e+03	+0.740
64.800	+5.458e+03	+6.015e+03	+8.951e+03	+0.524
64.900	+4.342e+03	+7.887e+03	+1.093e+04	+0.645
65.000	+2.815e+03	+6.248e+03	+9.260e+03	+0.689
65.100	+3.548e+03	+5.746e+03	+9.424e+03	+0.618
65.200	+7.042e+03	+2.437e+03	+9.893e+03	+0.257
65.300	+7.465e+03	+3.061e+03	+1.041e+04	+0.291
65.400	+5.729e+03	+3.506e+02	+1.051e+04	+0.058
65.500	+6.105e+03	+3.819e+03	+1.060e+04	+0.385
65.600	+8.005e+03	+2.818e+03	+1.023e+04	+0.260
65.700	+6.679e+03	+3.263e+03	+9.489e+03	+0.328
65.800	+7.175e+03	+2.486e+03	+1.024e+04	+0.257
65.900	+6.118e+03	+3.074e+02	+1.020e+04	+0.048
66.000	+7.227e+03	+2.946e+03	+9.391e+03	+0.290
66.100	+5.208e+03	+3.443e+03	+9.114e+03	+0.398
66.200	+7.187e+03	+3.338e+03	+1.064e+04	+0.317
66.300	+6.551e+03	+2.251e+03	+9.578e+03	+0.256
66.400	+6.923e+03	+2.990e+03	+9.891e+03	+0.302
66.500	+5.301e+03	+3.060e+03	+9.579e+03	+0.366
66.600	+5.893e+03	+4.588e+03	+9.475e+03	+0.438
66.700	+3.560e+03	+6.028e+03	+8.944e+03	+0.629
66.800	+3.347e+03	+6.275e+03	+1.023e+04	+0.652
66.900	+2.029e+03	+4.962e+03	+9.951e+03	+0.710
67.000	+3.970e+03	+6.183e+03	+1.059e+04	+0.609
67.100	+3.300e+03	+6.351e+03	+1.024e+04	+0.658
67.200	+5.217e+03	+4.564e+03	+1.083e+04	+0.467
67.300	+7.563e+03	+4.035e+03	+9.124e+03	+0.348
67.400	+6.131e+03	+2.568e+03	+9.926e+03	+0.295
67.500	+7.739e+03	+2.514e+03	+8.893e+03	+0.245
67.600	+7.942e+03	+2.221e+03	+9.920e+03	+0.219
67.700	+4.638e+03	+6.705e+03	+9.205e+03	+0.591
67.800	+1.888e+03	+6.964e+03	+9.962e+03	+0.787
67.900	+3.912e+03	+6.911e+03	+1.018e+04	+0.639
68.000	+3.726e+03	+7.575e+03	+9.566e+03	+0.670
68.100	+3.644e+03	+7.954e+03	+8.866e+03	+0.686
68.200	+2.067e+03	+7.264e+03	+1.023e+04	+0.778
68.300	+3.389e+03	+6.155e+03	+1.084e+04	+0.645
68.400	+3.711e+03	+7.107e+03	+9.486e+03	+0.657
68.500	+2.932e+03	+5.818e+03	+1.034e+04	+0.665
