%t (s)	Idd (a.u.)	Ida (a.u.)	Iaa (a.u.)	FRET E
0.000	+3.805e+03	+7.594e+03	+9.150e+03	+0.666
0.100	+2.580e+03	+6.102e+03	+1.075e+04	+0.703
0.200	+2.478e+03	+7.510e+03	+8.924e+03	+0.752
0.300	+4.008e+03	+6.501e+03	+8.381e+03	+0.619
0.400	+4.804e+03	+6.482e+03	+1.065e+04	+0.574
0.500	+2.501e+03	+7.041e+03	+9.409e+03	+0.738
0.600	+3.425e+03	+7.072e+03	+9.606e+03	+0.674
0.700	+2.388e+03	+7.810e+03	+9.014e+03	+0.766
0.800	+3.834e+03	+7.609e+03	+1.032e+04	+0.665
0.900	+2.024e+03	+6.090e+03	+9.766e+03	+0.751
1.000	+3.969e+03	+7.547e+03	+9.617e+03	+0.655
1.100	+2.022e+03	+6.826e+03	+9.845e+03	+0.772
1.200	+2.361e+03	+7.519e+03	+8.335e+03	+0.761
1.300	+5.478e+03	+6.253e+03	+9.823e+03	+0.533
1.400	+1.982e+03	+6.836e+03	+1.043e+04	+0.775
1.500	+2.476e+03	+7.791e+03	+1.013e+04	+0.759
1.600	+3.043e+03	+7.380e+03	+9.967e+03	+0.708
1.700	+2.187e+03	+6.882e+03	+1.056e+04	+0.759
1.800	+9.028e+02	+6.603e+03	+1.118e+04	+0.880
1.900	+3.490e+03	+4.914e+03	+9.847e+03	+0.585
2.000	+3.386e+03	+7.670e+03	+1.009e+04	+0.694
2.100	+4.357e+03	+5.262e+03	+1.015e+04	+0.547
2.200	+4.196e+03	+6.710e+03	+1.046e+04	+0.615
2.300	+4.364e+03	+7.148e+03	+1.052e+04	+0.621
2.400	+3.065e+03	+5.973e+03	+1.026e+04	+0.661
2.500	+2.486e+03	+7.284e+03	+1.034e+04	+0.746
2.600	+3.042e+03	+7.185e+03	+1.103e+04	+0.703
2.700	+1.731e+03	+5.492e+03	+8.741e+03	+0.760
2.800	+3.299e+03	+7.279e+03	+9.653e+03	+0.688
2.900	+2.749e+03	+7.944e+03	+9.854e+03	+0.743
3.000	+2.667e+03	+7.675e+03	+1.008e+04	+0.742
3.100	+2.513e+03	+6.348e+03	+9.377e+03	+0.716
3.200	+5.608e+03	+4.165e+03	+9.283e+03	+0.426
3.300	+7.459e+03	+4.476e+03	+1.029e+04	+0.375
3.400	+6.726e+03	+4.453e+03	+1.058e+04	+0.398
3.500	+7.102e+03	+1.986e+03	+1.115e+04	+0.219
3.600	+7.479e+03	+3.585e+03	+1.120e+04	+0.324
3.700	+7.821e+03	+3.078e+03	+1.026e+04	+0.282
3.800	+6.800e+03	+3.390e+03	+9.197e+03	+0.333
3.900	+7.150e+03	+4.267e+03	+8.768e+03	+0.374
4.000	+7.176e+03	+3.315e+03	+1.019e+04	+0.316
4.100	+6.147e+03	+3.904e+03	+8.514e+03	+0.388
4.200	+6.825e+03	+4.377e+03	+1.066e+04	+0.391
4.300	+6.596e+03	+2.784e+03	+1.038e+04	+0.297
4.400	+7.142e+03	+2.604e+03	+9.710e+03	+0.267
4.500	+7.519e+03	+2.122e+03	+9.743e+03	+0.220
4.600	+6.196e+03	+3.470e+03	+9.510e+03	+0.359
4.700	+7.582e+03	+3.681e+03	+1.033e+04	+0.327
4.800	+6.921e+03	+2.444e+03	+1.033e+04	+0.261
4.900	+6.699e+03	+3.640e+03	+1.020e+04	+0.352
5.000	+6.576e+03	+2.915e+03	+9.942e+03	+0.307
5.100	+6.144e+03	+2.918e+03	+1.043e+04	+0.322
5.200	+7.152e+03	+1.788e+03	+9.503e+03	+0.200
5.300	+7.347e+03	+2.777e+03	+1.208e+04	+0.274
5.400	+6.737e+03	+3.095e+03	+1.056e+04	+0.315
5.500	+6.333e+03	+2.024e+03	+8.176e+03	+0.242
5.600	+4.348e+03	+6.649e+03	+1.052e+04	+0.605
5.700	+2.432e+03	+6.406e+03	+8.593e+03	+0.725
5.800	+3.820e+03	+7.797e+03	+9.884e+03	+0.671
5.900	+2.049e+03	+5.885e+03	+9.750e+03	+0.742
6.000	+3.457e+03	+7.033e+03	+1.021e+04	+0.670
6.100	+2.586e+03	+5.767e+03	+8.941e+03	+0.690
6.200	+5.434e+03	+3.906e+03	+9.474e+03	+0.418
6.300	+2.807e+03	+6.555e+03	+8.789e+03	+0.700
6.400	+3.081e+03	+7.069e+03	+1.048e+04	+0.696
6.500	+3.676e+03	+6.330e+03	+8.619e+03	+0.633
6.600	+1.969e+03	+7.334e+03	+9.955e+03	+0.788
6.700	+4.045e+03	+7.216e+03	+1.200e+04	+0.641
6.800	+2.424e+03	+6.283e+03	+9.856e+03	+0.722
6.900	+2.886e+03	+7.604e+03	+9.774e+03	+0.725
7.000	+2.996e+03	+6.713e+03	+1.078e+04	+0.691
7.100	+6.460e+03	+3.392e+03	+9.799e+03	+0.344
7.200	+7.868e+03	+2.690e+03	+8.841e+03	+0.255
7.300	+6.846e+03	+2.646e+03	+1.088e+04	+0.279
7.400	+6.241e+03	+2.004e+03	+9.915e+03	+0.243
7.500	+6.385e+03	+3.871e+03	+9.355e+03	+0.377
7.600	+3.408e+03	+6.147e+03	+1.007e+04	+0.643
7.700	+2.402e+03	+6.540e+03	+1.038e+04	+0.731
7.800	+1.965e+03	+6.507e+03	+9.930e+03	+0.768
7.900	+2.328e+03	+6.999e+03	+1.003e+04	+0.750
8.000	+2.761e+03	+5.877e+03	+1.031e+04	+0.680
8.100	+4.047e+03	+5.866e+03	+1.021e+04	+0.592
8.200	+4.026e+03	+6.639e+03	+1.013e+04	+0.623
8.300	+2.643e+03	+6.879e+03	+1.025e+04	+0.722
8.400	+3.801e+03	+7.400e+03	+1.091e+04	+0.661
8.500	+3.872e+03	+6.842e+03	+9.350e+03	+0.639
8.600	+3.858e+03	+5.642e+03	+8.927e+03	+0.594
8.700	+7.162e+03	+2.262e+03	+1.157e+04	+0.240
8.800	+6.430e+03	+2.526e+03	+1.005e+04	+0.282
8.900	+5.984e+03	+3.872e+03	+1.001e+04	+0.393
9.000	+6.978e+03	+9.377e+02	+9.660e+03	+0.118
9.100	+6.541e+03	+3.587e+03	+9.820e+03	+0.354
9.200	+5.583e+03	+3.938e+03	+1.095e+04	+0.414
9.300	+1.197e+03	+5.638e+03	+9.628e+03	+0.825
9.400	+2.527e+03	+6.717e+03	+1.065e+04	+0.727
9.500	+3.916e+03	+4.649e+03	+8.391e+03	+0.543
9.600	+2.757e+03	+6.698e+03	+1.120e+04	+0.708
9.700	+4.428e+03	+8.090e+03	+8.736e+03	+0.646
9.800	+3.162e+03	+6.690e+03	+1.063e+04	+0.679
9.900	+5.340e+03	+4.728e+03	+9.369e+03	+0.470
10.000	+6.830e+03	+2.813e+03	+1.026e+04	+0.292
10.100	+8.480e+03	+3.554e+03	+8.944e+03	+0.295
10.200	+6.274e+03	+2.530e+03	+9.231e+03	+0.287
10.300	+7.473e+03	+3.711e+03	+1.161e+04	+0.332
10.400	+6.572e+03	+3.595e+03	+9.449e+03	+0.354
10.500	+8.333e+03	+2.963e+03	+9.817e+03	+0.262
10.600	+8.915e+03	+3.948e+03	+1.004e+04	+0.307
10.700	+6.988e+03	+3.200e+03	+9.862e+03	+0.314
10.800	+6.626e+03	+4.272e+03	+1.014e+04	+0.392
10.900	+7.574e+03	+2.448e+03	+9.896e+03	+0.244
11.000	+6.641e+03	+2.173e+03	+1.139e+04	+0.247
11.100	+6.101e+03	+3.042e+03	+1.010e+04	+0.333
11.200	+6.706e+03	+2.379e+03	+9.184e+03	+0.262
11.300	+5.975e+03	+4.087e+03	+1.040e+04	+0.406
11.400	+6.700e+03	+3.847e+03	+1.120e+04	+0.365
11.500	+7.317e+03	+3.628e+03	+1.037e+04	+0.331
11.600	+7.595e+03	+3.295e+03	+8.781e+03	+0.303
11.700	+6.978e+03	+3.789e+03	+1.020e+04	+0.352
11.800	+7.363e+03	+4.367e+03	+8.765e+03	+0.372
11.900	+6.146e+03	+1.616e+03	+1.093e+04	+0.208
12.000	+5.583e+03	+5.110e+03	+1.055e+04	+0.478
12.100	+2.574e+03	+6.798e+03	+1.061e+04	+0.725
12.200	+2.498e+03	+7.106e+03	+1.062e+04	+0.740
12.300	+3.812e+03	+7.714e+03	+8.937e+03	+0.669
12.400	+3.875e+03	+6.849e+03	+9.219e+03	+0.639
12.500	+4.858e+03	+8.226e+03	+1.082e+04	+0.629
12.600	+2.443e+03	+7.206e+03	+9.425e+03	+0.747
12.700	+1.908e+03	+7.597e+03	+1.112e+04	+0.799
12.800	+3.054e+03	+5.457e+03	+9.824e+03	+0.641
12.900	+3.481e+03	+6.480e+03	+8.769e+03	+0.651
13.000	+3.419e+03	+7.990e+03	+9.809e+03	+0.700
13.100	+2.173e+03	+7.055e+03	+9.384e+03	+0.765
13.200	+4.099e+03	+6.965e+03	+1.003e+04	+0.630
13.300	+2.951e+03	+6.489e+03	+1.001e+04	+0.687
13.400	+2.636e+03	+5.155e+03	+1.010e+04	+0.662
13.500	+3.814e+03	+6.885e+03	+9.032e+03	+0.643
13.600	+4.301e+03	+4.263e+03	+9.463e+03	+0.498
13.700	+6.177e+03	+3.245e+03	+9.543e+03	+0.344
13.800	+5.762e+03	+2.889e+03	+8.754e+03	+0.334
13.900	+6.550e+03	+3.042e+03	+9.686e+03	+0.317
14.000	+6.947e+03	+3.231e+03	+9.904e+03	+0.317
14.100	+7.009e+03	+2.966e+03	+9.694e+03	+0.297
14.200	+7.087e+03	+3.614e+03	+1.043e+04	+0.338
14.300	+7.043e+03	+3.857e+03	+1.146e+04	+0.354
14.400	+6.337e+03	+4.616e+03	+9.916e+03	+0.421
14.500	+7.488e+03	+3.288e+03	+9.525e+03	+0.305
14.600	+7.358e+03	+2.475e+03	+1.101e+04	+0.252
14.700	+8.388e+03	+1.769e+03	+1.004e+04	+0.174
14.800	+4.695e+03	+5.509e+03	+1.048e+04	+0.540
14.900	+2.820e+03	+7.067e+03	+9.254e+03	+0.715
15.000	+2.939e+03	+6.881e+03	+1.071e+04	+0.701
15.100	+3.386e+03	+7.055e+03	+1.038e+04	+0.676
15.200	+2.460e+03	+6.645e+03	+9.149e+03	+0.730
15.300	+2.749e+03	+7.154e+03	+9.688e+03	+0.722
15.400	+2.862e+03	+5.090e+03	+1.042e+04	+0.640
15.500	+3.394e+03	+7.003e+03	+8.481e+03	+0.674
15.600	+6.578e+03	+4.268e+03	+9.738e+03	+0.394
15.700	+7.551e+03	+8.247e+02	+9.272e+03	+0.098
15.800	+6.597e+03	+1.918e+03	+1.002e+04	+0.225
15.900	+7.952e+03	+2.663e+03	+9.978e+03	+0.251
16.000	+6.267e+03	+2.658e+03	+9.741e+03	+0.298
16.100	+7.218e+03	+3.495e+03	+1.039e+04	+0.326
16.200	+8.263e+03	+2.687e+03	+9.428e+03	+0.245
16.300	+7.105e+03	+3.627e+03	+1.075e+04	+0.338
16.400	+6.201e+03	+4.456e+03	+1.179e+04	+0.418
16.500	+7.927e+03	+2.117e+03	+1.041e+04	+0.211
16.600	+6.986e+03	+3.194e+03	+9.923e+03	+0.314
16.700	+6.527e+03	+4.093e+03	+1.064e+04	+0.385
16.800	+4.020e+03	+8.231e+03	+9.878e+03	+0.672
16.900	+2.888e+03	+6.043e+03	+9.703e+03	+0.677
17.000	+3.340e+03	+7.067e+03	+8.399e+03	+0.679
17.100	+3.286e+03	+7.848e+03	+8.962e+03	+0.705
17.200	+3.562e+03	+6.434e+03	+1.016e+04	+0.644
17.300	+2.712e+03	+7.777e+03	+1.012e+04	+0.741
17.400	+2.825e+03	+7.856e+03	+9.320e+03	+0.735
17.500	+3.210e+03	+4.946e+03	+1.128e+04	+0.606
17.600	+2.941e+03	+6.438e+03	+9.808e+03	+0.686
17.700	+3.430e+03	+7.712e+03	+9.405e+03	+0.692
17.800	+2.235e+03	+7.588e+03	+1.074e+04	+0.772
17.900	+2.327e+03	+7.285e+03	+1.042e+04	+0.758
18.000	+3.816e+03	+7.933e+03	+1.129e+04	+0.675
18.100	+3.273e+03	+8.377e+03	+1.066e+04	+0.719
18.200	+4.164e+03	+6.981e+03	+1.107e+04	+0.626
18.300	+4.509e+03	+7.260e+03	+1.170e+04	+0.617
18.400	+2.072e+03	+7.608e+03	+1.069e+04	+0.786
18.500	+3.165e+03	+7.444e+03	+9.708e+03	+0.702
18.600	+2.165e+03	+6.215e+03	+1.060e+04	+0.742
18.700	+3.655e+03	+5.991e+03	+1.036e+04	+0.621
18.800	+3.458e+03	+7.854e+03	+9.672e+03	+0.694
18.900	+2.819e+03	+6.227e+03	+1.034e+04	+0.688
19.000	+2.506e+03	+6.522e+03	+9.952e+03	+0.722
19.100	+1.204e+03	+7.813e+03	+1.020e+04	+0.866
19.200	+4.830e+03	+7.181e+03	+1.174e+04	+0.598
19.300	+3.002e+03	+7.136e+03	+1.072e+04	+0.704
19.400	+3.334e+03	+7.884e+03	+9.763e+03	+0.703
19.500	+3.737e+03	+6.830e+03	+1.051e+04	+0.646
19.600	+2.264e+03	+7.233e+03	+1.163e+04	+0.762
19.700	+3.340e+03	+8.058e+03	+1.057e+04	+0.707
19.800	+3.919e+03	+7.461e+03	+9.577e+03	+0.656
19.900	+1.113e+03	+8.187e+03	+1.006e+04	+0.880
20.000	+7.257e+03	+2.462e+03	+1.062e+04	+0.253
20.100	+6.581e+03	+2.534e+03	+9.938e+03	+0.278
20.200	+6.713e+03	+1.193e+03	+9.077e+03	+0.151
20.300	+6.781e+03	+2.232e+03	+9.642e+03	+0.248
20.400	+8.108e+03	+3.231e+03	+9.252e+03	+0.285
20.500	+8.257e+03	+2.769e+02	+8.477e+03	+0.032
20.600	+6.112e+03	+2.787e+03	+9.257e+03	+0.313
20.700	+7.646e+03	+3.375e+03	+1.018e+04	+0.306
20.800	+3.711e+03	+6.142e+03	+9.863e+03	+0.623
20.900	+1.774e+03	+7.621e+03	+1.030e+04	+0.811
21.000	+3.623e+03	+7.832e+03	+9.424e+03	+0.684
21.100	+3.040e+03	+6.265e+03	+8.881e+03	+0.673
21.200	+2.631e+03	+7.951e+03	+1.021e+04	+0.751
21.300	+2.499e+03	+7.661e+03	+9.173e+03	+0.754
21.400	+2.582e+03	+5.827e+03	+8.938e+03	+0.693
21.500	+3.170e+03	+6.652e+03	+1.021e+04	+0.677
21.600	+2.425e+03	+6.807e+03	+8.969e+03	+0.737
21.700	+2.077e+03	+6.778e+03	+8.713e+03	+0.765
21.800	+3.435e+03	+7.219e+03	+9.588e+03	+0.678
21.900	+3.364e+03	+6.047e+03	+1.040e+04	+0.643
22.000	+2.802e+03	+7.292e+03	+8.490e+03	+0.722
22.100	+2.945e+03	+7.801e+03	+9.737e+03	+0.726
22.200	+2.831e+03	+6.151e+03	+1.070e+04	+0.685
22.300	+3.621e+03	+9.110e+03	+1.107e+04	+0.716
22.400	+4.474e+03	+8.671e+03	+8.417e+03	+0.660
22.500	+3.596e+03	+6.136e+03	+1.117e+04	+0.631
22.600	+3.093e+03	+7.702e+03	+9.638e+03	+0.713
22.700	+1.670e+03	+7.268e+03	+1.041e+04	+0.813
22.800	+3.614e+03	+7.194e+03	+9.291e+03	+0.666
22.900	+2.225e+03	+6.708e+03	+1.105e+04	+0.751
23.000	+1.884e+03	+6.025e+03	+9.902e+03	+0.762
23.100	+3.357e+03	+8.285e+03	+9.046e+03	+0.712
23.200	+1.123e+03	+7.431e+03	+9.963e+03	+0.869
23.300	+3.703e+03	+5.450e+03	+9.256e+03	+0.595
23.400	+3.335e+03	+8.633e+03	+9.637e+03	+0.721
23.500	+2.952e+03	+6.733e+03	+9.730e+03	+0.695
23.600	+2.008e+03	+7.587e+03	+1.013e+04	+0.791
23.700	+3.111e+03	+6.374e+03	+8.986e+03	+0.672
23.800	+3.502e+03	+6.650e+03	+1.097e+04	+0.655
23.900	+2.568e+03	+7.870e+03	+9.044e+03	+0.754
24.000	+2.924e+03	+8.229e+03	+1.066e+04	+0.738
24.100	+1.548e+03	+6.488e+03	+9.506e+03	+0.807
24.200	+4.918e+03	+7.012e+03	+9.191e+03	+0.588
24.300	+5.327e+03	+4.025e+03	+9.645e+03	+0.430
24.400	+4.060e+03	+6.969e+03	+9.107e+03	+0.632
24.500	+2.964e+03	+8.077e+03	+9.856e+03	+0.732
24.600	+1.838e+03	+7.502e+03	+9.807e+03	+0.803
24.700	+2.953e+03	+7.534e+03	+9.179e+03	+0.718
24.800	+2.532e+03	+7.895e+03	+1.121e+04	+0.757
24.900	+3.356e+03	+8.316e+03	+9.330e+03	+0.712
25.000	+3.249e+03	+7.586e+03	+9.762e+03	+0.700
25.100	+2.600e+03	+6.718e+03	+9.317e+03	+0.721
25.200	+2.660e+03	+6.748e+03	+9.797e+03	+0.717
25.300	+4.025e+03	+6.350e+03	+9.180e+03	+0.612
25.400	+2.928e+03	+5.102e+03	+9.736e+03	+0.635
25.500	+4.357e+03	+6.334e+03	+9.972e+03	+0.592
25.600	+2.906e+03	+8.931e+03	+9.363e+03	+0.754
25.700	+1.915e+03	+7.138e+03	+1.179e+04	+0.788
25.800	+4.043e+03	+7.665e+03	+1.003e+04	+0.655
25.900	+3.551e+03	+5.155e+03	+1.029e+04	+0.592
26.000	+7.619e+03	+3.231e+03	+1.075e+04	+0.298
26.100	+6.496e+03	+3.241e+03	+9.711e+03	+0.333
26.200	+8.002e+03	+1.411e+03	+1.076e+04	+0.150
26.300	+6.162e+03	+3.290e+03	+1.102e+04	+0.348
26.400	+7.479e+03	+5.401e+03	+1.036e+04	+0.419
26.500	+6.725e+03	+1.629e+03	+1.181e+04	+0.195
26.600	+5.142e+03	+3.856e+03	+1.103e+04	+0.429
26.700	+7.378e+03	+3.482e+03	+1.054e+04	+0.321
26.800	+5.452e+03	+4.828e+03	+1.082e+04	+0.470
26.900	+3.096e+03	+6.332e+03	+8.989e+03	+0.672
27.000	+2.922e+03	+5.750e+03	+1.009e+04	+0.663
27.100	+1.651e+03	+6.173e+03	+1.000e+04	+0.789
27.200	+2.910e+03	+6.854e+03	+9.000e+03	+0.702
27.300	+3.280e+03	+6.266e+03	+1.048e+04	+0.656
27.400	+1.092e+03	+7.132e+03	+1.012e+04	+0.867
27.500	+4.039e+03	+7.421e+03	+1.023e+04	+0.648
27.600	+3.672e+03	+5.668e+03	+1.022e+04	+0.607
27.700	+1.935e+03	+6.334e+03	+9.619e+03	+0.766
27.800	+4.307e+03	+6.585e+03	+1.055e+04	+0.605
27.900	+1.137e+03	+5.492e+03	+1.024e+04	+0.828
28.000	+2.007e+03	+7.303e+03	+1.089e+04	+0.784
28.100	+4.536e+03	+6.825e+03	+1.025e+04	+0.601
28.200	+1.249e+03	+5.720e+03	+9.954e+03	+0.821
28.300	+3.077e+03	+7.749e+03	+9.872e+03	+0.716
28.400	+2.907e+03	+7.064e+03	+1.115e+04	+0.708
28.500	+2.948e+03	+6.777e+03	+9.710e+03	+0.697
28.600	+1.729e+03	+6.120e+03	+9.056e+03	+0.780
28.700	+2.799e+03	+7.137e+03	+9.650e+03	+0.718
28.800	+3.473e+03	+9.341e+03	+9.904e+03	+0.729
28.900	-5.685e+01	+6.317e+03	+9.946e+03	+1.009
29.000	+1.690e+03	+6.519e+03	+8.534e+03	+0.794
29.100	+3.840e+03	+8.192e+03	+1.065e+04	+0.681
29.200	+2.821e+03	+7.091e+03	+9.717e+03	+0.715
29.300	+4.218e+03	+5.879e+03	+1.100e+04	+0.582
29.400	+6.909e+03	+2.534e+03	+1.029e+04	+0.268
29.500	+6.354e+03	+1.316e+03	+9.913e+03	+0.172
29.600	+7.733e+03	+3.936e+03	+1.025e+04	+0.337
29.700	+6.102e+03	+4.340e+03	+9.844e+03	+0.416
29.800	+7.208e+03	+2.647e+03	+1.050e+04	+0.269
29.900	+7.262e+03	+4.684e+03	+1.094e+04	+0.392
30.000	+6.951e+03	+2.898e+03	+1.218e+04	+0.294
30.100	+5.002e+03	+5.274e+03	+1.035e+04	+0.513
30.200	+6.134e+03	+2.035e+03	+1.063e+04	+0.249
30.300	+7.562e+03	+3.372e+03	+1.062e+04	+0.308
30.400	+5.810e+03	+1.015e+03	+1.039e+04	+0.149
30.500	+7.201e+03	+2.664e+03	+1.073e+04	+0.270
30.600	+6.414e+03	+4.160e+03	+1.066e+04	+0.393
30.700	+5.598e+03	+3.321e+03	+1.114e+04	+0.372
30.800	+7.869e+03	+2.956e+03	+9.441e+03	+0.273
30.900	+5.096e+03	+2.889e+03	+8.160e+03	+0.362
31.000	+6.467e+03	+1.977e+03	+9.225e+03	+0.234
31.100	+7.408e+03	+2.364e+03	+8.959e+03	+0.242
31.200	+5.397e+03	+2.853e+03	+9.660e+03	+0.346
31.300	+7.322e+03	+1.554e+03	+9.849e+03	+0.175
31.400	+6.398e+03	+2.446e+03	+8.955e+03	+0.277
31.500	+5.545e+03	+2.939e+03	+8.691e+03	+0.346
31.600	+7.733e+03	+4.122e+03	+1.090e+04	+0.348
31.700	+6.500e+03	+2.142e+03	+9.442e+03	+0.248
31.800	+5.124e+03	+3.614e+03	+1.010e+04	+0.414
31.900	+6.791e+03	+3.441e+03	+1.090e+04	+0.336
32.000	+6.383e+03	+1.420e+03	+9.956e+03	+0.182
32.100	+7.480e+03	+3.411e+03	+9.731e+03	+0.313
32.200	+7.376e+03	+3.048e+03	+1.158e+04	+0.292
32.300	+7.189e+03	+3.391e+03	+1.111e+04	+0.320
32.400	+5.947e+03	+3.741e+03	+9.484e+03	+0.386
32.500	+7.093e+03	+2.084e+03	+9.651e+03	+0.227
32.600	+7.914e+03	+3.152e+03	+1.056e+04	+0.285
32.700	+7.515e+03	+3.042e+03	+9.622e+03	+0.288
32.800	+7.809e+03	+2.518e+03	+9.657e+03	+0.244
32.900	+6.776e+03	+3.014e+03	+1.019e+04	+0.308
33.000	+6.571e+03	+4.469e+03	+9.660e+03	+0.405
33.100	+8.033e+03	+3.669e+03	+1.008e+04	+0.314
33.200	+6.909e+03	+1.293e+03	+1.035e+04	+0.158
33.300	+7.354e+03	+2.885e+03	+8.866e+03	+0.282
33.400	+7.249e+03	+3.323e+03	+1.010e+04	+0.314
33.500	+8.179e+03	+3.211e+03	+1.058e+04	+0.282
33.600	+4.977e+03	+6.613e+03	+1.009e+04	+0.571
33.700	+2.277e+03	+7.140e+03	+9.527e+03	+0.758
33.800	+3.974e+03	+5.327e+03	+1.057e+04	+0.573
33.900	+6.978e+03	+3.265e+03	+1.141e+04	+0.319
34.000	+7.101e+03	+3.725e+03	+1.099e+04	+0.344
34.100	+5.272e+03	+3.557e+03	+9.986e+03	+0.403
34.200	+6.639e+03	+3.380e+03	+9.924e+03	+0.337
34.300	+3.277e+03	+6.108e+03	+1.076e+04	+0.651
34.400	+6.303e+02	+7.288e+03	+1.082e+04	+0.920
34.500	+5.148e+03	+5.168e+03	+9.118e+03	+0.501
34.600	+7.684e+03	+3.463e+03	+1.103e+04	+0.311
34.700	+6.593e+03	+4.179e+03	+1.019e+04	+0.388
34.800	+7.334e+03	+3.384e+03	+1.150e+04	+0.316
34.900	+7.355e+03	+4.540e+03	+1.001e+04	+0.382
35.000	+7.244e+03	+4.052e+03	+1.029e+04	+0.359
35.100	+5.812e+03	+2.938e+03	+1.085e+04	+0.336
35.200	+8.266e+03	+3.679e+03	+1.010e+04	+0.308
35.300	+6.976e+03	+3.115e+03	+9.782e+03	+0.309
35.400	+6.817e+03	+2.777e+03	+9.155e+03	+0.289
35.500	+6.313e+03	+2.853e+03	+1.074e+04	+0.311
35.600	+7.016e+03	+3.617e+03	+1.044e+04	+0.340
35.700	+7.924e+03	+3.227e+03	+9.968e+03	+0.289
35.800	+7.744e+03	+2.251e+03	+8.690e+03	+0.225
35.900	+6.937e+03	+3.821e+03	+1.164e+04	+0.355
36.000	+6.879e+03	+3.401e+03	+1.017e+04	+0.331
36.100	+6.783e+03	+3.562e+03	+1.137e+04	+0.344
36.200	+6.024e+03	+3.435e+03	+9.409e+03	+0.363
36.300	+5.635e+03	+3.533e+03	+1.023e+04	+0.385
36.400	+2.244e+03	+7.352e+03	+1.020e+04	+0.766
36.500	+2.189e+03	+6.102e+03	+8.810e+03	+0.736
36.600	+3.455e+03	+7.377e+03	+1.151e+04	+0.681
36.700	+2.976e+03	+6.532e+03	+1.065e+04	+0.687
36.800	+1.860e+03	+5.689e+03	+1.013e+04	+0.754
36.900	+3.109e+03	+7.105e+03	+1.030e+04	+0.696
37.000	+7.778e+03	+4.175e+03	+1.030e+04	+0.349
37.100	+8.271e+03	+3.267e+03	+1.025e+04	+0.283
37.200	+7.840e+03	+4.816e+03	+1.125e+04	+0.381
37.300	+7.453e+03	+1.462e+03	+1.067e+04	+0.164
37.400	+7.080e+03	+2.235e+03	+1.030e+04	+0.240
37.500	+6.861e+03	+3.864e+03	+9.984e+03	+0.360
37.600	+4.953e+03	+6.289e+03	+1.009e+04	+0.559
37.700	+1.854e+03	+5.963e+03	+9.490e+03	+0.763
37.800	+7.499e+03	+2.273e+03	+9.730e+03	+0.233
37.900	+4.989e+03	+6.487e+03	+1.051e+04	+0.565
38.000	+2.849e+03	+7.165e+03	+8.760e+03	+0.716
38.100	+2.320e+03	+8.075e+03	+9.785e+03	+0.777
38.200	+5.478e+03	+5.547e+03	+9.865e+03	+0.503
38.300	+4.314e+03	+5.707e+03	+1.022e+04	+0.569
38.400	+6.729e+03	+2.055e+03	+8.902e+03	+0.234
38.500	+7.495e+03	+2.620e+03	+9.280e+03	+0.259
38.600	+7.522e+03	+2.761e+03	+1.084e+04	+0.269
38.700	+5.879e+03	+1.956e+03	+8.824e+03	+0.250
38.800	+7.778e+03	+2.601e+03	+1.033e+04	+0.251
38.900	+6.680e+03	+2.361e+03	+1.062e+04	+0.261
39.000	+6.514e+03	+2.256e+03	+8.287e+03	+0.257
39.100	+6.887e+03	+2.658e+03	+9.923e+03	+0.279
39.200	+5.799e+03	+3.061e+03	+9.547e+03	+0.345
39.300	+5.739e+03	+4.390e+03	+9.329e+03	+0.433
39.400	+7.976e+03	+2.215e+03	+1.123e+04	+0.217
39.500	+6.380e+03	+2.684e+03	+1.011e+04	+0.296
39.600	+5.843e+03	+2.758e+03	+9.887e+03	+0.321
39.700	+6.665e+03	+3.615e+03	+1.031e+04	+0.352
39.800	+5.530e+03	+3.241e+03	+9.932e+03	+0.370
39.900	+6.400e+03	+4.337e+03	+9.800e+03	+0.404
40.000	+5.205e+03	+2.924e+03	+9.817e+03	+0.360
40.100	+6.848e+03	+3.194e+03	+8.560e+03	+0.318
40.200	+7.091e+03	+2.153e+03	+1.067e+04	+0.233
40.300	+6.512e+03	+4.582e+03	+1.087e+04	+0.413
40.400	+7.360e+03	+3.997e+03	+9.211e+03	+0.352
40.500	+7.585e+03	+3.633e+03	+1.054e+04	+0.324
40.600	+5.570e+03	+2.975e+03	+8.557e+03	+0.348
40.700	+7.501e+03	+2.633e+03	+1.069e+04	+0.260
40.800	+6.558e+03	+2.009e+03	+1.045e+04	+0.234
40.900	+7.078e+03	+3.837e+03	+1.024e+04	+0.352
41.000	+5.541e+03	+4.747e+03	+9.840e+03	+0.461
41.100	+3.287e+03	+6.470e+03	+1.042e+04	+0.663
41.200	+4.375e+03	+5.871e+03	+8.789e+03	+0.573
41.300	+7.786e+03	+2.532e+03	+1.105e+04	+0.245
41.400	+8.270e+03	+2.338e+03	+1.039e+04	+0.220
41.500	+6.568e+03	+3.711e+03	+9.876e+03	+0.361
41.600	+2.640e+03	+5.998e+03	+1.005e+04	+0.694
41.700	+3.162e+03	+6.976e+03	+9.554e+03	+0.688
41.800	+3.405e+03	+6.463e+03	+9.196e+03	+0.655
41.900	+1.946e+03	+5.694e+03	+1.009e+04	+0.745
42.000	+2.667e+03	+5.984e+03	+1.004e+04	+0.692
42.100	+2.342e+03	+8.178e+03	+1.086e+04	+0.777
42.200	+2.095e+03	+5.421e+03	+9.542e+03	+0.721
42.300	+2.478e+03	+7.224e+03	+9.886e+03	+0.745
42.400	+2.836e+03	+6.115e+03	+9.942e+03	+0.683
42.500	+2.870e+03	+6.412e+03	+1.166e+04	+0.691
42.600	+3.616e+03	+8.179e+03	+1.044e+04	+0.693
42.700	+2.304e+03	+8.542e+03	+1.001e+04	+0.788
42.800	+2.782e+03	+7.956e+03	+1.056e+04	+0.741
42.900	+4.642e+03	+6.330e+03	+9.847e+03	+0.577
43.000	+4.156e+03	+6.835e+03	+8.893e+03	+0.622
43.100	+5.091e+03	+5.360e+03	+1.064e+04	+0.513
43.200	+6.320e+03	+2.597e+03	+8.181e+03	+0.291
43.300	+7.179e+03	+2.392e+03	+1.003e+04	+0.250
43.400	+5.885e+03	+3.176e+03	+9.258e+03	+0.350
43.500	+6.021e+03	+3.370e+03	+8.366e+03	+0.359
43.600	+6.549e+03	+4.627e+03	+1.060e+04	+0.414
43.700	+7.930e+03	+3.647e+03	+1.089e+04	+0.315
43.800	+6.699e+03	+3.166e+03	+1.078e+04	+0.321
43.900	+7.375e+03	+3.829e+03	+8.797e+03	+0.342
44.000	+7.242e+03	+3.290e+03	+7.703e+03	+0.312
44.100	+5.919e+03	+2.434e+03	+9.708e+03	+0.291
44.200	+6.549e+03	+2.792e+03	+9.735e+03	+0.299
44.300	+6.034e+03	+3.162e+03	+1.141e+04	+0.344
44.400	+7.973e+03	+2.515e+03	+1.047e+04	+0.240
44.500	+7.347e+03	+1.792e+03	+8.688e+03	+0.196
44.600	+8.562e+03	+3.671e+03	+1.067e+04	+0.300
44.700	+8.175e+03	+3.497e+03	+9.543e+03	+0.300
44.800	+6.349e+03	+2.152e+03	+8.757e+03	+0.253
44.900	+6.627e+03	+2.230e+03	+1.163e+04	+0.252
45.000	+8.280e+03	+3.550e+03	+1.027e+04	+0.300
45.100	+6.774e+03	+4.007e+03	+8.920e+03	+0.372
45.200	+6.765e+03	+3.829e+03	+9.757e+03	+0.361
45.300	+7.938e+03	+2.239e+03	+1.100e+04	+0.220
45.400	+5.805e+03	+3.019e+03	+9.442e+03	+0.342
45.500	+5.920e+03	+2.879e+03	+1.143e+04	+0.327
45.600	+6.814e+03	+2.145e+03	+9.310e+03	+0.239
45.700	+6.937e+03	+3.514e+03	+1.042e+04	+0.336
45.800	+7.621e+03	+3.076e+03	+9.758e+03	+0.288
45.900	+7.087e+03	+2.219e+03	+1.025e+04	+0.238
46.000	+7.687e+03	+1.355e+03	+1.029e+04	+0.150
46.100	+7.825e+03	+4.062e+03	+9.349e+03	+0.342
46.200	+7.280e+03	+3.061e+03	+1.074e+04	+0.296
46.300	+6.551e+03	+2.071e+03	+1.011e+04	+0.240
46.400	+6.116e+03	+2.876e+03	+1.078e+04	+0.320
46.500	+7.236e+03	+4.113e+03	+1.029e+04	+0.362
46.600	+6.099e+03	+2.623e+03	+9.889e+03	+0.301
46.700	+6.227e+03	+2.264e+03	+1.028e+04	+0.267
46.800	+5.913e+03	+2.893e+03	+9.639e+03	+0.329
46.900	+7.484e+03	+1.782e+03	+9.981e+03	+0.192
47.000	+6.691e+03	+1.803e+03	+9.813e+03	+0.212
47.100	+5.501e+03	+2.897e+03	+9.255e+03	+0.345
47.200	+6.327e+03	+2.476e+03	+1.059e+04	+0.281
47.300	+6.628e+03	+2.564e+03	+1.105e+04	+0.279
47.400	+9.474e+03	+3.576e+03	+1.035e+04	+0.274
47.500	+6.629e+03	+3.859e+03	+9.413e+03	+0.368
47.600	+6.981e+03	+4.152e+03	+1.108e+04	+0.373
47.700	+6.865e+03	+4.048e+03	+9.483e+03	+0.371
47.800	+5.358e+03	+3.563e+03	+1.082e+04	+0.399
47.900	+8.280e+03	+1.845e+03	+9.719e+03	+0.182
48.000	+2.522e+03	+7.345e+03	+9.740e+03	+0.744
48.100	+2.899e+03	+7.580e+03	+9.274e+03	+0.723
48.200	+1.169e+03	+6.789e+03	+1.101e+04	+0.853
48.300	+3.065e+03	+6.761e+03	+1.067e+04	+0.688
48.400	+2.040e+03	+6.656e+03	+8.480e+03	+0.765
48.500	+3.402e+03	+7.299e+03	+1.199e+04	+0.682
48.600	+2.826e+03	+9.181e+03	+1.035e+04	+0.765
48.700	+3.432e+03	+7.291e+03	+8.868e+03	+0.680
48.800	+3.905e+03	+7.540e+03	+1.073e+04	+0.659
48.900	+3.037e+03	+7.494e+03	+1.077e+04	+0.712
49.000	+3.505e+03	+8.119e+03	+1.049e+04	+0.698
49.100	+4.756e+03	+6.922e+03	+9.843e+03	+0.593
49.200	+2.393e+03	+5.896e+03	+1.074e+04	+0.711
49.300	+2.719e+03	+7.411e+03	+9.229e+03	+0.732
49.400	+3.397e+03	+6.929e+03	+1.046e+04	+0.671
49.500	+2.934e+03	+5.882e+03	+1.069e+04	+0.667
49.600	+3.018e+03	+7.684e+03	+9.708e+03	+0.718
49.700	+2.503e+03	+6.754e+03	+1.043e+04	+0.730
49.800	+3.632e+03	+9.174e+03	+8.804e+03	+0.716
49.900	+2.365e+03	+6.607e+03	+1.029e+04	+0.736
50.000	+2.955e+03	+6.663e+03	+1.060e+04	+0.693
50.100	+2.394e+03	+7.289e+03	+1.014e+04	+0.753
50.200	+4.699e+03	+6.481e+03	+9.166e+03	+0.580
50.300	+3.865e+03	+6.591e+03	+9.537e+03	+0.630
50.400	+3.156e+03	+5.666e+03	+9.605e+03	+0.642
50.500	+4.034e+03	+5.582e+03	+9.922e+03	+0.580
50.600	+3.613e+03	+5.081e+03	+1.046e+04	+0.584
50.700	+2.782e+03	+7.736e+03	+8.448e+03	+0.736
50.800	+2.557e+03	+7.351e+03	+1.018e+04	+0.742
50.900	+2.199e+03	+9.549e+03	+1.065e+04	+0.813
51.000	+3.471e+03	+6.332e+03	+9.766e+03	+0.646
51.100	+3.931e+03	+6.904e+03	+1.043e+04	+0.637
51.200	+2.509e+03	+6.966e+03	+9.106e+03	+0.735
51.300	+1.838e+03	+8.014e+03	+9.180e+03	+0.813
51.400	+3.762e+03	+6.643e+03	+1.052e+04	+0.638
51.500	+2.088e+03	+7.315e+03	+9.750e+03	+0.778
51.600	+3.375e+03	+7.807e+03	+9.793e+03	+0.698
51.700	+3.799e+03	+7.567e+03	+1.132e+04	+0.666
51.800	+7.035e+03	+2.838e+03	+1.077e+04	+0.287
51.900	+6.678e+03	+3.113e+03	+8.849e+03	+0.318
52.000	+7.367e+03	+2.846e+03	+9.850e+03	+0.279
52.100	+5.916e+03	+2.525e+03	+1.078e+04	+0.299
52.200	+6.941e+03	+2.414e+03	+9.248e+03	+0.258
52.300	+7.505e+03	+2.837e+03	+7.945e+03	+0.274
52.400	+7.332e+03	+3.476e+03	+9.700e+03	+0.322
52.500	+7.267e+03	+4.315e+03	+9.316e+03	+0.373
52.600	+5.990e+03	+3.933e+03	+9.784e+03	+0.396
52.700	+6.774e+03	+1.419e+03	+9.460e+03	+0.173
52.800	+7.495e+03	+3.122e+03	+9.072e+03	+0.294
52.900	+7.143e+03	+2.095e+03	+1.029e+04	+0.227
53.000	+6.601e+03	+4.214e+03	+1.144e+04	+0.390
53.100	+5.767e+03	+2.080e+03	+9.471e+03	+0.265
53.200	+7.083e+03	+3.526e+03	+8.429e+03	+0.332
53.300	+8.443e+03	+1.833e+03	+8.881e+03	+0.178
53.400	+6.169e+03	+2.765e+03	+9.644e+03	+0.309
53.500	+7.641e+03	+1.774e+03	+1.050e+04	+0.188
53.600	+6.594e+03	+2.762e+03	+1.033e+04	+0.295
53.700	+5.810e+03	+4.046e+03	+8.855e+03	+0.411
53.800	+7.397e+03	+1.916e+03	+9.196e+03	+0.206
53.900	+6.367e+03	+3.096e+03	+1.036e+04	+0.327
54.000	+6.922e+03	+1.473e+03	+9.350e+03	+0.175
54.100	+5.768e+03	+4.678e+03	+1.035e+04	+0.448
54.200	+8.175e+03	+3.274e+03	+1.021e+04	+0.286
54.300	+5.672e+03	+3.362e+03	+9.269e+03	+0.372
54.400	+7.895e+03	+1.453e+03	+1.085e+04	+0.155
54.500	+7.942e+03	+1.997e+03	+1.115e+04	+0.201
54.600	+6.329e+03	+1.703e+03	+8.583e+03	+0.212
54.700	+6.719e+03	+3.480e+03	+9.904e+03	+0.341
54.800	+6.337e+03	+2.655e+03	+8.757e+03	+0.295
54.900	+6.340e+03	+4.519e+03	+1.025e+04	+0.416
55.000	+7.441e+03	+3.325e+03	+1.057e+04	+0.309
55.100	+7.096e+03	+2.281e+03	+1.039e+04	+0.243
55.200	+6.135e+03	+1.669e+03	+9.933e+03	+0.214
55.300	+8.078e+03	+4.409e+03	+1.153e+04	+0.353
55.400	+7.427e+03	+3.273e+03	+9.596e+03	+0.306
55.500	+7.139e+03	+1.618e+03	+1.047e+04	+0.185
55.600	+7.298e+03	+1.628e+03	+7.460e+03	+0.182
55.700	+6.989e+03	+1.902e+03	+1.061e+04	+0.214
55.800	+6.239e+03	+2.860e+03	+1.148e+04	+0.314
55.900	+6.417e+03	+2.724e+03	+1.209e+04	+0.298
56.000	+7.575e+03	+3.786e+03	+1.031e+04	+0.333
56.100	+6.776e+03	+4.158e+03	+1.072e+04	+0.380
56.200	+5.558e+03	+3.765e+03	+9.985e+03	+0.404
56.300	+5.624e+03	+4.077e+03	+9.160e+03	+0.420
56.400	+5.812e+03	+3.439e+03	+1.090e+04	+0.372
56.500	+6.996e+03	+4.169e+03	+1.155e+04	+0.373
56.600	+6.695e+03	+3.976e+03	+9.682e+03	+0.373
56.700	+6.930e+03	+1.948e+03	+9.705e+03	+0.219
56.800	+7.071e+03	+2.722e+03	+1.043e+04	+0.278
56.900	+6.745e+03	+3.711e+03	+8.829e+03	+0.355
57.000	+6.490e+03	+3.507e+03	+9.376e+03	+0.351
57.100	+6.284e+03	+2.068e+03	+1.102e+04	+0.248
57.200	+7.078e+03	+3.755e+03	+9.593e+03	+0.347
57.300	+6.985e+03	+2.917e+03	+9.935e+03	+0.295
57.400	+7.240e+03	+2.753e+03	+9.814e+03	+0.276
57.500	+6.413e+03	+4.703e+03	+9.282e+03	+0.423
57.600	+5.589e+03	+3.694e+03	+9.899e+03	+0.398
57.700	+4.447e+03	+6.021e+03	+9.879e+03	+0.575
57.800	+2.222e+03	+6.542e+03	+8.956e+03	+0.746
57.900	+4.388e+03	+6.667e+03	+8.468e+03	+0.603
58.000	+1.976e+03	+7.701e+03	+1.132e+04	+0.796
58.100	+3.550e+03	+6.568e+03	+8.430e+03	+0.649
58.200	+4.927e+03	+4.207e+03	+1.065e+04	+0.461
58.300	+6.670e+03	+2.504e+03	+7.590e+03	+0.273
58.400	+6.267e+03	+3.377e+03	+1.190e+04	+0.350
58.500	+7.612e+03	+2.515e+03	+8.391e+03	+0.248
58.600	+7.632e+03	+2.478e+03	+9.079e+03	+0.245
58.700	+7.262e+03	+2.649e+03	+1.066e+04	+0.267
58.800	+7.828e+03	+5.231e+03	+1.106e+04	+0.401
58.900	+4.572e+03	+5.464e+03	+9.654e+03	+0.544
59.000	+1.870e+03	+5.430e+03	+1.030e+04	+0.744
59.100	+2.774e+03	+6.667e+03	+1.026e+04	+0.706
59.200	+7.758e+02	+5.395e+03	+1.082e+04	+0.874
59.300	+2.059e+03	+7.404e+03	+1.016e+04	+0.782
59.400	+2.346e+03	+7.200e+03	+9.635e+03	+0.754
59.500	+3.641e+03	+6.734e+03	+1.100e+04	+0.649
59.600	+3.425e+03	+6.582e+03	+1.115e+04	+0.658
59.700	+1.868e+03	+6.010e+03	+9.884e+03	+0.763
59.800	+2.841e+03	+6.968e+03	+8.798e+03	+0.710
59.900	+2.051e+03	+8.031e+03	+1.118e+04	+0.797
60.000	+1.801e+03	+6.854e+03	+9.905e+03	+0.792
60.100	+3.194e+03	+5.434e+03	+9.217e+03	+0.630
60.200	+3.894e+03	+4.629e+03	+9.454e+03	+0.543
60.300	+3.517e+03	+8.201e+03	+1.035e+04	+0.700
60.400	+4.417e+03	+7.112e+03	+1.196e+04	+0.617
60.500	+3.489e+03	+6.598e+03	+9.481e+03	+0.654
60.600	+2.765e+03	+7.861e+03	+8.601e+03	+0.740
60.700	+3.542e+03	+6.195e+03	+1.047e+04	+0.636
60.800	+1.758e+03	+7.857e+03	+7.642e+03	+0.817
60.900	+2.126e+03	+7.777e+03	+1.094e+04	+0.785
61.000	+2.885e+03	+7.356e+03	+1.049e+04	+0.718
61.100	+3.666e+03	+5.919e+03	+1.008e+04	+0.618
61.200	+2.568e+03	+6.389e+03	+1.056e+04	+0.713
61.300	+4.553e+03	+6.859e+03	+1.002e+04	+0.601
61.400	+3.341e+03	+7.210e+03	+1.091e+04	+0.683
61.500	+1.439e+03	+6.067e+03	+9.275e+03	+0.808
61.600	+3.260e+03	+6.535e+03	+9.738e+03	+0.667
61.700	+5.758e+03	+5.629e+03	+1.053e+04	+0.494
61.800	+6.984e+03	+8.548e+02	+1.059e+04	+0.109
61.900	+5.958e+03	+1.546e+03	+8.649e+03	+0.206
62.000	+7.711e+03	+3.550e+03	+1.041e+04	+0.315
62.100	+3.932e+03	+7.273e+03	+9.777e+03	+0.649
62.200	+2.232e+03	+6.808e+03	+9.413e+03	+0.753
62.300	+2.208e+03	+6.613e+03	+8.555e+03	+0.750
62.400	+2.456e+03	+6.187e+03	+1.005e+04	+0.716
62.500	+2.937e+03	+6.179e+03	+9.315e+03	+0.678
62.600	+3.978e+03	+5.896e+03	+8.959e+03	+0.597
62.700	+3.297e+03	+8.110e+03	+1.057e+04	+0.711
62.800	+2.717e+03	+7.464e+03	+9.972e+03	+0.733
62.900	+2.081e+03	+6.276e+03	+1.020e+04	+0.751
63.000	+2.547e+03	+6.619e+03	+1.106e+04	+0.722
63.100	+2.683e+03	+7.865e+03	+9.500e+03	+0.746
63.200	+2.189e+03	+6.909e+03	+1.064e+04	+0.759
63.300	+2.107e+03	+7.088e+03	+9.825e+03	+0.771
63.400	+2.269e+03	+7.731e+03	+1.046e+04	+0.773
63.500	+3.686e+03	+7.055e+03	+1.025e+04	+0.657
63.600	+3.898e+03	+5.753e+03	+9.436e+03	+0.596
63.700	+3.424e+03	+6.621e+03	+9.474e+03	+0.659
63.800	+2.663e+03	+7.370e+03	+9.341e+03	+0.735
63.900	+2.658e+03	+6.484e+03	+1.022e+04	+0.709
64.000	+5.300e+03	+4.002e+03	+9.088e+03	+0.430
64.100	+7.065e+03	+1.346e+03	+9.518e+03	+0.160
64.200	+6.561e+03	+3.586e+03	+1.082e+04	+0.353
64.300	+5.315e+03	+5.466e+03	+1.011e+04	+0.507
64.400	+6.669e+03	+2.763e+03	+9.437e+03	+0.293
64.500	+7.166e+03	+2.920e+03	+9.775e+03	+0.289
64.600	+8.297e+03	+2.502e+03	+9.121e+03	+0.232
64.700	+6.946e+03	+1.968e+03	+1.047e+04	+0.221
64.800	+8.266e+03	+1.212e+03	+1.096e+04	+0.128
64.900	+7.243e+03	+4.284e+03	+1.059e+04	+0.372
65.000	+6.927e+03	+2.860e+03	+9.495e+03	+0.292
65.100	+6.884e+03	+2.041e+03	+1.015e+04	+0.229
65.200	+6.738e+03	+3.426e+03	+1.045e+04	+0.337
65.300	+5.273e+03	+2.858e+03	+9.887e+03	+0.351
65.400	+7.592e+03	+3.741e+03	+1.202e+04	+0.330
65.500	+6.616e+03	+2.267e+03	+9.632e+03	+0.255
65.600	+6.570e+03	+3.745e+03	+9.994e+03	+0.363
65.700	+7.311e+03	+2.668e+03	+9.924e+03	+0.267
65.800	+6.075e+03	+4.444e+03	+1.011e+04	+0.422
65.900	+6.751e+03	+3.141e+03	+9.337e+03	+0.318
66.000	+6.489e+03	+4.266e+03	+8.278e+03	+0.397
66.100	+6.402e+03	+4.087e+03	+8.617e+03	+0.390
66.200	+7.603e+03	+2.729e+03	+9.718e+03	+0.264
66.300	+9.891e+03	+2.774e+03	+9.389e+03	+0.219
66.400	+7.651e+03	+4.132e+03	+9.173e+03	+0.351
66.500	+6.142e+03	+3.828e+03	+1.078e+04	+0.384
66.600	+8.071e+03	+3.106e+03	+1.041e+04	+0.278
66.700	+7.527e+03	+3.920e+03	+9.411e+03	+0.342
66.800	+7.716e+03	+2.680e+03	+9.262e+03	+0.258
66.900	+7.487e+03	+3.967e+03	+1.065e+04	+0.346
67.000	+7.690e+03	+2.130e+03	+1.044e+04	+0.217
67.100	+6.476e+03	+2.254e+03	+9.398e+03	+0.258
67.200	+6.924e+03	+4.070e+03	+9.537e+03	+0.370
67.300	+7.053e+03	+3.165e+03	+9.234e+03	+0.310
67.400	+6.339e+03	+1.704e+03	+9.680e+03	+0.212
67.500	+6.657e+03	+3.244e+03	+1.016e+04	+0.328
67.600	+6.815e+03	+2.662e+03	+1.046e+04	+0.281
67.700	+6.353e+03	+2.912e+03	+9.584e+03	+0.314
67.800	+5.009e+03	+3.076e+03	+1.001e+04	+0.380
67.900	+8.213e+03	+3.379e+03	+8.841e+03	+0.291
68.000	+6.516e+03	+3.631e+03	+9.404e+03	+0.358
68.100	+6.481e+03	+3.649e+03	+1.014e+04	+0.360
68.200	+4.545e+03	+6.395e+03	+9.914e+03	+0.585
68.300	+3.613e+03	+7.024e+03	+9.914e+03	+0.660
68.400	+2.364e+03	+7.622e+03	+1.136e+04	+0.763
68.500	+2.624e+03	+5.422e+03	+1.118e+04	+0.674
68.600	+3.497e+03	+7.525e+03	+1.057e+04	+0.683
68.700	+1.448e+03	+7.389e+03	+8.722e+03	+0.836
68.800	+2.276e+03	+5.910e+03	+9.628e+03	+0.722
68.900	+3.293e+03	+7.298e+03	+9.736e+03	+0.689
69.000	+3.130e+03	+5.765e+03	+1.162e+04	+0.648
69.100	+3.320e+03	+6.436e+03	+9.622e+03	+0.660
69.200	+3.375e+03	+6.696e+03	+9.981e+03	+0.665
69.300	+3.229e+03	+7.318e+03	+1.001e+04	+0.694
69.400	+4.006e+03	+7.060e+03	+1.120e+04	+0.638
69.500	+3.419e+03	+7.793e+03	+1.158e+04	+0.695
69.600	+1.911e+03	+9.098e+03	+9.673e+03	+0.826
69.700	+2.664e+03	+6.789e+03	+1.091e+04	+0.718
69.800	+3.429e+03	+6.008e+03	+1.073e+04	+0.637
69.900	+3.384e+03	+6.974e+03	+1.063e+04	+0.673
70.000	+1.627e+03	+7.324e+03	+1.052e+04	+0.818
70.100	+6.402e+03	+2.699e+03	+1.019e+04	+0.297
70.200	+6.789e+03	+3.450e+03	+1.008e+04	+0.337
70.300	+4.707e+03	+5.490e+03	+1.006e+04	+0.538
70.400	+2.236e+03	+6.621e+03	+1.111e+04	+0.748
70.500	+3.144e+03	+6.323e+03	+1.013e+04	+0.668
70.600	+3.351e+03	+6.790e+03	+1.016e+04	+0.670
70.700	+2.900e+03	+6.559e+03	+1.017e+04	+0.693
70.800	+2.877e+03	+7.918e+03	+9.191e+03	+0.733
70.900	+2.654e+03	+7.514e+03	+1.079e+04	+0.739
71.000	+3.815e+03	+7.289e+03	+1.033e+04	+0.656
71.100	+3.611e+03	+6.608e+03	+8.906e+03	+0.647
71.200	+2.348e+03	+5.740e+03	+9.433e+03	+0.710
71.300	+2.134e+03	+7.025e+03	+1.124e+04	+0.767
71.400	+3.372e+03	+5.999e+03	+1.017e+04	+0.640
71.500	+3.721e+03	+6.554e+03	+1.018e+04	+0.638
71.600	+2.313e+03	+7.743e+03	+1.068e+04	+0.770
71.700	+5.052e+03	+5.149e+03	+9.881e+03	+0.505
71.800	+7.660e+03	+2.368e+03	+9.458e+03	+0.236
71.900	+7.905e+03	+3.948e+03	+1.023e+04	+0.333
72.000	+2.422e+03	+7.118e+03	+1.115e+04	+0.746
72.100	+2.504e+03	+8.781e+03	+1.110e+04	+0.778
72.200	+2.178e+03	+7.805e+03	+8.761e+03	+0.782
72.300	+2.994e+03	+7.095e+03	+1.025e+04	+0.703
72.400	+1.745e+03	+6.418e+03	+9.947e+03	+0.786
72.500	+1.989e+03	+7.114e+03	+8.249e+03	+0.782
72.600	+2.508e+03	+6.878e+03	+9.038e+03	+0.733
72.700	+2.405e+03	+7.943e+03	+1.186e+04	+0.768
72.800	+2.560e+03	+7.226e+03	+9.892e+03	+0.738
72.900	+1.571e+03	+7.073e+03	+9.179e+03	+0.818
73.000	+3.417e+03	+7.806e+03	+1.082e+04	+0.696
73.100	+4.254e+03	+7.309e+03	+1.009e+04	+0.632
73.200	+3.178e+03	+7.281e+03	+9.503e+03	+0.696
73.300	+4.487e+03	+6.594e+03	+9.324e+03	+0.595
73.400	+1.231e+03	+6.370e+03	+1.044e+04	+0.838
73.500	+2.531e+03	+8.230e+03	+9.545e+03	+0.765
73.600	+2.451e+03	+6.040e+03	+1.046e+04	+0.711
73.700	+3.508e+03	+7.087e+03	+9.957e+03	+0.669
73.800	+3.051e+03	+6.487e+03	+9.383e+03	+0.680
73.900	+1.443e+03	+6.613e+03	+1.001e+04	+0.821
74.000	+3.843e+03	+6.128e+03	+1.089e+04	+0.615
74.100	+3.139e+03	+7.197e+03	+1.072e+04	+0.696
74.200	+4.454e+03	+6.666e+03	+9.553e+03	+0.599
74.300	+3.485e+03	+6.897e+03	+1.114e+04	+0.664
74.400	+2.244e+03	+7.806e+03	+1.107e+04	+0.777
74.500	+3.638e+03	+7.292e+03	+1.085e+04	+0.667
74.600	+3.900e+03	+7.980e+03	+9.616e+03	+0.672
74.700	+2.331e+03	+7.849e+03	+1.056e+04	+0.771
74.800	+3.105e+03	+9.422e+03	+8.845e+03	+0.752
74.900	+4.659e+03	+7.988e+03	+1.139e+04	+0.632
75.000	+3.662e+03	+7.619e+03	+1.020e+04	+0.675
75.100	+3.872e+03	+7.190e+03	+1.072e+04	+0.650
75.200	+3.097e+03	+7.491e+03	+1.066e+04	+0.708
75.300	+1.807e+03	+6.918e+03	+1.052e+04	+0.793
75.400	+2.865e+03	+6.931e+03	+9.998e+03	+0.708
75.500	+3.296e+03	+7.480e+03	+1.020e+04	+0.694
75.600	+3.045e+03	+6.721e+03	+8.785e+03	+0.688
75.700	+2.805e+03	+6.984e+03	+1.086e+04	+0.713
75.800	+2.814e+03	+6.538e+03	+9.247e+03	+0.699
75.900	+3.457e+03	+7.541e+03	+9.840e+03	+0.686
76.000	+2.400e+03	+6.428e+03	+1.145e+04	+0.728
76.100	+2.192e+03	+6.621e+03	+1.039e+04	+0.751
76.200	+4.549e+03	+6.699e+03	+9.298e+03	+0.596
76.300	+2.539e+03	+8.169e+03	+9.064e+03	+0.763
76.400	+4.479e+03	+4.970e+03	+1.054e+04	+0.526
76.500	+6.395e+03	+3.689e+03	+9.792e+03	+0.366
76.600	+6.904e+03	+3.804e+03	+1.083e+04	+0.355
76.700	+8.393e+03	+2.599e+03	+1.099e+04	+0.236
76.800	+6.506e+03	+2.816e+03	+1.139e+04	+0.302
76.900	+7.734e+03	+3.459e+03	+9.747e+03	+0.309
77.000	+6.841e+03	+2.316e+03	+9.111e+03	+0.253
77.100	+7.800e+03	+3.200e+03	+9.701e+03	+0.291
77.200	+7.104e+03	+2.670e+03	+9.727e+03	+0.273
77.300	+7.378e+03	+1.477e+03	+9.514e+03	+0.167
77.400	+7.065e+03	+3.073e+03	+8.359e+03	+0.303
77.500	+6.270e+03	+3.305e+03	+1.032e+04	+0.345
77.600	+8.415e+03	+3.814e+03	+9.730e+03	+0.312
77.700	+5.886e+03	+3.425e+03	+1.022e+04	+0.368
77.800	+7.310e+03	+2.369e+03	+9.336e+03	+0.245
77.900	+3.103e+03	+6.178e+03	+1.040e+04	+0.666
78.000	+3.510e+03	+7.655e+03	+1.024e+04	+0.686
78.100	+3.312e+03	+6.892e+03	+1.092e+04	+0.675
78.200	+3.454e+03	+6.407e+03	+1.142e+04	+0.650
78.300	+4.387e+03	+6.882e+03	+8.342e+03	+0.611
78.400	+3.421e+03	+6.946e+03	+9.949e+03	+0.670
78.500	+2.575e+03	+7.870e+03	+1.033e+04	+0.753
78.600	+3.924e+03	+6.536e+03	+1.068e+04	+0.625
78.700	+3.200e+03	+7.006e+03	+9.171e+03	+0.686
78.800	+3.349e+03	+7.712e+03	+1.098e+04	+0.697
78.900	+3.812e+03	+6.650e+03	+9.512e+03	+0.636
79.000	+2.028e+03	+6.317e+03	+9.555e+03	+0.757
79.100	+2.900e+03	+7.914e+03	+8.056e+03	+0.732
79.200	+2.040e+03	+5.817e+03	+7.402e+03	+0.740
79.300	+2.763e+03	+7.848e+03	+9.234e+03	+0.740
79.400	+2.893e+03	+6.644e+03	+1.003e+04	+0.697
79.500	+3.032e+03	+5.595e+03	+1.002e+04	+0.649
79.600	+4.485e+03	+5.228e+03	+1.031e+04	+0.538
79.700	+6.828e+03	+2.549e+03	+8.519e+03	+0.272
79.800	+6.843e+03	+4.604e+03	+1.093e+04	+0.402
79.900	+8.011e+03	+3.715e+03	+8.592e+03	+0.317
80.000	+6.486e+03	+2.745e+03	+1.043e+04	+0.297
80.100	+6.350e+03	+3.688e+03	+1.065e+04	+0.367
80.200	+8.249e+03	+3.639e+03	+1.035e+04	+0.306
80.300	+9.114e+03	+2.236e+03	+9.359e+03	+0.197
80.400	+6.872e+03	+3.466e+03	+9.917e+03	+0.335
80.500	+7.221e+03	+4.403e+03	+8.627e+03	+0.379
80.600	+6.520e+03	+1.992e+03	+1.049e+04	+0.234
80.700	+6.979e+03	+3.357e+03	+9.777e+03	+0.325
80.800	+6.918e+03	+2.311e+03	+9.106e+03	+0.250
80.900	+8.174e+03	+1.989e+03	+1.004e+04	+0.196
81.000	+7.590e+03	+3.109e+03	+1.138e+04	+0.291
81.100	+7.312e+03	+3.864e+03	+1.084e+04	+0.346
81.200	+3.028e+03	+6.423e+03	+1.061e+04	+0.680
81.300	+3.211e+03	+7.630e+03	+9.772e+03	+0.704
81.400	+4.861e+03	+6.460e+03	+9.837e+03	+0.571
81.500	+1.622e+03	+5.632e+03	+1.069e+04	+0.776
81.600	+3.255e+03	+7.078e+03	+1.036e+04	+0.685
81.700	+2.027e+03	+7.291e+03	+1.100e+04	+0.782
81.800	+2.399e+03	+5.789e+03	+9.590e+03	+0.707
81.900	+2.218e+03	+5.555e+03	+1.117e+04	+0.715
82.000	+2.450e+03	+7.852e+03	+1.037e+04	+0.762
82.100	+2.817e+03	+7.674e+03	+1.045e+04	+0.731
82.200	+3.058e+03	+7.348e+03	+1.029e+04	+0.706
82.300	+2.561e+03	+5.698e+03	+9.890e+03	+0.690
82.400	+2.590e+03	+6.463e+03	+1.000e+04	+0.714
82.500	+2.470e+03	+8.210e+03	+1.068e+04	+0.769
82.600	+1.499e+03	+6.754e+03	+1.165e+04	+0.818
82.700	+3.251e+03	+8.721e+03	+1.057e+04	+0.728
82.800	+3.224e+03	+6.433e+03	+9.865e+03	+0.666
82.900	+3.820e+03	+6.616e+03	+9.685e+03	+0.634
83.000	+2.649e+03	+7.458e+03	+8.708e+03	+0.738
83.100	+2.501e+03	+7.474e+03	+9.221e+03	+0.749
83.200	+3.483e+03	+5.512e+03	+8.789e+03	+0.613
83.300	+2.752e+03	+6.902e+03	+9.667e+03	+0.715
83.400	+3.191e+03	+9.513e+03	+1.087e+04	+0.749
83.500	+1.539e+03	+6.696e+03	+9.691e+03	+0.813
83.600	+2.093e+03	+7.086e+03	+9.450e+03	+0.772
83.700	+2.794e+03	+6.554e+03	+1.207e+04	+0.701
83.800	+3.491e+03	+6.246e+03	+1.114e+04	+0.641
83.900	+3.945e+03	+7.324e+03	+1.027e+04	+0.650
84.000	+2.278e+03	+7.722e+03	+9.637e+03	+0.772
84.100	+2.806e+03	+8.903e+03	+1.110e+04	+0.760
84.200	+2.197e+03	+7.255e+03	+1.061e+04	+0.768
84.300	+4.010e+03	+7.474e+03	+1.059e+04	+0.651
84.400	+3.767e+03	+6.210e+03	+1.028e+04	+0.622
84.500	+3.332e+03	+5.781e+03	+9.163e+03	+0.634
84.600	+2.972e+03	+6.573e+03	+1.028e+04	+0.689
84.700	+4.041e+03	+7.614e+03	+9.756e+03	+0.653
84.800	+4.475e+03	+7.419e+03	+1.132e+04	+0.624
84.900	+3.787e+03	+6.801e+03	+9.995e+03	+0.642
85.000	+2.946e+03	+6.825e+03	+1.077e+04	+0.699
85.100	+2.269e+03	+5.914e+03	+9.829e+03	+0.723
85.200	+3.145e+03	+5.360e+03	+1.069e+04	+0.630
85.300	+3.498e+03	+7.308e+03	+9.198e+03	+0.676
85.400	+3.268e+03	+7.646e+03	+9.146e+03	+0.701
85.500	+3.025e+03	+7.129e+03	+8.769e+03	+0.702
85.600	+2.204e+03	+7.786e+03	+1.103e+04	+0.779
85.700	+3.572e+03	+6.247e+03	+8.712e+03	+0.636
85.800	+2.450e+03	+7.458e+03	+1.040e+04	+0.753
85.900	+2.116e+03	+8.120e+03	+9.019e+03	+0.793
86.000	+3.082e+03	+7.108e+03	+9.506e+03	+0.698
86.100	+1.558e+03	+7.728e+03	+1.034e+04	+0.832
86.200	+4.015e+03	+5.704e+03	+1.064e+04	+0.587
86.300	+2.587e+03	+7.463e+03	+9.510e+03	+0.743
86.400	+3.581e+03	+5.740e+03	+8.967e+03	+0.616
86.500	+3.618e+03	+5.660e+03	+1.043e+04	+0.610
86.600	+2.873e+03	+6.368e+03	+9.531e+03	+0.689
86.700	+2.470e+03	+7.655e+03	+9.763e+03	+0.756
86.800	+3.774e+03	+6.101e+03	+9.997e+03	+0.618
86.900	+3.175e+03	+7.179e+03	+9.237e+03	+0.693
87.000	+2.890e+03	+5.593e+03	+8.627e+03	+0.659
87.100	+6.567e+03	+4.006e+03	+1.106e+04	+0.379
87.200	+6.137e+03	+2.735e+03	+9.604e+03	+0.308
87.300	+5.465e+03	+3.730e+03	+8.829e+03	+0.406
87.400	+7.643e+03	+3.704e+03	+1.006e+04	+0.326
87.500	+8.242e+03	+3.299e+03	+8.942e+03	+0.286
87.600	+6.008e+03	+3.705e+03	+9.966e+03	+0.381
87.700	+6.191e+03	+3.368e+03	+9.935e+03	+0.352
87.800	+7.495e+03	+2.839e+03	+1.063e+04	+0.275
87.900	+5.450e+03	+3.339e+03	+1.122e+04	+0.380
88.000	+6.823e+03	+3.385e+03	+1.213e+04	+0.332
88.100	+7.198e+03	+3.836e+03	+1.151e+04	+0.348
88.200	+5.855e+03	+2.122e+03	+9.185e+03	+0.266
88.300	+4.905e+03	+6.799e+03	+1.054e+04	+0.581
88.400	+3.547e+03	+6.766e+03	+9.780e+03	+0.656
88.500	+2.203e+03	+6.903e+03	+9.767e+03	+0.758
88.600	+2.485e+03	+7.502e+03	+1.026e+04	+0.751
88.700	+2.787e+03	+5.888e+03	+1.091e+04	+0.679
88.800	+3.595e+03	+8.112e+03	+9.381e+03	+0.693
88.900	+3.146e+03	+6.608e+03	+1.014e+04	+0.677
89.000	+3.204e+03	+6.161e+03	+1.048e+04	+0.658
89.100	+2.921e+03	+6.674e+03	+9.157e+03	+0.696
89.200	+2.041e+03	+7.545e+03	+1.147e+04	+0.787
89.300	+3.378e+03	+6.239e+03	+9.059e+03	+0.649
89.400	+2.834e+03	+7.940e+03	+9.241e+03	+0.737
89.500	+2.500e+03	+5.534e+03	+1.059e+04	+0.689
89.600	+3.069e+03	+7.293e+03	+1.048e+04	+0.704
89.700	+2.468e+03	+5.559e+03	+9.917e+03	+0.692
89.800	+5.447e+03	+5.060e+03	+1.001e+04	+0.482
89.900	+7.082e+03	+3.878e+03	+1.026e+04	+0.354
90.000	+7.553e+03	+3.033e+03	+1.006e+04	+0.287
90.100	+6.882e+03	+3.019e+03	+1.066e+04	+0.305
90.200	+6.418e+03	+3.612e+03	+9.461e+03	+0.360
90.300	+6.934e+03	+2.916e+03	+1.013e+04	+0.296
90.400	+7.202e+03	+2.605e+03	+1.099e+04	+0.266
90.500	+7.300e+03	+3.042e+03	+1.121e+04	+0.294
90.600	+8.515e+03	+2.017e+03	+8.512e+03	+0.192
90.700	+7.201e+03	+3.219e+03	+1.041e+04	+0.309
90.800	+7.447e+03	+2.933e+03	+1.089e+04	+0.283
90.900	+4.372e+03	+6.712e+03	+1.054e+04	+0.606
91.000	+1.922e+03	+6.759e+03	+1.083e+04	+0.779
91.100	+4.184e+03	+8.137e+03	+9.999e+03	+0.660
91.200	+3.118e+03	+7.224e+03	+8.813e+03	+0.699
91.300	+3.108e+03	+7.869e+03	+1.114e+04	+0.717
91.400	+2.297e+03	+6.653e+03	+1.168e+04	+0.743
91.500	+2.952e+03	+6.397e+03	+1.042e+04	+0.684
91.600	+4.103e+03	+5.998e+03	+1.068e+04	+0.594
91.700	+3.377e+03	+7.414e+03	+9.571e+03	+0.687
91.800	+3.452e+03	+6.760e+03	+1.082e+04	+0.662
91.900	+3.252e+03	+6.626e+03	+1.059e+04	+0.671
92.000	+3.738e+03	+6.537e+03	+9.912e+03	+0.636
92.100	+4.020e+03	+6.521e+03	+9.612e+03	+0.619
92.200	+3.536e+03	+7.082e+03	+1.032e+04	+0.667
92.300	+7.419e+03	+3.400e+03	+1.121e+04	+0.314
92.400	+6.668e+03	+2.863e+03	+9.589e+03	+0.300
92.500	+6.569e+03	+3.445e+03	+1.042e+04	+0.344
92.600	+4.955e+03	+4.373e+03	+1.047e+04	+0.469
92.700	+2.004e+03	+6.456e+03	+1.000e+04	+0.763
92.800	+2.350e+03	+7.787e+03	+1.057e+04	+0.768
92.900	+3.093e+03	+7.885e+03	+1.075e+04	+0.718
93.000	+4.638e+03	+7.594e+03	+1.054e+04	+0.621
93.100	+4.348e+03	+7.627e+03	+8.685e+03	+0.637
93.200	+3.187e+03	+7.434e+03	+9.438e+03	+0.700
93.300	+3.218e+03	+6.260e+03	+1.063e+04	+0.661
93.400	+3.491e+03	+6.954e+03	+1.005e+04	+0.666
93.500	+2.975e+03	+6.579e+03	+9.704e+03	+0.689
93.600	+1.959e+03	+5.113e+03	+1.102e+04	+0.723
93.700	+3.668e+03	+5.537e+03	+8.739e+03	+0.602
93.800	+2.972e+03	+6.662e+03	+9.243e+03	+0.691
93.900	+2.770e+03	+7.106e+03	+9.860e+03	+0.720
94.000	+2.503e+03	+6.712e+03	+1.080e+04	+0.728
94.100	+1.979e+03	+8.076e+03	+9.471e+03	+0.803
94.200	+3.000e+03	+6.223e+03	+1.035e+04	+0.675
94.300	+2.408e+03	+6.421e+03	+1.090e+04	+0.727
94.400	+3.853e+03	+6.363e+03	+1.034e+04	+0.623
94.500	+4.201e+03	+4.847e+03	+1.003e+04	+0.536
94.600	+6.625e+03	+2.802e+03	+1.085e+04	+0.297
94.700	+8.044e+03	+2.953e+03	+9.122e+03	+0.268
94.800	+6.053e+03	+2.698e+03	+9.512e+03	+0.308
94.900	+6.999e+03	+2.284e+03	+1.016e+04	+0.246
95.000	+6.692e+03	+3.126e+03	+1.023e+04	+0.318
95.100	+6.313e+03	+2.539e+03	+1.154e+04	+0.287
95.200	+7.420e+03	+2.783e+03	+9.403e+03	+0.273
95.300	+7.497e+03	+3.193e+03	+9.183e+03	+0.299
95.400	+6.561e+03	+2.711e+03	+1.059e+04	+0.292
95.500	+7.216e+03	+2.816e+03	+9.900e+03	+0.281
95.600	+7.472e+03	+2.015e+03	+9.723e+03	+0.212
95.700	+8.757e+03	+2.579e+03	+9.627e+03	+0.228
95.800	+6.435e+03	+1.965e+03	+9.125e+03	+0.234
95.900	+7.121e+03	+3.288e+03	+1.033e+04	+0.316
96.000	+6.681e+03	+2.734e+03	+1.089e+04	+0.290
96.100	+7.002e+03	+2.533e+03	+1.123e+04	+0.266
96.200	+7.179e+03	+2.689e+03	+9.366e+03	+0.273
96.300	+7.543e+03	+5.056e+03	+1.022e+04	+0.401
96.400	+6.415e+03	+2.665e+03	+9.827e+03	+0.293
96.500	+7.872e+03	+2.652e+03	+9.950e+03	+0.252
96.600	+6.913e+03	+3.100e+03	+8.623e+03	+0.310
96.700	+7.008e+03	+1.619e+03	+9.674e+03	+0.188
96.800	+8.853e+03	+3.435e+03	+1.112e+04	+0.280
96.900	+6.939e+03	+3.235e+03	+9.535e+03	+0.318
97.000	+6.728e+03	+3.663e+03	+1.045e+04	+0.353
97.100	+6.875e+03	+3.715e+03	+9.197e+03	+0.351
97.200	+7.975e+03	+3.206e+03	+1.021e+04	+0.287
97.300	+7.249e+03	+2.776e+03	+1.072e+04	+0.277
97.400	+8.691e+03	+3.182e+03	+9.833e+03	+0.268
97.500	+6.939e+03	+2.707e+03	+1.076e+04	+0.281
97.600	+8.821e+03	+2.482e+03	+9.743e+03	+0.220
97.700	+8.382e+03	+3.616e+03	+9.318e+03	+0.301
97.800	+7.257e+03	+3.429e+03	+1.029e+04	+0.321
97.900	+7.067e+03	+2.581e+03	+1.011e+04	+0.268
98.000	+3.995e+03	+5.886e+03	+1.102e+04	+0.596
98.100	+2.236e+03	+5.876e+03	+1.131e+04	+0.724
98.200	+1.971e+03	+7.352e+03	+9.059e+03	+0.789
98.300	+4.600e+03	+7.084e+03	+1.038e+04	+0.606
98.400	+2.766e+03	+6.138e+03	+1.094e+04	+0.689
98.500	+2.997e+03	+8.224e+03	+8.832e+03	+0.733
98.600	+3.287e+03	+7.223e+03	+1.076e+04	+0.687
98.700	+2.768e+03	+7.612e+03	+1.122e+04	+0.733
98.800	+3.263e+03	+6.764e+03	+1.064e+04	+0.675
98.900	+3.406e+03	+6.302e+03	+9.671e+03	+0.649
99.000	+4.001e+03	+5.750e+03	+8.222e+03	+0.590
99.100	+2.911e+03	+7.462e+03	+9.241e+03	+0.719
99.200	+4.562e+03	+7.130e+03	+1.019e+04	+0.610
99.300	+2.662e+03	+6.372e+03	+9.797e+03	+0.705
99.400	+4.652e+03	+7.381e+03	+9.308e+03	+0.613
99.500	+2.882e+03	+7.878e+03	+1.028e+04	+0.732
99.600	+3.939e+03	+6.765e+03	+1.110e+04	+0.632
99.700	+3.762e+03	+6.391e+03	+1.004e+04	+0.629
99.800	+3.437e+03	+7.101e+03	+9.870e+03	+0.674
99.900	+3.270e+03	+6.277e+03	+1.097e+04	+0.658
100.000	+3.258e+03	+6.546e+03	+9.909e+03	+0.668
100.100	+2.904e+03	+7.088e+03	+1.093e+04	+0.709
100.200	+3.245e+03	+8.533e+03	+1.076e+04	+0.724
100.300	+1.684e+03	+7.204e+03	+1.114e+04	+0.811
100.400	+9.495e+02	+7.067e+03	+1.017e+04	+0.882
100.500	+3.392e+03	+6.086e+03	+9.063e+03	+0.642
100.600	+2.626e+03	+6.155e+03	+1.006e+04	+0.701
100.700	+2.903e+03	+8.369e+03	+9.628e+03	+0.742
100.800	+3.981e+03	+5.885e+03	+1.032e+04	+0.596
100.900	+3.041e+03	+6.560e+03	+9.059e+03	+0.683
101.000	+2.754e+03	+6.644e+03	+1.032e+04	+0.707
101.100	+3.850e+03	+6.326e+03	+8.390e+03	+0.622
101.200	+3.870e+03	+7.519e+03	+9.825e+03	+0.660
101.300	+3.332e+03	+6.504e+03	+9.515e+03	+0.661
101.400	+4.807e+03	+6.939e+03	+9.829e+03	+0.591
101.500	+3.611e+03	+6.402e+03	+9.178e+03	+0.639
101.600	+1.958e+03	+8.035e+03	+9.302e+03	+0.804
101.700	+3.398e+03	+7.139e+03	+9.282e+03	+0.678
101.800	+2.574e+03	+6.644e+03	+1.139e+04	+0.721
101.900	+2.576e+03	+6.732e+03	+1.007e+04	+0.723
102.000	+2.215e+03	+6.847e+03	+1.079e+04	+0.756
102.100	+4.209e+03	+7.211e+03	+7.982e+03	+0.631
102.200	+2.678e+03	+7.301e+03	+9.068e+03	+0.732
102.300	+3.156e+03	+7.067e+03	+9.322e+03	+0.691
102.400	+2.638e+03	+7.776e+03	+1.018e+04	+0.747
102.500	+3.431e+03	+7.098e+03	+1.043e+04	+0.674
102.600	+2.913e+03	+6.199e+03	+9.081e+03	+0.680
102.700	+2.367e+03	+6.497e+03	+9.156e+03	+0.733
102.800	+1.793e+03	+5.593e+03	+1.081e+04	+0.757
102.900	+3.397e+03	+7.222e+03	+9.959e+03	+0.680
103.000	+2.761e+03	+5.611e+03	+1.085e+04	+0.670
103.100	+3.235e+03	+6.776e+03	+9.827e+03	+0.677
103.200	+2.077e+03	+6.075e+03	+9.362e+03	+0.745
103.300	+3.220e+03	+5.898e+03	+1.171e+04	+0.647
103.400	+9.201e+03	+3.177e+03	+9.731e+03	+0.257
103.500	+7.703e+03	+3.389e+03	+9.405e+03	+0.306
103.600	+7.813e+03	+3.444e+03	+1.021e+04	+0.306
103.700	+7.385e+03	+1.610e+03	+9.797e+03	+0.179
103.800	+6.908e+03	+3.648e+03	+9.513e+03	+0.346
103.900	+6.142e+03	+3.317e+03	+9.726e+03	+0.351
104.000	+6.044e+03	+4.175e+03	+1.071e+04	+0.409
104.100	+6.810e+03	+3.665e+03	+9.665e+03	+0.350
104.200	+4.861e+03	+3.770e+03	+9.555e+03	+0.437
104.300	+7.235e+03	+2.756e+03	+8.691e+03	+0.276
104.400	+7.223e+03	+4.455e+03	+9.342e+03	+0.381
104.500	+8.457e+03	+3.977e+03	+1.093e+04	+0.320
104.600	+8.328e+03	+3.270e+03	+1.086e+04	+0.282
104.700	+5.955e+03	+2.085e+03	+9.473e+03	+0.259
104.800	+6.179e+03	+3.428e+03	+1.133e+04	+0.357
104.900	+5.434e+03	+4.000e+03	+9.921e+03	+0.424
105.000	+2.078e+03	+5.543e+03	+1.214e+04	+0.727
105.100	+2.219e+03	+8.649e+03	+1.074e+04	+0.796
105.200	+4.114e+03	+8.440e+03	+7.753e+03	+0.672
105.300	+3.414e+03	+7.535e+03	+1.065e+04	+0.688
105.400	+3.755e+03	+6.484e+03	+1.023e+04	+0.633
105.500	+3.553e+03	+6.355e+03	+1.000e+04	+0.641
105.600	+1.947e+03	+5.929e+03	+8.708e+03	+0.753
105.700	+2.585e+03	+6.538e+03	+8.394e+03	+0.717
105.800	+3.491e+03	+8.423e+03	+8.794e+03	+0.707
105.900	+3.355e+03	+6.735e+03	+9.474e+03	+0.668
106.000	+2.024e+03	+6.471e+03	+1.067e+04	+0.762
106.100	+3.277e+03	+7.258e+03	+9.792e+03	+0.689
106.200	+1.796e+03	+5.934e+03	+9.936e+03	+0.768
106.300	+3.424e+03	+6.653e+03	+9.744e+03	+0.660
106.400	+3.320e+03	+7.122e+03	+1.009e+04	+0.682
106.500	+3.093e+03	+6.661e+03	+1.118e+04	+0.683
106.600	+1.966e+03	+6.910e+03	+1.132e+04	+0.779
106.700	+4.849e+03	+6.437e+03	+1.140e+04	+0.570
106.800	+3.133e+03	+5.744e+03	+1.076e+04	+0.647
106.900	+2.329e+03	+8.666e+03	+1.042e+04	+0.788
107.000	+4.182e+03	+5.107e+03	+1.106e+04	+0.550
107.100	+3.362e+03	+7.148e+03	+1.015e+04	+0.680
107.200	+7.422e+03	+3.475e+03	+1.078e+04	+0.319
107.300	+7.252e+03	+2.250e+03	+8.688e+03	+0.237
107.400	+6.639e+03	+3.148e+03	+1.113e+04	+0.322
107.500	+6.258e+03	+1.805e+03	+8.412e+03	+0.224
107.600	+6.751e+03	+4.351e+03	+1.053e+04	+0.392
107.700	+6.972e+03	+3.215e+03	+7.901e+03	+0.316
107.800	+8.122e+03	+3.621e+03	+1.036e+04	+0.308
107.900	+7.708e+03	+3.539e+03	+1.044e+04	+0.315
108.000	+6.618e+03	+3.539e+03	+1.079e+04	+0.348
108.100	+4.023e+03	+5.396e+03	+1.015e+04	+0.573
108.200	+2.183e+03	+7.416e+03	+1.008e+04	+0.773
108.300	+1.161e+03	+7.464e+03	+9.969e+03	+0.865
108.400	+2.140e+03	+5.827e+03	+1.148e+04	+0.731
108.500	+3.792e+03	+6.139e+03	+1.016e+04	+0.618
108.600	+3.204e+03	+6.757e+03	+1.004e+04	+0.678
108.700	+4.380e+03	+8.515e+03	+1.033e+04	+0.660
108.800	+4.080e+03	+7.642e+03	+1.027e+04	+0.652
108.900	+3.113e+03	+6.319e+03	+9.636e+03	+0.670
109.000	+2.320e+03	+6.743e+03	+1.009e+04	+0.744
109.100	+2.830e+03	+8.341e+03	+9.502e+03	+0.747
109.200	+2.262e+03	+7.582e+03	+1.105e+04	+0.770
109.300	+2.967e+03	+6.575e+03	+1.043e+04	+0.689
109.400	+2.714e+03	+6.708e+03	+9.761e+03	+0.712
109.500	+1.309e+03	+6.647e+03	+9.593e+03	+0.835
109.600	+2.523e+03	+7.603e+03	+9.633e+03	+0.751
109.700	+3.817e+03	+7.480e+03	+9.901e+03	+0.662
109.800	+3.752e+03	+6.127e+03	+1.184e+04	+0.620
109.900	+5.273e+03	+5.458e+03	+1.000e+04	+0.509
110.000	+5.598e+03	+5.777e+03	+9.084e+03	+0.508
110.100	+4.111e+03	+8.697e+03	+9.447e+03	+0.679
110.200	+3.002e+03	+7.243e+03	+1.046e+04	+0.707
110.300	+3.913e+03	+7.058e+03	+1.140e+04	+0.643
110.400	+3.634e+03	+7.242e+03	+7.244e+03	+0.666
110.500	+2.755e+03	+6.709e+03	+1.076e+04	+0.709
110.600	+2.746e+03	+7.139e+03	+1.086e+04	+0.722
110.700	+3.818e+03	+6.517e+03	+1.083e+04	+0.631
110.800	+2.498e+03	+6.386e+03	+9.978e+03	+0.719
110.900	+3.568e+03	+5.183e+03	+9.022e+03	+0.592
111.000	+6.265e+03	+4.396e+03	+1.009e+04	+0.412
111.100	+7.143e+03	+4.068e+03	+9.739e+03	+0.363
111.200	+7.986e+03	+2.856e+03	+9.854e+03	+0.263
111.300	+8.191e+03	+2.881e+03	+1.046e+04	+0.260
111.400	+5.882e+03	+2.814e+03	+1.089e+04	+0.324
111.500	+6.884e+03	+3.414e+03	+9.840e+03	+0.332
111.600	+7.483e+03	+2.771e+03	+9.969e+03	+0.270
111.700	+6.702e+03	+3.191e+03	+9.624e+03	+0.323
111.800	+7.551e+03	+4.025e+03	+9.623e+03	+0.348
111.900	+6.772e+03	+2.222e+03	+8.310e+03	+0.247
112.000	+2.808e+03	+5.630e+03	+1.137e+04	+0.667
112.100	+2.171e+03	+6.357e+03	+9.939e+03	+0.745
112.200	+3.044e+03	+6.314e+03	+8.804e+03	+0.675
112.300	+4.172e+03	+6.400e+03	+9.127e+03	+0.605
112.400	+1.400e+03	+6.959e+03	+9.268e+03	+0.833
112.500	+4.098e+03	+7.275e+03	+9.824e+03	+0.640
112.600	+3.212e+03	+7.029e+03	+1.054e+04	+0.686
112.700	+1.760e+03	+7.671e+03	+1.001e+04	+0.813
112.800	+3.257e+03	+7.522e+03	+1.083e+04	+0.698
112.900	+2.531e+03	+6.189e+03	+1.039e+04	+0.710
