%t (s)	Idd (a.u.)	Ida (a.u.)	Iaa (a.u.)	FRET E
0.000	+7.320e+03	+3.009e+03	+9.599e+03	+0.291
0.100	+7.018e+03	+2.757e+03	+9.879e+03	+0.282
0.200	+6.238e+03	+2.273e+03	+9.840e+03	+0.267
0.300	+4.753e+03	+5.543e+03	+1.115e+04	+0.538
0.400	+3.042e+03	+6.547e+03	+1.076e+04	+0.683
0.500	+2.148e+03	+7.349e+03	+1.054e+04	+0.774
0.600	+2.242e+03	+5.635e+03	+1.052e+04	+0.715
0.700	+3.723e+03	+6.824e+03	+1.187e+04	+0.647
0.800	+2.710e+03	+6.238e+03	+8.397e+03	+0.697
0.900	+2.857e+03	+7.102e+03	+1.082e+04	+0.713
1.000	+3.908e+03	+5.783e+03	+8.452e+03	+0.597
1.100	+3.592e+03	+7.291e+03	+1.021e+04	+0.670
1.200	+2.790e+03	+7.558e+03	+1.257e+04	+0.730
1.300	+6.876e+03	+3.473e+03	+8.962e+03	+0.336
1.400	+6.659e+03	+2.204e+03	+9.702e+03	+0.249
1.500	+6.526e+03	+2.443e+03	+8.336e+03	+0.272
1.600	+7.261e+03	+3.882e+03	+9.151e+03	+0.348
1.700	+6.893e+03	+3.019e+03	+8.388e+03	+0.305
1.800	+6.892e+03	+3.464e+03	+9.707e+03	+0.335
1.900	+7.279e+03	+3.077e+03	+1.033e+04	+0.297
2.000	+7.731e+03	+2.244e+03	+8.723e+03	+0.225
2.100	+7.751e+03	+2.755e+03	+1.064e+04	+0.262
2.200	+8.510e+03	+3.335e+03	+8.790e+03	+0.282
2.300	+6.668e+03	+2.746e+03	+9.666e+03	+0.292
2.400	+8.166e+03	+2.675e+03	+9.928e+03	+0.247
2.500	+6.960e+03	+3.271e+03	+9.219e+03	+0.320
2.600	+7.097e+03	+3.032e+03	+1.068e+04	+0.299
2.700	+7.225e+03	+4.609e+03	+9.447e+03	+0.389
2.800	+6.717e+03	+4.170e+03	+1.017e+04	+0.383
2.900	+7.361e+03	+3.282e+03	+9.987e+03	+0.308
3.000	+6.249e+03	+3.198e+03	+9.507e+03	+0.338
3.100	+6.354e+03	+4.943e+03	+1.027e+04	+0.438
3.200	+3.219e+03	+6.603e+03	+9.519e+03	+0.672
3.300	+2.878e+03	+6.359e+03	+9.091e+03	+0.688
3.400	+6.810e+02	+8.138e+03	+9.673e+03	+0.923
3.500	+4.088e+03	+5.608e+03	+9.994e+03	+0.578
3.600	+7.454e+03	+3.311e+03	+8.665e+03	+0.308
3.700	+7.582e+03	+3.041e+03	+1.055e+04	+0.286
3.800	+6.992e+03	+3.106e+03	+1.192e+04	+0.308
3.900	+6.376e+03	+3.004e+03	+1.115e+04	+0.320
4.000	+7.930e+03	+4.128e+03	+7.902e+03	+0.342
4.100	+6.659e+03	+3.266e+03	+1.009e+04	+0.329
4.200	+6.759e+03	+2.817e+03	+1.074e+04	+0.294
4.300	+6.580e+03	+3.341e+03	+1.093e+04	+0.337
4.400	+7.391e+03	+2.049e+03	+1.175e+04	+0.217
4.500	+7.447e+03	+2.774e+03	+9.240e+03	+0.271
4.600	+6.102e+03	+2.572e+03	+9.975e+03	+0.297
4.700	+6.303e+03	+3.092e+03	+9.099e+03	+0.329
4.800	+6.478e+03	+3.055e+03	+1.023e+04	+0.320
4.900	+8.082e+03	+2.366e+03	+1.043e+04	+0.226
5.000	+6.347e+03	+3.369e+03	+1.027e+04	+0.347
5.100	+7.110e+03	+2.421e+03	+9.881e+03	+0.254
5.200	+6.964e+03	+2.317e+03	+9.205e+03	+0.250
5.300	+6.897e+03	+3.317e+03	+8.789e+03	+0.325
5.400	+7.173e+03	+3.757e+03	+9.762e+03	+0.344
5.500	+7.317e+03	+2.299e+03	+1.005e+04	+0.239
5.600	+6.483e+03	+2.091e+03	+1.082e+04	+0.244
5.700	+6.637e+03	+3.471e+03	+1.106e+04	+0.343
5.800	+6.706e+03	+3.296e+03	+1.057e+04	+0.330
5.900	+5.503e+03	+3.990e+03	+1.073e+04	+0.420
6.000	+2.192e+03	+8.028e+03	+9.757e+03	+0.786
6.100	+2.181e+03	+7.448e+03	+9.737e+03	+0.774
6.200	+3.404e+03	+6.899e+03	+1.064e+04	+0.670
6.300	+3.682e+03	+7.648e+03	+1.046e+04	+0.675
6.400	+1.951e+03	+7.460e+03	+9.911e+03	+0.793
6.500	+2.258e+03	+6.337e+03	+1.092e+04	+0.737
6.600	+3.966e+03	+8.104e+03	+1.163e+04	+0.671
6.700	+4.929e+03	+4.663e+03	+1.022e+04	+0.486
6.800	+6.740e+03	+2.923e+03	+1.074e+04	+0.303
6.900	+7.694e+03	+2.926e+03	+1.035e+04	+0.275
7.000	+2.970e+03	+7.762e+03	+8.790e+03	+0.723
7.100	+3.631e+03	+8.690e+03	+9.601e+03	+0.705
7.200	+4.158e+03	+6.854e+03	+9.653e+03	+0.622
7.300	+3.681e+03	+6.926e+03	+1.059e+04	+0.653
7.400	+3.073e+03	+5.862e+03	+1.056e+04	+0.656
7.500	+5.402e+03	+5.040e+03	+1.034e+04	+0.483
7.600	+6.358e+03	+3.395e+03	+9.663e+03	+0.348
7.700	+6.177e+03	+3.873e+03	+1.113e+04	+0.385
7.800	+6.053e+03	+3.089e+03	+9.546e+03	+0.338
7.900	+6.959e+03	+2.581e+03	+8.935e+03	+0.271
8.000	+6.949e+03	+3.463e+03	+9.314e+03	+0.333
8.100	+7.207e+03	+2.088e+03	+1.030e+04	+0.225
8.200	+7.119e+03	+2.003e+03	+9.753e+03	+0.220
8.300	+5.804e+03	+2.909e+03	+1.046e+04	+0.334
8.400	+6.699e+03	+2.230e+03	+9.768e+03	+0.250
8.500	+6.434e+03	+4.841e+03	+1.083e+04	+0.429
8.600	+2.369e+03	+7.741e+03	+9.542e+03	+0.766
8.700	+2.445e+03	+6.994e+03	+9.886e+03	+0.741
8.800	+3.051e+03	+7.568e+03	+1.072e+04	+0.713
8.900	+3.135e+03	+8.096e+03	+1.100e+04	+0.721
9.000	+2.519e+03	+7.281e+03	+1.123e+04	+0.743
9.100	+3.037e+03	+6.028e+03	+1.131e+04	+0.665
9.200	+3.021e+03	+7.345e+03	+1.052e+04	+0.709
9.300	+2.924e+03	+8.064e+03	+1.027e+04	+0.734
9.400	+2.787e+03	+7.428e+03	+9.492e+03	+0.727
9.500	+3.613e+03	+7.144e+03	+9.414e+03	+0.664
9.600	+3.242e+03	+7.553e+03	+1.010e+04	+0.700
9.700	+3.467e+03	+6.207e+03	+9.173e+03	+0.642
9.800	+2.768e+03	+6.415e+03	+1.065e+04	+0.699
9.900	+3.400e+03	+6.457e+03	+8.444e+03	+0.655
10.000	+5.004e+03	+5.264e+03	+8.837e+03	+0.513
10.100	+7.197e+03	+1.490e+03	+1.018e+04	+0.171
10.200	+5.555e+03	+2.956e+03	+9.681e+03	+0.347
10.300	+5.367e+03	+4.803e+03	+9.442e+03	+0.472
10.400	+2.662e+03	+7.464e+03	+8.497e+03	+0.737
10.500	+1.403e+03	+5.728e+03	+1.046e+04	+0.803
10.600	+3.262e+03	+6.291e+03	+9.871e+03	+0.659
10.700	+3.398e+03	+6.902e+03	+9.333e+03	+0.670
10.800	+2.169e+03	+7.035e+03	+1.164e+04	+0.764
10.900	+3.832e+03	+8.221e+03	+1.002e+04	+0.682
11.000	+3.264e+03	+7.748e+03	+1.123e+04	+0.704
11.100	+2.079e+03	+5.615e+03	+1.049e+04	+0.730
11.200	+2.880e+03	+6.693e+03	+1.029e+04	+0.699
11.300	+4.098e+03	+6.886e+03	+9.411e+03	+0.627
11.400	+1.612e+03	+5.905e+03	+9.736e+03	+0.786
11.500	+3.427e+03	+7.308e+03	+9.464e+03	+0.681
11.600	+2.935e+03	+5.946e+03	+1.023e+04	+0.669
11.700	+3.565e+03	+5.984e+03	+1.045e+04	+0.627
11.800	+3.937e+03	+8.444e+03	+9.726e+03	+0.682
11.900	+3.870e+03	+6.943e+03	+9.629e+03	+0.642
12.000	+3.835e+03	+6.128e+03	+1.034e+04	+0.615
12.100	+2.531e+03	+6.625e+03	+9.869e+03	+0.724
12.200	+2.951e+03	+6.309e+03	+9.504e+03	+0.681
12.300	+2.143e+03	+5.057e+03	+9.129e+03	+0.702
12.400	+2.871e+03	+6.278e+03	+9.456e+03	+0.686
12.500	+2.347e+03	+5.975e+03	+1.053e+04	+0.718
12.600	+5.462e+02	+7.329e+03	+9.698e+03	+0.931
12.700	+3.171e+03	+8.332e+03	+1.030e+04	+0.724
12.800	+3.192e+03	+7.623e+03	+9.797e+03	+0.705
12.900	+3.429e+03	+6.201e+03	+1.074e+04	+0.644
13.000	+3.624e+03	+9.173e+03	+9.944e+03	+0.717
13.100	+2.871e+03	+6.753e+03	+1.047e+04	+0.702
13.200	+3.284e+03	+6.781e+03	+1.001e+04	+0.674
13.300	+3.346e+03	+6.976e+03	+1.055e+04	+0.676
13.400	+3.398e+03	+8.370e+03	+9.056e+03	+0.711
13.500	+4.504e+03	+5.045e+03	+8.182e+03	+0.528
13.600	+7.250e+03	+2.832e+03	+1.009e+04	+0.281
13.700	+7.270e+03	+3.547e+03	+9.563e+03	+0.328
13.800	+6.897e+03	+2.137e+03	+9.928e+03	+0.237
13.900	+7.263e+03	+2.292e+03	+8.632e+03	+0.240
14.000	+6.687e+03	+2.435e+03	+1.019e+04	+0.267
14.100	+6.055e+03	+9.198e+02	+9.434e+03	+0.132
14.200	+6.682e+03	+4.386e+03	+9.123e+03	+0.396
14.300	+4.232e+03	+5.369e+03	+9.962e+03	+0.559
14.400	+2.705e+03	+7.456e+03	+1.067e+04	+0.734
14.500	+2.932e+03	+6.375e+03	+9.636e+03	+0.685
14.600	+2.919e+03	+6.662e+03	+9.279e+03	+0.695
14.700	+2.272e+03	+7.402e+03	+1.113e+04	+0.765
14.800	+4.616e+03	+7.814e+03	+1.062e+04	+0.629
14.900	+3.102e+03	+6.676e+03	+1.127e+04	+0.683
15.000	+6.839e+03	+3.989e+03	+1.062e+04	+0.368
15.100	+7.249e+03	+4.129e+03	+8.837e+03	+0.363
15.200	+7.205e+03	+2.891e+03	+1.193e+04	+0.286
15.300	+7.796e+03	+9.023e+02	+9.669e+03	+0.104
15.400	+7.838e+03	+2.742e+03	+1.017e+04	+0.259
15.500	+7.463e+03	+4.695e+03	+9.869e+03	+0.386
15.600	+2.871e+03	+6.957e+03	+9.947e+03	+0.708
15.700	+3.000e+03	+6.729e+03	+1.003e+04	+0.692
15.800	+1.802e+03	+6.750e+03	+9.041e+03	+0.789
15.900	+2.993e+03	+8.146e+03	+9.340e+03	+0.731
16.000	+3.674e+03	+7.050e+03	+9.974e+03	+0.657
16.100	+2.225e+03	+7.315e+03	+1.079e+04	+0.767
16.200	+4.054e+03	+7.336e+03	+1.047e+04	+0.644
16.300	+3.714e+03	+7.728e+03	+8.982e+03	+0.675
16.400	+2.503e+03	+7.120e+03	+1.065e+04	+0.740
16.500	+3.862e+03	+6.818e+03	+9.106e+03	+0.638
16.600	+2.072e+03	+6.845e+03	+1.058e+04	+0.768
16.700	+2.611e+03	+7.055e+03	+1.140e+04	+0.730
16.800	+4.265e+03	+6.820e+03	+9.552e+03	+0.615
16.900	+2.435e+03	+7.251e+03	+9.741e+03	+0.749
17.000	+3.108e+03	+5.733e+03	+9.959e+03	+0.648
17.100	+2.523e+03	+8.272e+03	+1.024e+04	+0.766
17.200	+2.441e+03	+6.645e+03	+1.095e+04	+0.731
17.300	+2.490e+03	+7.544e+03	+9.951e+03	+0.752
17.400	+4.974e+03	+7.707e+03	+1.030e+04	+0.608
17.500	+2.626e+03	+7.926e+03	+9.041e+03	+0.751
17.600	+3.154e+03	+6.587e+03	+1.072e+04	+0.676
17.700	+2.205e+03	+7.421e+03	+1.123e+04	+0.771
17.800	+2.756e+03	+7.627e+03	+9.780e+03	+0.735
17.900	+2.148e+03	+7.226e+03	+1.101e+04	+0.771
18.000	+3.917e+03	+6.058e+03	+8.565e+03	+0.607
18.100	+3.277e+03	+7.631e+03	+9.771e+03	+0.700
18.200	+1.900e+03	+7.396e+03	+9.649e+03	+0.796
18.300	+2.259e+03	+6.263e+03	+9.750e+03	+0.735
18.400	+2.166e+03	+6.431e+03	+9.230e+03	+0.748
18.500	+2.090e+03	+6.536e+03	+8.744e+03	+0.758
18.600	+4.343e+03	+6.877e+03	+9.115e+03	+0.613
18.700	+3.720e+03	+7.066e+03	+9.142e+03	+0.655
18.800	+3.404e+03	+7.055e+03	+8.743e+03	+0.675
18.900	+3.321e+03	+7.105e+03	+9.317e+03	+0.681
19.000	+2.836e+03	+6.914e+03	+1.138e+04	+0.709
19.100	+3.332e+03	+6.768e+03	+1.097e+04	+0.670
19.200	+3.120e+03	+6.599e+03	+1.067e+04	+0.679
19.300	+2.032e+03	+8.035e+03	+1.079e+04	+0.798
19.400	+3.780e+03	+6.493e+03	+8.757e+03	+0.632
19.500	+2.345e+03	+6.975e+03	+8.645e+03	+0.748
19.600	+2.007e+03	+6.881e+03	+9.990e+03	+0.774
19.700	+3.277e+03	+7.138e+03	+1.020e+04	+0.685
19.800	+3.071e+03	+7.053e+03	+1.017e+04	+0.697
19.900	+1.693e+03	+6.739e+03	+9.333e+03	+0.799
20.000	+3.114e+03	+6.740e+03	+9.181e+03	+0.684
20.100	+3.280e+03	+6.138e+03	+9.954e+03	+0.652
20.200	+2.802e+03	+5.123e+03	+1.076e+04	+0.646
20.300	+4.699e+03	+4.411e+03	+9.641e+03	+0.484
20.400	+6.317e+03	+2.123e+03	+1.023e+04	+0.252
20.500	+7.220e+03	+2.768e+03	+8.863e+03	+0.277
20.600	+7.931e+03	+2.649e+03	+1.106e+04	+0.250
20.700	+6.832e+03	+2.061e+03	+9.616e+03	+0.232
20.800	+6.593e+03	+3.151e+03	+1.045e+04	+0.323
20.900	+8.276e+03	+3.903e+03	+9.307e+03	+0.320
21.000	+7.478e+03	+3.441e+03	+9.564e+03	+0.315
21.100	+5.780e+03	+4.386e+03	+1.113e+04	+0.431
21.200	+7.634e+03	+3.148e+03	+1.013e+04	+0.292
21.300	+7.003e+03	+3.944e+03	+1.058e+04	+0.360
21.400	+6.729e+03	+2.695e+03	+1.024e+04	+0.286
21.500	+6.069e+03	+1.757e+03	+9.560e+03	+0.225
21.600	+6.157e+03	+3.331e+03	+9.776e+03	+0.351
21.700	+7.773e+03	+2.554e+03	+1.051e+04	+0.247
21.800	+8.003e+03	+2.577e+03	+9.133e+03	+0.244
21.900	+7.558e+03	+2.180e+03	+9.569e+03	+0.224
22.000	+8.067e+03	+3.510e+03	+1.036e+04	+0.303
22.100	+7.214e+03	+3.768e+03	+9.669e+03	+0.343
22.200	+7.374e+03	+2.209e+03	+1.009e+04	+0.231
22.300	+6.878e+03	+3.313e+03	+9.114e+03	+0.325
22.400	+6.853e+03	+3.284e+03	+1.045e+04	+0.324
22.500	+6.915e+03	+4.296e+03	+1.110e+04	+0.383
22.600	+6.148e+03	+3.334e+03	+9.891e+03	+0.352
22.700	+5.412e+03	+1.638e+03	+1.020e+04	+0.232
22.800	+7.019e+03	+2.831e+03	+9.223e+03	+0.287
22.900	+3.876e+03	+5.330e+03	+1.162e+04	+0.579
23.000	+3.667e+03	+6.119e+03	+1.020e+04	+0.625
23.100	+3.569e+03	+5.810e+03	+1.032e+04	+0.619
23.200	+1.532e+03	+6.967e+03	+1.013e+04	+0.820
23.300	+3.477e+03	+6.933e+03	+9.902e+03	+0.666
23.400	+6.157e+03	+5.210e+03	+9.999e+03	+0.458
23.500	+7.711e+03	+2.671e+03	+1.016e+04	+0.257
23.600	+6.471e+03	+2.688e+03	+9.522e+03	+0.294
23.700	+6.716e+03	+2.500e+03	+1.068e+04	+0.271
23.800	+7.541e+03	+4.990e+03	+1.007e+04	+0.398
23.900	+8.522e+03	+3.768e+03	+9.817e+03	+0.307
24.000	+6.673e+03	+3.021e+03	+9.990e+03	+0.312
24.100	+7.545e+03	+3.007e+03	+9.789e+03	+0.285
24.200	+7.934e+03	+3.907e+03	+1.053e+04	+0.330
24.300	+5.411e+03	+2.271e+03	+1.092e+04	+0.296
24.400	+7.825e+03	+3.305e+03	+8.856e+03	+0.297
24.500	+6.278e+03	+3.906e+03	+1.037e+04	+0.384
24.600	+7.487e+03	+4.517e+03	+1.011e+04	+0.376
24.700	+6.385e+03	+2.748e+03	+9.587e+03	+0.301
24.800	+7.188e+03	+2.887e+03	+9.435e+03	+0.287
24.900	+7.285e+03	+2.533e+03	+1.008e+04	+0.258
25.000	+7.059e+03	+3.341e+03	+1.049e+04	+0.321
25.100	+6.923e+03	+2.850e+03	+1.019e+04	+0.292
25.200	+7.390e+03	+4.141e+03	+1.028e+04	+0.359
25.300	+6.591e+03	+2.808e+03	+8.723e+03	+0.299
25.400	+7.079e+03	+3.802e+03	+8.839e+03	+0.349
25.500	+7.971e+03	+2.571e+03	+8.661e+03	+0.244
25.600	+6.130e+03	+2.383e+03	+1.119e+04	+0.280
25.700	+7.087e+03	+2.760e+03	+1.135e+04	+0.280
25.800	+6.493e+03	+2.894e+03	+9.303e+03	+0.308
25.900	+6.573e+03	+3.139e+03	+1.058e+04	+0.323
26.000	+6.210e+03	+3.153e+03	+1.071e+04	+0.337
26.100	+3.341e+03	+6.727e+03	+1.025e+04	+0.668
26.200	+1.839e+03	+6.836e+03	+1.020e+04	+0.788
26.300	+2.794e+03	+8.265e+03	+8.759e+03	+0.747
26.400	+3.909e+03	+6.264e+03	+9.750e+03	+0.616
26.500	+4.177e+03	+6.420e+03	+1.073e+04	+0.606
26.600	+3.345e+03	+6.263e+03	+1.016e+04	+0.652
26.700	+3.473e+03	+7.146e+03	+1.036e+04	+0.673
26.800	+2.295e+03	+5.321e+03	+1.068e+04	+0.699
26.900	+3.637e+03	+7.474e+03	+9.857e+03	+0.673
27.000	+1.577e+03	+5.407e+03	+9.806e+03	+0.774
27.100	+4.201e+03	+6.354e+03	+1.109e+04	+0.602
27.200	+2.998e+03	+6.946e+03	+1.081e+04	+0.698
27.300	+5.375e+03	+5.593e+03	+8.648e+03	+0.510
27.400	+1.748e+03	+6.587e+03	+9.536e+03	+0.790
27.500	+3.174e+03	+5.465e+03	+1.025e+04	+0.633
27.600	+2.705e+03	+6.528e+03	+1.032e+04	+0.707
27.700	+2.576e+03	+5.637e+03	+9.525e+03	+0.686
27.800	+2.014e+03	+5.598e+03	+9.099e+03	+0.735
27.900	+1.804e+03	+6.422e+03	+9.476e+03	+0.781
28.000	+1.791e+03	+6.338e+03	+1.101e+04	+0.780
28.100	+6.596e+03	+2.315e+03	+1.046e+04	+0.260
28.200	+7.367e+03	+2.350e+03	+9.787e+03	+0.242
28.300	+6.632e+03	+2.508e+03	+1.095e+04	+0.274
28.400	+7.471e+03	+4.309e+03	+9.815e+03	+0.366
28.500	+7.809e+03	+3.062e+03	+9.950e+03	+0.282
28.600	+6.977e+03	+3.401e+03	+9.161e+03	+0.328
28.700	+2.624e+03	+7.445e+03	+8.120e+03	+0.739
28.800	+1.907e+03	+6.858e+03	+9.584e+03	+0.782
28.900	+3.589e+03	+7.778e+03	+9.481e+03	+0.684
29.000	+1.950e+03	+6.025e+03	+9.293e+03	+0.755
29.100	+1.540e+03	+7.457e+03	+1.038e+04	+0.829
29.200	+2.592e+03	+6.875e+03	+9.142e+03	+0.726
29.300	+3.538e+03	+7.233e+03	+9.296e+03	+0.672
29.400	+2.738e+03	+8.530e+03	+1.074e+04	+0.757
29.500	+3.336e+03	+7.127e+03	+8.721e+03	+0.681
29.600	+2.922e+03	+6.125e+03	+1.034e+04	+0.677
29.700	+3.579e+03	+7.379e+03	+1.023e+04	+0.673
29.800	+1.987e+03	+6.779e+03	+1.015e+04	+0.773
29.900	+3.241e+03	+7.254e+03	+1.047e+04	+0.691
30.000	+3.007e+03	+5.885e+03	+9.085e+03	+0.662
30.100	+2.870e+03	+6.291e+03	+9.784e+03	+0.687
30.200	+3.525e+03	+7.030e+03	+9.206e+03	+0.666
30.300	+2.604e+03	+7.235e+03	+1.077e+04	+0.735
30.400	+3.219e+03	+7.887e+03	+1.090e+04	+0.710
30.500	+2.375e+03	+7.626e+03	+1.181e+04	+0.763
30.600	+3.056e+03	+9.164e+03	+1.053e+04	+0.750
30.700	+1.405e+03	+6.548e+03	+9.471e+03	+0.823
30.800	+2.457e+03	+5.961e+03	+9.828e+03	+0.708
30.900	+4.867e+03	+6.967e+03	+1.128e+04	+0.589
31.000	+5.952e+03	+3.965e+03	+1.082e+04	+0.400
31.100	+7.409e+03	+2.098e+03	+1.007e+04	+0.221
31.200	+6.516e+03	+3.088e+03	+9.581e+03	+0.322
31.300	+7.374e+03	+3.412e+03	+8.638e+03	+0.316
31.400	+7.302e+03	+3.927e+03	+9.771e+03	+0.350
31.500	+3.767e+03	+5.518e+03	+1.071e+04	+0.594
31.600	+4.173e+03	+7.835e+03	+8.113e+03	+0.653
31.700	+1.525e+03	+7.012e+03	+9.359e+03	+0.821
31.800	+1.453e+03	+7.897e+03	+8.802e+03	+0.845
31.900	+3.786e+03	+6.889e+03	+9.438e+03	+0.645
32.000	+6.436e+03	+4.415e+03	+1.052e+04	+0.407
32.100	+5.591e+03	+4.667e+03	+1.004e+04	+0.455
32.200	+5.494e+03	+5.675e+03	+1.008e+04	+0.508
32.300	+5.727e+03	+2.981e+03	+9.982e+03	+0.342
32.400	+7.890e+03	+1.693e+03	+9.889e+03	+0.177
32.500	+7.093e+03	+3.764e+03	+8.357e+03	+0.347
32.600	+8.023e+03	+2.149e+03	+9.908e+03	+0.211
32.700	+7.590e+03	+2.871e+03	+9.771e+03	+0.274
32.800	+6.214e+03	+3.781e+03	+8.476e+03	+0.378
32.900	+6.871e+03	+2.807e+03	+9.769e+03	+0.290
33.000	+5.997e+03	+3.427e+03	+1.038e+04	+0.364
33.100	+3.560e+03	+8.011e+03	+9.645e+03	+0.692
33.200	+2.027e+03	+6.788e+03	+1.043e+04	+0.770
33.300	+2.663e+03	+5.472e+03	+1.053e+04	+0.673
33.400	+3.713e+03	+6.105e+03	+9.777e+03	+0.622
33.500	+2.869e+03	+6.733e+03	+8.692e+03	+0.701
33.600	+7.286e+02	+6.185e+03	+1.003e+04	+0.895
33.700	+1.865e+03	+7.506e+03	+1.047e+04	+0.801
33.800	+4.375e+03	+6.459e+03	+1.073e+04	+0.596
33.900	+2.732e+03	+6.086e+03	+9.695e+03	+0.690
34.000	+3.058e+03	+5.829e+03	+9.755e+03	+0.656
34.100	+1.528e+03	+6.137e+03	+9.890e+03	+0.801
34.200	+1.913e+03	+6.972e+03	+1.087e+04	+0.785
34.300	+1.808e+03	+6.077e+03	+9.637e+03	+0.771
34.400	+3.749e+03	+4.968e+03	+9.928e+03	+0.570
34.500	+7.709e+03	+3.739e+03	+9.441e+03	+0.327
34.600	+8.858e+03	+2.879e+03	+9.072e+03	+0.245
34.700	+7.726e+03	+4.006e+03	+8.742e+03	+0.341
34.800	+5.212e+03	+4.619e+03	+1.008e+04	+0.470
34.900	+3.872e+03	+5.757e+03	+1.092e+04	+0.598
35.000	+2.925e+03	+5.452e+03	+9.122e+03	+0.651
35.100	+3.125e+03	+7.093e+03	+1.078e+04	+0.694
35.200	+3.619e+03	+6.481e+03	+1.013e+04	+0.642
35.300	+3.259e+03	+7.287e+03	+9.082e+03	+0.691
35.400	+3.029e+03	+6.653e+03	+8.336e+03	+0.687
35.500	+3.338e+03	+6.933e+03	+9.443e+03	+0.675
35.600	+3.897e+03	+7.096e+03	+9.694e+03	+0.646
35.700	+2.853e+03	+7.999e+03	+9.698e+03	+0.737
35.800	+2.475e+03	+6.877e+03	+1.103e+04	+0.735
35.900	+4.209e+03	+7.346e+03	+1.116e+04	+0.636
36.000	+6.387e+03	+2.619e+03	+1.152e+04	+0.291
36.100	+7.029e+03	+2.126e+03	+1.032e+04	+0.232
36.200	+6.570e+03	+1.818e+03	+1.073e+04	+0.217
36.300	+7.045e+03	+1.884e+03	+1.119e+04	+0.211
36.400	+6.705e+03	+3.279e+03	+9.807e+03	+0.328
36.500	+8.030e+03	+2.274e+03	+9.202e+03	+0.221
36.600	+7.605e+03	+2.534e+03	+9.651e+03	+0.250
36.700	+7.849e+03	+2.114e+03	+1.022e+04	+0.212
36.800	+7.839e+03	+3.327e+03	+7.535e+03	+0.298
36.900	+6.311e+03	+2.161e+03	+1.076e+04	+0.255
37.000	+6.856e+03	+3.137e+03	+1.129e+04	+0.314
37.100	+6.308e+03	+3.204e+03	+1.041e+04	+0.337
37.200	+7.521e+03	+5.274e+03	+1.052e+04	+0.412
37.300	+7.921e+03	+2.932e+03	+1.101e+04	+0.270
37.400	+7.375e+03	+2.528e+03	+1.064e+04	+0.255
37.500	+6.334e+03	+3.818e+03	+9.145e+03	+0.376
37.600	+6.957e+03	+2.775e+03	+8.668e+03	+0.285
37.700	+7.666e+03	+3.349e+03	+8.575e+03	+0.304
37.800	+6.593e+03	+3.947e+03	+9.983e+03	+0.374
37.900	+4.208e+03	+5.730e+03	+1.041e+04	+0.577
38.000	+2.614e+03	+6.141e+03	+8.668e+03	+0.701
38.100	+2.476e+03	+6.837e+03	+1.017e+04	+0.734
38.200	+3.098e+03	+6.298e+03	+1.011e+04	+0.670
38.300	+3.235e+03	+6.100e+03	+1.081e+04	+0.653
38.400	+3.478e+03	+7.253e+03	+9.102e+03	+0.676
38.500	+3.008e+03	+7.895e+03	+9.277e+03	+0.724
38.600	+4.162e+03	+6.171e+03	+9.470e+03	+0.597
38.700	+3.954e+03	+5.552e+03	+9.902e+03	+0.584
38.800	+3.189e+03	+7.544e+03	+1.006e+04	+0.703
38.900	+2.563e+03	+7.254e+03	+1.083e+04	+0.739
39.000	+2.638e+03	+7.228e+03	+1.093e+04	+0.733
39.100	+3.334e+03	+6.851e+03	+1.202e+04	+0.673
39.200	+4.060e+03	+6.966e+03	+9.534e+03	+0.632
39.300	+4.104e+03	+5.739e+03	+1.106e+04	+0.583
39.400	+2.490e+03	+6.690e+03	+1.085e+04	+0.729
39.500	+2.893e+03	+6.026e+03	+1.109e+04	+0.676
39.600	+2.618e+03	+6.842e+03	+1.083e+04	+0.723
39.700	+3.786e+03	+7.072e+03	+1.035e+04	+0.651
39.800	+2.560e+03	+7.021e+03	+1.059e+04	+0.733
39.900	+2.741e+03	+6.453e+03	+1.092e+04	+0.702
40.000	+2.531e+03	+6.738e+03	+9.599e+03	+0.727
40.100	+1.779e+03	+6.463e+03	+9.861e+03	+0.784
40.200	+4.181e+03	+5.150e+03	+1.008e+04	+0.552
40.300	+7.265e+03	+3.512e+03	+9.802e+03	+0.326
40.400	+7.236e+03	+2.485e+03	+1.137e+04	+0.256
40.500	+6.642e+03	+1.987e+03	+8.784e+03	+0.230
40.600	+7.856e+03	+2.943e+03	+9.711e+03	+0.273
40.700	+7.179e+03	+2.016e+03	+1.128e+04	+0.219
40.800	+7.720e+03	+3.102e+03	+1.053e+04	+0.287
40.900	+3.083e+03	+8.004e+03	+1.103e+04	+0.722
41.000	+7.861e+03	+3.189e+03	+1.019e+04	+0.289
41.100	+5.775e+03	+3.653e+03	+9.304e+03	+0.387
41.200	+6.470e+03	+3.739e+03	+9.806e+03	+0.366
41.300	+7.180e+03	+1.735e+03	+9.433e+03	+0.195
41.400	+8.538e+03	+3.602e+03	+1.012e+04	+0.297
41.500	+6.721e+03	+3.666e+03	+8.703e+03	+0.353
41.600	+7.317e+03	+3.006e+03	+1.083e+04	+0.291
41.700	+6.665e+03	+3.124e+03	+1.059e+04	+0.319
41.800	+7.551e+03	+2.903e+03	+1.057e+04	+0.278
41.900	+6.484e+03	+3.315e+03	+9.689e+03	+0.338
42.000	+8.702e+03	+3.152e+03	+9.968e+03	+0.266
42.100	+8.747e+03	+3.013e+03	+9.444e+03	+0.256
42.200	+6.846e+03	+2.225e+03	+9.844e+03	+0.245
42.300	+7.033e+03	+3.008e+03	+9.989e+03	+0.300
42.400	+6.364e+03	+3.762e+03	+8.810e+03	+0.372
42.500	+7.662e+03	+2.342e+03	+1.150e+04	+0.234
42.600	+6.845e+03	+3.973e+03	+9.635e+03	+0.367
42.700	+6.498e+03	+3.045e+03	+9.454e+03	+0.319
42.800	+6.847e+03	+2.055e+03	+9.110e+03	+0.231
42.900	+5.147e+03	+4.836e+03	+9.577e+03	+0.484
43.000	+3.398e+03	+8.275e+03	+1.073e+04	+0.709
43.100	+3.717e+03	+7.824e+03	+8.791e+03	+0.678
43.200	+3.331e+03	+7.167e+03	+1.072e+04	+0.683
43.300	+3.236e+03	+8.516e+03	+9.659e+03	+0.725
43.400	+2.699e+03	+7.906e+03	+1.077e+04	+0.745
43.500	+1.756e+03	+6.588e+03	+9.931e+03	+0.790
43.600	+2.485e+03	+6.957e+03	+8.561e+03	+0.737
43.700	+1.859e+03	+5.979e+03	+1.059e+04	+0.763
43.800	+5.813e+03	+3.500e+03	+1.011e+04	+0.376
43.900	+5.537e+03	+3.741e+03	+1.082e+04	+0.403
44.000	+3.804e+03	+7.439e+03	+9.110e+03	+0.662
44.100	+3.124e+03	+6.811e+03	+1.183e+04	+0.686
44.200	+2.583e+03	+7.704e+03	+1.027e+04	+0.749
44.300	+2.073e+03	+7.791e+03	+1.041e+04	+0.790
44.400	+2.452e+03	+8.543e+03	+9.584e+03	+0.777
44.500	+3.123e+03	+6.858e+03	+8.879e+03	+0.687
44.600	+3.841e+03	+6.002e+03	+8.860e+03	+0.610
44.700	+7.168e+03	+1.651e+03	+8.799e+03	+0.187
44.800	+7.049e+03	+3.157e+03	+9.548e+03	+0.309
44.900	+5.410e+03	+2.903e+03	+9.224e+03	+0.349
45.000	+5.893e+03	+2.431e+03	+9.618e+03	+0.292
45.100	+7.988e+03	+4.502e+03	+9.559e+03	+0.360
45.200	+7.217e+03	+3.001e+03	+9.552e+03	+0.294
45.300	+8.687e+03	+2.996e+03	+8.801e+03	+0.256
45.400	+7.126e+03	+2.501e+03	+1.174e+04	+0.260
45.500	+6.362e+03	+4.003e+03	+1.061e+04	+0.386
45.600	+7.908e+03	+3.014e+03	+1.044e+04	+0.276
45.700	+6.710e+03	+3.894e+03	+8.868e+03	+0.367
45.800	+7.431e+03	+2.670e+03	+1.040e+04	+0.264
45.900	+3.344e+03	+6.154e+03	+9.681e+03	+0.648
46.000	+1.560e+03	+6.434e+03	+9.932e+03	+0.805
46.100	+4.042e+03	+6.173e+03	+1.032e+04	+0.604
46.200	+3.456e+03	+5.419e+03	+9.382e+03	+0.611
46.300	+3.368e+03	+7.049e+03	+1.007e+04	+0.677
46.400	+2.643e+03	+7.211e+03	+1.062e+04	+0.732
46.500	+3.458e+03	+7.001e+03	+1.140e+04	+0.669
46.600	+3.135e+03	+6.171e+03	+9.891e+03	+0.663
46.700	+2.167e+03	+8.116e+03	+1.034e+04	+0.789
46.800	+2.737e+03	+6.173e+03	+1.128e+04	+0.693
46.900	+3.065e+03	+6.395e+03	+1.020e+04	+0.676
47.000	+2.527e+03	+7.041e+03	+1.060e+04	+0.736
47.100	+3.114e+03	+7.727e+03	+9.145e+03	+0.713
47.200	+4.021e+03	+8.070e+03	+1.011e+04	+0.667
47.300	+2.900e+03	+9.035e+03	+1.047e+04	+0.757
47.400	+2.371e+03	+5.835e+03	+8.033e+03	+0.711
47.500	+1.396e+03	+7.773e+03	+1.034e+04	+0.848
47.600	+3.231e+03	+6.331e+03	+1.047e+04	+0.662
47.700	+2.909e+03	+6.054e+03	+1.081e+04	+0.675
47.800	+2.473e+03	+6.756e+03	+9.396e+03	+0.732
47.900	+2.818e+03	+7.097e+03	+1.119e+04	+0.716
48.000	+1.369e+03	+6.523e+03	+9.949e+03	+0.827
48.100	+1.726e+03	+6.185e+03	+9.435e+03	+0.782
48.200	+2.920e+03	+9.591e+03	+1.135e+04	+0.767
48.300	+3.657e+03	+7.715e+03	+9.850e+03	+0.678
48.400	+3.477e+03	+6.102e+03	+1.042e+04	+0.637
48.500	+2.801e+03	+5.402e+03	+8.969e+03	+0.659
48.600	+3.439e+03	+6.590e+03	+8.401e+03	+0.657
48.700	+3.577e+03	+5.683e+03	+1.105e+04	+0.614
48.800	+3.025e+03	+5.748e+03	+1.067e+04	+0.655
48.900	+1.199e+03	+7.057e+03	+1.031e+04	+0.855
49.000	+2.104e+03	+6.221e+03	+9.361e+03	+0.747
49.100	+2.838e+03	+6.292e+03	+9.873e+03	+0.689
49.200	+2.626e+03	+7.013e+03	+8.815e+03	+0.728
49.300	+2.689e+03	+6.985e+03	+1.040e+04	+0.722
49.400	+2.634e+03	+6.031e+03	+1.003e+04	+0.696
49.500	+2.168e+03	+7.235e+03	+1.023e+04	+0.769
49.600	+1.614e+03	+6.688e+03	+9.934e+03	+0.806
49.700	+3.561e+03	+6.747e+03	+1.003e+04	+0.655
49.800	+3.939e+03	+7.284e+03	+1.147e+04	+0.649
49.900	+3.298e+03	+7.159e+03	+1.034e+04	+0.685
50.000	+6.538e+03	+4.488e+03	+1.013e+04	+0.407
50.100	+9.135e+03	+2.287e+03	+8.980e+03	+0.200
50.200	+5.772e+03	+2.531e+03	+1.012e+04	+0.305
50.300	+7.248e+03	+2.054e+03	+9.513e+03	+0.221
50.400	+8.167e+03	+3.265e+03	+1.155e+04	+0.286
50.500	+6.737e+03	+2.280e+03	+1.026e+04	+0.253
50.600	+7.653e+03	+4.790e+03	+1.137e+04	+0.385
50.700	+6.536e+03	+3.412e+03	+9.965e+03	+0.343
50.800	+5.465e+03	+1.633e+03	+1.074e+04	+0.230
50.900	+7.375e+03	+2.975e+03	+9.684e+03	+0.287
51.000	+6.985e+03	+2.067e+03	+8.539e+03	+0.228
51.100	+8.018e+03	+3.647e+03	+1.046e+04	+0.313
51.200	+8.091e+03	+2.118e+03	+9.452e+03	+0.207
51.300	+7.272e+03	+2.451e+03	+9.709e+03	+0.252
51.400	+8.222e+03	+3.860e+03	+9.850e+03	+0.320
51.500	+8.320e+03	+2.429e+03	+7.854e+03	+0.226
51.600	+7.346e+03	+2.117e+03	+9.921e+03	+0.224
51.700	+6.495e+03	+3.337e+03	+1.144e+04	+0.339
51.800	+8.189e+03	+3.961e+03	+9.581e+03	+0.326
51.900	+7.524e+03	+2.837e+03	+1.012e+04	+0.274
52.000	+6.792e+03	+4.170e+03	+9.005e+03	+0.380
52.100	+5.082e+03	+3.349e+03	+1.045e+04	+0.397
52.200	+8.049e+03	+1.757e+03	+9.602e+03	+0.179
52.300	+6.939e+03	+1.209e+03	+1.037e+04	+0.148
52.400	+6.048e+03	+3.125e+03	+9.141e+03	+0.341
52.500	+5.762e+03	+4.721e+03	+9.713e+03	+0.450
52.600	+7.593e+03	+2.325e+03	+8.533e+03	+0.234
52.700	+7.350e+03	+4.486e+03	+9.865e+03	+0.379
52.800	+7.193e+03	+3.203e+03	+1.018e+04	+0.308
52.900	+6.679e+03	+3.471e+03	+1.026e+04	+0.342
53.000	+6.778e+03	+2.034e+03	+1.109e+04	+0.231
53.100	+7.200e+03	+3.533e+03	+9.718e+03	+0.329
53.200	+6.955e+03	+2.553e+03	+9.368e+03	+0.268
53.300	+6.003e+03	+3.377e+03	+9.842e+03	+0.360
53.400	+8.743e+03	+2.712e+03	+9.473e+03	+0.237
53.500	+7.030e+03	+2.529e+03	+8.709e+03	+0.265
53.600	+6.952e+03	+3.024e+03	+1.085e+04	+0.303
53.700	+6.954e+03	+2.649e+03	+1.042e+04	+0.276
53.800	+6.700e+03	+3.987e+03	+1.087e+04	+0.373
53.900	+6.145e+03	+3.738e+03	+1.035e+04	+0.378
54.000	+2.215e+03	+8.447e+03	+1.130e+04	+0.792
54.100	+3.131e+03	+6.894e+03	+1.113e+04	+0.688
54.200	+3.788e+03	+7.632e+03	+9.287e+03	+0.668
54.300	+4.745e+03	+5.392e+03	+1.062e+04	+0.532
54.400	+2.933e+03	+8.224e+03	+9.665e+03	+0.737
54.500	+5.532e+03	+5.576e+03	+1.057e+04	+0.502
54.600	+3.897e+03	+8.031e+03	+1.059e+04	+0.673
54.700	+2.829e+03	+6.849e+03	+1.004e+04	+0.708
54.800	+3.033e+03	+7.912e+03	+1.087e+04	+0.723
54.900	+3.227e+03	+7.546e+03	+9.587e+03	+0.700
55.000	+2.999e+03	+8.022e+03	+8.608e+03	+0.728
55.100	+3.835e+03	+5.975e+03	+9.403e+03	+0.609
55.200	+2.945e+03	+6.776e+03	+8.977e+03	+0.697
55.300	+3.699e+03	+7.070e+03	+9.636e+03	+0.657
55.400	+1.142e+03	+6.838e+03	+9.817e+03	+0.857
55.500	+3.318e+03	+7.505e+03	+8.356e+03	+0.693
55.600	+3.459e+03	+6.227e+03	+1.046e+04	+0.643
55.700	+1.954e+03	+6.932e+03	+9.362e+03	+0.780
55.800	+3.842e+03	+6.349e+03	+1.110e+04	+0.623
55.900	+2.400e+03	+5.532e+03	+8.955e+03	+0.697
56.000	+3.867e+03	+6.658e+03	+1.107e+04	+0.633
56.100	+2.771e+03	+6.328e+03	+1.060e+04	+0.695
56.200	+3.224e+03	+8.772e+03	+1.054e+04	+0.731
56.300	+3.645e+03	+8.431e+03	+9.606e+03	+0.698
56.400	+2.383e+03	+7.936e+03	+1.050e+04	+0.769
56.500	+4.037e+03	+7.316e+03	+1.025e+04	+0.644
56.600	+2.618e+03	+7.182e+03	+9.171e+03	+0.733
56.700	+2.607e+03	+6.805e+03	+1.001e+04	+0.723
56.800	+2.395e+03	+7.759e+03	+1.013e+04	+0.764
56.900	+3.640e+03	+7.755e+03	+1.016e+04	+0.681
57.000	+2.626e+03	+6.344e+03	+1.012e+04	+0.707
57.100	+2.811e+03	+7.332e+03	+8.594e+03	+0.723
57.200	+1.531e+03	+6.321e+03	+9.079e+03	+0.805
57.300	+2.555e+03	+7.153e+03	+9.325e+03	+0.737
57.400	+2.779e+03	+6.866e+03	+9.340e+03	+0.712
57.500	+2.664e+03	+6.984e+03	+1.034e+04	+0.724
57.600	+2.450e+03	+7.700e+03	+1.002e+04	+0.759
57.700	+4.815e+03	+4.257e+03	+1.089e+04	+0.469
57.800	+7.569e+03	+3.014e+03	+8.934e+03	+0.285
57.900	+6.841e+03	+2.253e+03	+8.984e+03	+0.248
58.000	+7.674e+03	+3.387e+03	+8.812e+03	+0.306
58.100	+6.266e+03	+3.209e+03	+1.050e+04	+0.339
58.200	+7.382e+03	+3.920e+03	+1.107e+04	+0.347
58.300	+5.300e+03	+3.779e+03	+9.344e+03	+0.416
58.400	+2.241e+03	+6.504e+03	+9.943e+03	+0.744
58.500	+2.726e+03	+6.484e+03	+9.688e+03	+0.704
58.600	+4.007e+03	+5.885e+03	+9.935e+03	+0.595
58.700	+3.266e+03	+6.198e+03	+9.181e+03	+0.655
58.800	+2.189e+03	+7.393e+03	+1.090e+04	+0.772
58.900	+2.822e+03	+6.202e+03	+8.543e+03	+0.687
59.000	+3.541e+03	+8.048e+03	+1.012e+04	+0.694
59.100	+1.675e+03	+7.860e+03	+9.665e+03	+0.824
59.200	+1.795e+03	+6.687e+03	+9.408e+03	+0.788
59.300	+2.077e+03	+8.070e+03	+9.387e+03	+0.795
59.400	+2.666e+03	+6.848e+03	+9.341e+03	+0.720
59.500	+2.810e+03	+7.579e+03	+9.872e+03	+0.729
59.600	+6.109e+03	+3.240e+03	+8.935e+03	+0.347
59.700	+7.520e+03	+3.813e+03	+9.070e+03	+0.336
59.800	+7.504e+03	+4.901e+03	+1.064e+04	+0.395
59.900	+7.901e+03	+3.571e+03	+8.600e+03	+0.311
60.000	+5.992e+03	+3.618e+03	+9.410e+03	+0.377
60.100	+8.280e+03	+3.444e+03	+9.890e+03	+0.294
60.200	+7.265e+03	+3.632e+03	+9.803e+03	+0.333
60.300	+6.706e+03	+3.850e+03	+1.024e+04	+0.365
60.400	+6.241e+03	+3.399e+03	+9.658e+03	+0.353
60.500	+7.231e+03	+3.740e+03	+1.132e+04	+0.341
60.600	+7.378e+03	+4.747e+03	+1.088e+04	+0.391
60.700	+6.832e+03	+3.012e+03	+1.006e+04	+0.306
60.800	+6.877e+03	+4.226e+03	+1.082e+04	+0.381
60.900	+4.224e+03	+5.996e+03	+1.004e+04	+0.587
61.000	+7.445e+03	+2.723e+03	+1.032e+04	+0.268
61.100	+6.020e+03	+2.693e+03	+8.634e+03	+0.309
61.200	+5.882e+03	+2.942e+03	+1.093e+04	+0.333
61.300	+8.312e+03	+3.458e+03	+9.001e+03	+0.294
61.400	+7.186e+03	+1.965e+03	+9.653e+03	+0.215
61.500	+7.516e+03	+3.825e+03	+8.776e+03	+0.337
61.600	+7.342e+03	+2.754e+03	+9.837e+03	+0.273
61.700	+5.973e+03	+2.545e+03	+1.035e+04	+0.299
61.800	+7.703e+03	+4.289e+03	+9.574e+03	+0.358
61.900	+7.294e+03	+3.502e+03	+9.939e+03	+0.324
62.000	+7.411e+03	+4.560e+03	+1.091e+04	+0.381
62.100	+7.738e+03	+3.888e+03	+1.030e+04	+0.334
62.200	+6.039e+03	+4.607e+03	+1.024e+04	+0.433
62.300	+3.070e+03	+6.726e+03	+9.730e+03	+0.687
62.400	+3.128e+03	+6.927e+03	+1.019e+04	+0.689
62.500	+3.417e+03	+6.909e+03	+9.946e+03	+0.669
62.600	+4.158e+03	+6.699e+03	+1.000e+04	+0.617
62.700	+3.085e+03	+6.052e+03	+1.088e+04	+0.662
62.800	+4.871e+03	+7.012e+03	+1.085e+04	+0.590
62.900	+1.597e+03	+6.959e+03	+9.547e+03	+0.813
63.000	+3.257e+03	+7.428e+03	+1.108e+04	+0.695
63.100	+2.842e+03	+8.407e+03	+1.078e+04	+0.747
63.200	+3.346e+03	+5.927e+03	+8.955e+03	+0.639
63.300	+7.962e+03	+2.211e+03	+9.351e+03	+0.217
63.400	+5.791e+03	+3.828e+03	+9.702e+03	+0.398
63.500	+3.674e+03	+7.925e+03	+1.054e+04	+0.683
63.600	+4.844e+03	+6.976e+03	+9.448e+03	+0.590
63.700	+3.504e+03	+5.870e+03	+9.824e+03	+0.626
63.800	+4.433e+03	+7.205e+03	+9.902e+03	+0.619
63.900	+2.231e+03	+7.248e+03	+1.071e+04	+0.765
64.000	+3.650e+03	+8.624e+03	+9.697e+03	+0.703
64.100	+2.955e+03	+7.439e+03	+1.168e+04	+0.716
64.200	+2.240e+03	+8.404e+03	+9.466e+03	+0.790
64.300	+4.903e+03	+7.185e+03	+1.029e+04	+0.594
64.400	+2.481e+03	+6.962e+03	+1.028e+04	+0.737
64.500	+2.686e+03	+7.088e+03	+1.074e+04	+0.725
64.600	+3.689e+03	+5.967e+03	+1.033e+04	+0.618
64.700	+4.197e+03	+7.655e+03	+1.149e+04	+0.646
64.800	+1.927e+03	+6.555e+03	+1.036e+04	+0.773
64.900	+3.521e+03	+6.921e+03	+8.033e+03	+0.663
65.000	+4.392e+03	+5.256e+03	+9.720e+03	+0.545
65.100	+2.917e+03	+7.002e+03	+1.030e+04	+0.706
65.200	+3.791e+03	+4.805e+03	+1.011e+04	+0.559
65.300	+6.041e+03	+3.597e+03	+9.552e+03	+0.373
65.400	+7.642e+03	+4.643e+03	+9.932e+03	+0.378
65.500	+7.432e+03	+4.447e+03	+9.860e+03	+0.374
65.600	+6.011e+03	+3.951e+03	+1.031e+04	+0.397
65.700	+2.591e+03	+7.626e+03	+8.910e+03	+0.746
65.800	+3.190e+03	+8.803e+03	+1.074e+04	+0.734
65.900	+7.009e+03	+3.781e+03	+1.110e+04	+0.350
66.000	+7.668e+03	+2.623e+03	+1.061e+04	+0.255
66.100	+5.735e+03	+3.691e+03	+1.004e+04	+0.392
66.200	+7.080e+03	+3.211e+03	+1.030e+04	+0.312
66.300	+5.630e+03	+4.599e+03	+1.057e+04	+0.450
66.400	+7.696e+03	+2.760e+03	+9.902e+03	+0.264
66.500	+6.040e+03	+2.652e+03	+9.753e+03	+0.305
66.600	+4.775e+03	+3.459e+03	+1.021e+04	+0.420
66.700	+4.118e+03	+6.001e+03	+1.082e+04	+0.593
66.800	+3.177e+03	+7.481e+03	+9.741e+03	+0.702
66.900	+2.259e+03	+6.415e+03	+9.235e+03	+0.740
67.000	+2.584e+03	+7.712e+03	+9.750e+03	+0.749
67.100	+3.012e+03	+6.265e+03	+9.958e+03	+0.675
67.200	+2.150e+03	+6.611e+03	+1.110e+04	+0.755
67.300	+3.344e+03	+7.116e+03	+8.519e+03	+0.680
67.400	+2.926e+03	+6.675e+03	+9.340e+03	+0.695
67.500	+3.390e+03	+6.735e+03	+1.076e+04	+0.665
67.600	+2.601e+03	+8.224e+03	+1.034e+04	+0.760
67.700	+1.813e+03	+8.756e+03	+1.102e+04	+0.828
67.800	+3.126e+03	+8.359e+03	+9.281e+03	+0.728
67.900	+2.664e+03	+6.954e+03	+1.047e+04	+0.723
68.000	+6.797e+03	+3.994e+03	+9.686e+03	+0.370
68.100	+7.872e+03	+1.545e+03	+7.948e+03	+0.164
68.200	+6.344e+03	+3.773e+03	+1.117e+04	+0.373
68.300	+6.847e+03	+4.684e+03	+1.019e+04	+0.406
68.400	+7.606e+03	+2.966e+03	+9.193e+03	+0.281
68.500	+7.957e+03	+2.304e+03	+1.044e+04	+0.225
68.600	+5.825e+03	+3.404e+03	+8.761e+03	+0.369
68.700	+6.901e+03	+3.861e+03	+1.063e+04	+0.359
68.800	+7.251e+03	+3.027e+03	+1.017e+04	+0.294
68.900	+3.933e+03	+6.114e+03	+1.085e+04	+0.609
69.000	+3.443e+03	+8.912e+03	+1.070e+04	+0.721
69.100	+2.914e+03	+6.287e+03	+9.052e+03	+0.683
69.200	+2.858e+03	+6.912e+03	+1.012e+04	+0.707
69.300	+3.908e+03	+6.117e+03	+9.227e+03	+0.610
69.400	+3.964e+03	+5.940e+03	+1.015e+04	+0.600
69.500	+1.917e+03	+7.170e+03	+9.825e+03	+0.789
69.600	+3.552e+03	+7.275e+03	+1.028e+04	+0.672
69.700	+5.024e+03	+5.401e+03	+1.037e+04	+0.518
69.800	+7.625e+03	+1.975e+03	+8.335e+03	+0.206
69.900	+7.174e+03	+2.570e+03	+9.953e+03	+0.264
70.000	+6.620e+03	+1.829e+03	+9.250e+03	+0.216
70.100	+7.460e+03	+3.497e+03	+8.344e+03	+0.319
70.200	+6.140e+03	+2.768e+03	+9.997e+03	+0.311
70.300	+6.710e+03	+3.544e+03	+1.073e+04	+0.346
70.400	+7.407e+03	+1.730e+03	+1.062e+04	+0.189
70.500	+6.520e+03	+3.537e+03	+1.016e+04	+0.352
70.600	+7.419e+03	+2.690e+03	+1.059e+04	+0.266
70.700	+6.986e+03	+3.488e+03	+9.435e+03	+0.333
70.800	+6.853e+03	+3.592e+03	+9.879e+03	+0.344
70.900	+7.533e+03	+3.765e+03	+8.803e+03	+0.333
71.000	+5.219e+03	+4.841e+03	+1.040e+04	+0.481
71.100	+9.292e+03	+3.227e+03	+1.129e+04	+0.258
71.200	+6.537e+03	+2.356e+03	+1.020e+04	+0.265
71.300	+7.463e+03	+1.707e+03	+1.080e+04	+0.186
71.400	+3.140e+03	+6.490e+03	+1.095e+04	+0.674
71.500	+2.009e+03	+7.973e+03	+9.300e+03	+0.799
71.600	+2.666e+03	+8.020e+03	+1.016e+04	+0.751
71.700	+2.850e+03	+7.529e+03	+9.476e+03	+0.725
71.800	+2.585e+03	+7.112e+03	+8.433e+03	+0.733
71.900	+3.734e+03	+6.390e+03	+1.036e+04	+0.631
72.000	+3.476e+03	+6.852e+03	+1.140e+04	+0.663
72.100	+2.055e+03	+7.442e+03	+1.036e+04	+0.784
72.200	+3.643e+03	+7.710e+03	+1.091e+04	+0.679
72.300	+3.230e+03	+7.035e+03	+1.049e+04	+0.685
72.400	+4.188e+03	+7.837e+03	+1.039e+04	+0.652
72.500	+3.349e+03	+7.129e+03	+9.500e+03	+0.680
72.600	+2.530e+03	+7.135e+03	+9.549e+03	+0.738
72.700	+2.975e+03	+7.642e+03	+8.949e+03	+0.720
72.800	+4.625e+03	+6.141e+03	+1.067e+04	+0.570
72.900	+4.829e+03	+4.824e+03	+9.820e+03	+0.500
73.000	+6.437e+03	+1.258e+03	+1.017e+04	+0.164
73.100	+6.329e+03	+2.494e+03	+9.018e+03	+0.283
73.200	+6.922e+03	+3.196e+03	+9.568e+03	+0.316
73.300	+6.259e+03	+2.656e+03	+1.079e+04	+0.298
73.400	+6.261e+03	+3.141e+03	+1.091e+04	+0.334
73.500	+7.852e+03	+2.636e+03	+1.016e+04	+0.251
73.600	+4.404e+03	+5.863e+03	+1.047e+04	+0.571
73.700	+3.826e+03	+7.160e+03	+8.107e+03	+0.652
73.800	+3.678e+03	+8.671e+03	+1.149e+04	+0.702
73.900	+2.906e+03	+6.946e+03	+9.739e+03	+0.705
74.000	+1.672e+03	+6.332e+03	+1.003e+04	+0.791
74.100	+2.736e+03	+7.041e+03	+9.656e+03	+0.720
74.200	+4.827e+03	+6.621e+03	+9.380e+03	+0.578
74.300	+3.750e+03	+7.347e+03	+1.164e+04	+0.662
74.400	+3.975e+03	+6.560e+03	+1.113e+04	+0.623
74.500	+3.905e+03	+7.185e+03	+9.995e+03	+0.648
74.600	+3.176e+03	+7.363e+03	+8.757e+03	+0.699
74.700	+2.151e+03	+7.901e+03	+1.018e+04	+0.786
74.800	+4.350e+03	+7.287e+03	+9.809e+03	+0.626
74.900	+3.006e+03	+8.572e+03	+9.627e+03	+0.740
75.000	+3.628e+03	+5.642e+03	+9.594e+03	+0.609
75.100	+7.438e+03	+2.231e+03	+1.015e+04	+0.231
75.200	+6.618e+03	+2.209e+03	+9.479e+03	+0.250
75.300	+6.954e+03	+4.009e+03	+1.064e+04	+0.366
75.400	+5.886e+03	+2.335e+03	+1.028e+04	+0.284
75.500	+6.329e+03	+2.226e+03	+1.022e+04	+0.260
75.600	+6.314e+03	+3.698e+03	+1.016e+04	+0.369
75.700	+6.548e+03	+2.745e+03	+9.325e+03	+0.295
75.800	+7.879e+03	+2.700e+03	+8.858e+03	+0.255
75.900	+7.680e+03	+3.644e+03	+9.928e+03	+0.322
76.000	+7.469e+03	+3.675e+03	+8.357e+03	+0.330
76.100	+5.826e+03	+2.100e+03	+9.893e+03	+0.265
76.200	+7.367e+03	+3.836e+03	+1.048e+04	+0.342
76.300	+7.878e+03	+1.969e+03	+1.115e+04	+0.200
76.400	+5.375e+03	+3.834e+03	+1.068e+04	+0.416
76.500	+3.125e+03	+6.265e+03	+9.324e+03	+0.667
76.600	+2.491e+03	+7.203e+03	+1.021e+04	+0.743
76.700	+1.870e+03	+6.514e+03	+9.902e+03	+0.777
76.800	+3.920e+03	+6.090e+03	+1.102e+04	+0.608
76.900	+2.384e+03	+6.745e+03	+9.824e+03	+0.739
77.000	+3.796e+03	+6.186e+03	+9.541e+03	+0.620
77.100	+5.528e+03	+4.488e+03	+1.116e+04	+0.448
77.200	+7.659e+03	+4.441e+03	+1.056e+04	+0.367
77.300	+6.837e+03	+3.068e+03	+9.178e+03	+0.310
77.400	+7.045e+03	+2.141e+03	+1.028e+04	+0.233
77.500	+6.830e+03	+3.026e+03	+1.026e+04	+0.307
77.600	+6.432e+03	+3.793e+03	+1.032e+04	+0.371
77.700	+3.945e+03	+5.203e+03	+1.054e+04	+0.569
77.800	+3.169e+03	+6.664e+03	+1.037e+04	+0.678
77.900	+2.907e+03	+7.485e+03	+9.801e+03	+0.720
78.000	+3.649e+03	+7.351e+03	+9.864e+03	+0.668
78.100	+2.131e+03	+8.296e+03	+1.128e+04	+0.796
78.200	+2.189e+03	+7.573e+03	+1.137e+04	+0.776
78.300	+2.683e+03	+7.960e+03	+1.040e+04	+0.748
78.400	+2.261e+03	+7.432e+03	+8.412e+03	+0.767
78.500	+4.203e+03	+6.963e+03	+1.028e+04	+0.624
78.600	+2.283e+03	+6.917e+03	+9.682e+03	+0.752
78.700	+3.910e+03	+8.311e+03	+1.002e+04	+0.680
78.800	+3.505e+03	+6.839e+03	+1.024e+04	+0.661
78.900	+3.284e+03	+9.282e+03	+1.103e+04	+0.739
79.000	+2.648e+03	+6.228e+03	+9.227e+03	+0.702
79.100	+2.906e+03	+8.164e+03	+1.030e+04	+0.738
79.200	+2.384e+03	+7.446e+03	+9.981e+03	+0.757
79.300	+3.835e+03	+6.792e+03	+9.971e+03	+0.639
79.400	+3.146e+03	+7.324e+03	+1.055e+04	+0.700
79.500	+2.527e+03	+7.540e+03	+9.670e+03	+0.749
79.600	+3.512e+03	+8.167e+03	+9.705e+03	+0.699
79.700	+4.388e+03	+7.164e+03	+1.041e+04	+0.620
79.800	+2.934e+03	+7.043e+03	+1.212e+04	+0.706
79.900	+2.775e+03	+7.008e+03	+9.358e+03	+0.716
80.000	+3.500e+03	+6.524e+03	+9.902e+03	+0.651
80.100	+3.298e+03	+6.168e+03	+1.000e+04	+0.652
80.200	+1.833e+03	+7.242e+03	+9.951e+03	+0.798
80.300	+2.287e+03	+7.792e+03	+8.881e+03	+0.773
80.400	+3.440e+03	+6.961e+03	+9.479e+03	+0.669
80.500	+3.283e+03	+7.995e+03	+1.041e+04	+0.709
80.600	+4.569e+03	+5.765e+03	+9.338e+03	+0.558
80.700	+3.611e+03	+5.489e+03	+1.017e+04	+0.603
80.800	+6.926e+03	+1.921e+03	+1.050e+04	+0.217
80.900	+6.662e+03	+3.168e+03	+1.038e+04	+0.322
81.000	+8.086e+03	+3.113e+03	+1.053e+04	+0.278
81.100	+7.250e+03	+3.193e+03	+9.536e+03	+0.306
81.200	+8.031e+03	+3.948e+03	+1.023e+04	+0.330
81.300	+6.684e+03	+2.918e+03	+7.800e+03	+0.304
81.400	+4.504e+03	+5.416e+03	+9.760e+03	+0.546
81.500	+2.931e+03	+6.406e+03	+1.149e+04	+0.686
81.600	+3.243e+03	+7.810e+03	+1.002e+04	+0.707
81.700	+2.345e+03	+6.097e+03	+1.046e+04	+0.722
81.800	+2.477e+03	+7.889e+03	+1.095e+04	+0.761
81.900	+2.306e+03	+8.148e+03	+9.244e+03	+0.779
82.000	+3.928e+03	+8.127e+03	+9.350e+03	+0.674
82.100	+2.672e+03	+7.877e+03	+9.514e+03	+0.747
82.200	+2.644e+03	+6.183e+03	+1.098e+04	+0.701
82.300	+2.932e+03	+6.361e+03	+1.107e+04	+0.684
82.400	+6.473e+03	+3.238e+03	+9.167e+03	+0.333
82.500	+5.279e+03	+3.007e+03	+1.029e+04	+0.363
82.600	+7.455e+03	+3.536e+03	+9.834e+03	+0.322
82.700	+9.270e+03	+3.102e+03	+9.389e+03	+0.251
82.800	+6.602e+03	+3.943e+03	+1.096e+04	+0.374
82.900	+2.134e+03	+6.209e+03	+1.076e+04	+0.744
83.000	+4.357e+03	+7.292e+03	+9.725e+03	+0.626
83.100	+2.044e+03	+7.233e+03	+1.032e+04	+0.780
83.200	+2.385e+03	+6.421e+03	+9.710e+03	+0.729
83.300	+4.227e+03	+5.885e+03	+8.955e+03	+0.582
83.400	+3.448e+03	+7.848e+03	+8.965e+03	+0.695
83.500	+3.316e+03	+7.585e+03	+9.449e+03	+0.696
83.600	+6.827e+03	+3.752e+03	+9.596e+03	+0.355
83.700	+7.259e+03	+1.068e+03	+1.128e+04	+0.128
83.800	+8.043e+03	+4.380e+03	+9.142e+03	+0.353
83.900	+7.386e+03	+2.202e+03	+9.670e+03	+0.230
84.000	+8.126e+03	+4.657e+03	+7.609e+03	+0.364
84.100	+6.802e+03	+3.343e+03	+1.076e+04	+0.330
84.200	+7.347e+03	+2.018e+03	+1.059e+04	+0.215
84.300	+5.723e+03	+3.737e+03	+9.916e+03	+0.395
84.400	+4.383e+03	+5.344e+03	+8.540e+03	+0.549
84.500	+4.355e+03	+6.807e+03	+1.083e+04	+0.610
84.600	+2.591e+03	+6.418e+03	+8.962e+03	+0.712
84.700	+2.222e+03	+6.981e+03	+1.041e+04	+0.759
84.800	+3.095e+03	+7.477e+03	+9.290e+03	+0.707
84.900	+1.484e+03	+7.497e+03	+9.747e+03	+0.835
85.000	+2.433e+03	+8.153e+03	+1.023e+04	+0.770
85.100	+3.575e+03	+8.348e+03	+1.107e+04	+0.700
85.200	+3.472e+03	+6.407e+03	+1.067e+04	+0.649
85.300	+2.711e+03	+6.913e+03	+9.617e+03	+0.718
85.400	+3.768e+03	+7.616e+03	+1.113e+04	+0.669
85.500	+2.759e+03	+8.087e+03	+9.823e+03	+0.746
85.600	+1.778e+03	+8.833e+03	+9.246e+03	+0.832
85.700	+4.056e+03	+7.242e+03	+1.107e+04	+0.641
85.800	+2.529e+03	+6.684e+03	+9.517e+03	+0.726
85.900	+2.585e+03	+5.472e+03	+9.176e+03	+0.679
86.000	+2.178e+03	+7.689e+03	+1.109e+04	+0.779
86.100	+3.692e+03	+7.308e+03	+1.071e+04	+0.664
86.200	+4.253e+03	+6.884e+03	+1.034e+04	+0.618
86.300	+3.157e+03	+6.585e+03	+9.581e+03	+0.676
86.400	+2.202e+03	+6.778e+03	+1.054e+04	+0.755
86.500	+3.495e+03	+5.739e+03	+1.038e+04	+0.622
86.600	+2.537e+03	+6.839e+03	+9.114e+03	+0.729
86.700	+3.775e+03	+7.086e+03	+1.031e+04	+0.652
86.800	+2.322e+03	+7.571e+03	+8.919e+03	+0.765
86.900	+3.086e+03	+6.956e+03	+1.053e+04	+0.693
87.000	+1.619e+03	+6.132e+03	+1.069e+04	+0.791
87.100	+3.976e+03	+6.888e+03	+1.061e+04	+0.634
87.200	+1.400e+03	+6.062e+03	+1.095e+04	+0.812
87.300	+4.871e+03	+6.418e+03	+1.184e+04	+0.569
87.400	+2.949e+03	+9.300e+03	+1.008e+04	+0.759
87.500	+3.897e+03	+5.994e+03	+1.041e+04	+0.606
87.600	+4.197e+03	+6.789e+03	+1.125e+04	+0.618
87.700	+2.391e+03	+6.341e+03	+9.368e+03	+0.726
87.800	+2.907e+03	+6.648e+03	+9.619e+03	+0.696
87.900	+2.856e+03	+7.901e+03	+1.037e+04	+0.734
88.000	+3.933e+03	+8.062e+03	+9.656e+03	+0.672
88.100	+2.869e+03	+7.716e+03	+9.500e+03	+0.729
88.200	+3.467e+03	+7.797e+03	+8.846e+03	+0.692
88.300	+2.147e+03	+7.180e+03	+8.939e+03	+0.770
88.400	+3.128e+03	+6.121e+03	+1.022e+04	+0.662
88.500	+2.227e+03	+6.897e+03	+1.072e+04	+0.756
88.600	+4.036e+03	+8.023e+03	+9.023e+03	+0.665
88.700	+3.781e+03	+7.129e+03	+1.066e+04	+0.653
88.800	+2.307e+03	+8.049e+03	+1.024e+04	+0.777
88.900	+2.463e+03	+7.267e+03	+9.292e+03	+0.747
89.000	+3.794e+03	+7.438e+03	+9.999e+03	+0.662
89.100	+4.808e+03	+5.753e+03	+9.834e+03	+0.545
89.200	+5.429e+03	+3.250e+03	+9.860e+03	+0.374
89.300	+7.431e+03	+3.956e+03	+9.598e+03	+0.347
89.400	+5.865e+03	+5.747e+03	+9.903e+03	+0.495
89.500	+1.997e+03	+6.526e+03	+9.542e+03	+0.766
89.600	+1.143e+03	+7.017e+03	+9.292e+03	+0.860
89.700	+5.936e+02	+8.088e+03	+1.074e+04	+0.932
89.800	+2.771e+03	+6.435e+03	+9.309e+03	+0.699
89.900	+2.940e+03	+7.017e+03	+1.066e+04	+0.705
90.000	+3.237e+03	+9.022e+03	+1.044e+04	+0.736
90.100	+2.888e+03	+7.405e+03	+9.472e+03	+0.719
90.200	+2.698e+03	+8.113e+03	+9.166e+03	+0.750
90.300	+4.016e+03	+7.049e+03	+9.764e+03	+0.637
90.400	+3.042e+03	+7.243e+03	+1.049e+04	+0.704
90.500	+2.721e+03	+6.157e+03	+1.100e+04	+0.693
90.600	+2.653e+03	+6.817e+03	+1.076e+04	+0.720
90.700	+3.315e+03	+7.194e+03	+1.079e+04	+0.685
90.800	+6.968e+03	+4.470e+03	+9.602e+03	+0.391
90.900	+6.622e+03	+2.286e+03	+1.023e+04	+0.257
91.000	+6.736e+03	+3.860e+03	+9.299e+03	+0.364
91.100	+6.899e+03	+2.721e+03	+9.803e+03	+0.283
91.200	+5.341e+03	+5.021e+03	+1.009e+04	+0.485
91.300	+3.047e+03	+6.183e+03	+1.046e+04	+0.670
91.400	+2.741e+03	+6.918e+03	+9.360e+03	+0.716
91.500	+3.254e+03	+7.219e+03	+1.009e+04	+0.689
91.600	+2.850e+03	+5.070e+03	+8.942e+03	+0.640
91.700	+2.956e+03	+7.841e+03	+9.810e+03	+0.726
91.800	+1.553e+03	+6.901e+03	+9.430e+03	+0.816
91.900	+3.160e+03	+7.877e+03	+1.080e+04	+0.714
92.000	+3.896e+03	+6.809e+03	+9.038e+03	+0.636
92.100	+6.112e+03	+3.831e+03	+1.162e+04	+0.385
92.200	+6.112e+03	+3.228e+03	+1.012e+04	+0.346
92.300	+4.872e+03	+4.869e+03	+8.961e+03	+0.500
92.400	+3.653e+03	+6.719e+03	+9.818e+03	+0.648
92.500	+3.187e+03	+7.389e+03	+9.758e+03	+0.699
92.600	+4.814e+03	+3.600e+03	+1.013e+04	+0.428
92.700	+7.584e+03	+3.464e+03	+1.153e+04	+0.314
92.800	+6.406e+03	+3.021e+03	+8.383e+03	+0.320
92.900	+6.236e+03	+3.189e+03	+8.578e+03	+0.338
93.000	+6.029e+03	+1.803e+03	+9.897e+03	+0.230
93.100	+7.110e+03	+2.971e+03	+1.008e+04	+0.295
93.200	+6.740e+03	+3.010e+03	+1.159e+04	+0.309
93.300	+7.818e+03	+1.499e+03	+9.949e+03	+0.161
93.400	+5.890e+03	+3.382e+03	+9.382e+03	+0.365
93.500	+7.413e+03	+3.790e+03	+1.051e+04	+0.338
93.600	+7.006e+03	+3.966e+03	+1.003e+04	+0.361
93.700	+7.766e+03	+2.690e+03	+1.017e+04	+0.257
93.800	+6.723e+03	+3.504e+03	+1.054e+04	+0.343
93.900	+5.541e+03	+4.320e+03	+1.018e+04	+0.438
94.000	+8.434e+03	+2.970e+03	+1.069e+04	+0.260
94.100	+6.590e+03	+2.771e+03	+9.436e+03	+0.296
94.200	+7.012e+03	+3.266e+03	+1.128e+04	+0.318
94.300	+8.059e+03	+2.125e+03	+1.073e+04	+0.209
94.400	+6.712e+03	+3.825e+03	+1.006e+04	+0.363
94.500	+6.277e+03	+3.830e+03	+9.151e+03	+0.379
94.600	+5.782e+03	+2.928e+03	+1.025e+04	+0.336
94.700	+6.696e+03	+4.162e+03	+1.017e+04	+0.383
94.800	+6.448e+03	+1.067e+03	+9.080e+03	+0.142
94.900	+7.921e+03	+3.306e+03	+1.136e+04	+0.294
95.000	+8.078e+03	+3.133e+03	+8.753e+03	+0.279
95.100	+7.263e+03	+4.103e+03	+9.305e+03	+0.361
95.200	+7.517e+03	+4.096e+03	+1.030e+04	+0.353
95.300	+6.751e+03	+2.271e+03	+8.675e+03	+0.252
95.400	+8.259e+03	+3.695e+03	+9.175e+03	+0.309
95.500	+6.953e+03	+3.844e+03	+9.616e+03	+0.356
95.600	+5.981e+03	+3.539e+03	+1.104e+04	+0.372
95.700	+6.783e+03	+4.432e+03	+9.647e+03	+0.395
95.800	+6.938e+03	+2.484e+03	+1.007e+04	+0.264
95.900	+6.138e+03	+1.799e+03	+1.005e+04	+0.227
96.000	+8.522e+03	+3.176e+03	+9.661e+03	+0.272
96.100	+6.584e+03	+3.165e+03	+8.744e+03	+0.325
96.200	+6.339e+03	+3.859e+03	+1.034e+04	+0.378
96.300	+5.967e+03	+2.099e+03	+1.108e+04	+0.260
96.400	+5.290e+03	+3.056e+03	+9.894e+03	+0.366
96.500	+5.843e+03	+5.099e+03	+1.045e+04	+0.466
96.600	+1.835e+03	+6.190e+03	+9.559e+03	+0.771
96.700	+4.862e+03	+6.240e+03	+9.123e+03	+0.562
96.800	+2.867e+03	+6.506e+03	+1.113e+04	+0.694
96.900	+3.148e+03	+5.583e+03	+8.845e+03	+0.639
97.000	+3.226e+03	+7.563e+03	+8.963e+03	+0.701
97.100	+1.453e+03	+5.785e+03	+1.111e+04	+0.799
97.200	+2.797e+03	+7.941e+03	+1.102e+04	+0.740
97.300	+3.213e+03	+4.975e+03	+1.022e+04	+0.608
97.400	+3.366e+03	+7.265e+03	+8.295e+03	+0.683
97.500	+1.688e+03	+7.181e+03	+1.064e+04	+0.810
97.600	+3.879e+03	+7.149e+03	+1.087e+04	+0.648
97.700	+4.180e+03	+7.587e+03	+8.746e+03	+0.645
97.800	+2.329e+03	+7.010e+03	+1.060e+04	+0.751
97.900	+2.948e+03	+6.703e+03	+9.039e+03	+0.695
98.000	+4.065e+03	+5.338e+03	+9.182e+03	+0.568
98.100	+3.950e+03	+8.286e+03	+9.421e+03	+0.677
98.200	+3.030e+03	+7.115e+03	+1.038e+04	+0.701
98.300	+2.882e+03	+7.077e+03	+1.162e+04	+0.711
98.400	+3.367e+03	+6.383e+03	+1.097e+04	+0.655
98.500	+2.451e+03	+7.057e+03	+9.415e+03	+0.742
98.600	+3.583e+03	+7.135e+03	+9.335e+03	+0.666
98.700	+7.976e+03	+3.322e+03	+8.934e+03	+0.294
98.800	+5.741e+03	+4.064e+03	+9.870e+03	+0.414
98.900	+4.976e+03	+6.026e+03	+1.032e+04	+0.548
99.000	+1.959e+03	+5.229e+03	+9.528e+03	+0.727
99.100	+2.561e+03	+7.177e+03	+1.031e+04	+0.737
99.200	+2.582e+03	+6.543e+03	+9.654e+03	+0.717
99.300	+1.900e+03	+8.932e+03	+8.874e+03	+0.825
99.400	+1.467e+03	+7.564e+03	+9.663e+03	+0.838
99.500	+2.503e+03	+6.762e+03	+1.158e+04	+0.730
99.600	+4.261e+03	+7.625e+03	+1.011e+04	+0.642
99.700	+2.909e+03	+8.666e+03	+9.023e+03	+0.749
99.800	+6.556e+03	+3.769e+03	+1.019e+04	+0.365
99.900	+7.414e+03	+2.526e+03	+1.071e+04	+0.254
100.000	+5.598e+03	+2.547e+03	+1.015e+04	+0.313
100.100	+7.240e+03	+3.693e+03	+9.554e+03	+0.338
100.200	+6.265e+03	+4.298e+03	+9.575e+03	+0.407
100.300	+5.124e+03	+4.596e+03	+1.048e+04	+0.473
100.400	+4.004e+03	+7.025e+03	+9.479e+03	+0.637
100.500	+3.559e+03	+7.313e+03	+9.278e+03	+0.673
100.600	+1.874e+03	+8.557e+03	+1.016e+04	+0.820
100.700	+2.786e+03	+7.619e+03	+9.513e+03	+0.732
100.800	+4.148e+03	+7.140e+03	+1.008e+04	+0.633
100.900	+2.582e+03	+8.363e+03	+1.029e+04	+0.764
101.000	+2.520e+03	+6.473e+03	+1.029e+04	+0.720
101.100	+4.109e+03	+5.832e+03	+1.009e+04	+0.587
101.200	+1.372e+03	+6.830e+03	+1.002e+04	+0.833
101.300	+2.841e+03	+6.881e+03	+1.053e+04	+0.708
101.400	+2.630e+03	+6.821e+03	+8.388e+03	+0.722
101.500	+2.687e+03	+4.442e+03	+1.036e+04	+0.623
101.600	+1.872e+03	+6.584e+03	+9.447e+03	+0.779
101.700	+2.670e+03	+6.991e+03	+8.773e+03	+0.724
101.800	+3.000e+03	+6.290e+03	+9.595e+03	+0.677
101.900	+2.822e+03	+5.669e+03	+9.025e+03	+0.668
102.000	+3.171e+03	+7.133e+03	+1.063e+04	+0.692
102.100	+2.802e+03	+7.253e+03	+1.048e+04	+0.721
102.200	+3.055e+03	+7.525e+03	+1.062e+04	+0.711
102.300	+2.630e+03	+7.375e+03	+1.146e+04	+0.737
102.400	+3.169e+03	+6.020e+03	+1.104e+04	+0.655
102.500	+2.621e+03	+7.271e+03	+9.519e+03	+0.735
102.600	+2.682e+03	+6.775e+03	+9.804e+03	+0.716
102.700	+3.273e+03	+5.886e+03	+9.372e+03	+0.643
102.800	+3.692e+03	+7.331e+03	+9.716e+03	+0.665
102.900	+1.943e+03	+7.455e+03	+1.047e+04	+0.793
103.000	+3.996e+03	+7.340e+03	+1.049e+04	+0.647
103.100	+4.458e+03	+6.348e+03	+1.062e+04	+0.587
103.200	+2.487e+03	+7.226e+03	+1.107e+04	+0.744
103.300	+3.734e+03	+6.607e+03	+7.538e+03	+0.639
103.400	+2.340e+03	+7.196e+03	+1.071e+04	+0.755
103.500	+2.792e+03	+7.282e+03	+9.653e+03	+0.723
103.600	+3.285e+03	+8.322e+03	+1.123e+04	+0.717
103.700	+4.635e+03	+4.945e+03	+1.057e+04	+0.516
103.800	+3.766e+03	+4.693e+03	+1.015e+04	+0.555
103.900	+3.253e+03	+7.602e+03	+9.126e+03	+0.700
104.000	+2.222e+03	+7.528e+03	+1.026e+04	+0.772
104.100	+3.497e+03	+7.637e+03	+9.906e+03	+0.686
104.200	+4.094e+03	+7.638e+03	+8.984e+03	+0.651
104.300	+2.690e+03	+7.085e+03	+1.122e+04	+0.725
104.400	+5.527e+03	+8.143e+03	+9.295e+03	+0.596
104.500	+2.330e+03	+7.127e+03	+1.131e+04	+0.754
104.600	+3.263e+03	+7.169e+03	+1.106e+04	+0.687
104.700	+3.350e+03	+7.457e+03	+1.075e+04	+0.690
104.800	+4.029e+03	+7.145e+03	+1.061e+04	+0.639
104.900	+3.094e+03	+7.142e+03	+1.127e+04	+0.698
105.000	+4.128e+03	+7.089e+03	+8.751e+03	+0.632
105.100	+2.690e+03	+7.237e+03	+1.067e+04	+0.729
105.200	+2.781e+03	+6.587e+03	+1.004e+04	+0.703
105.300	+4.602e+03	+6.537e+03	+9.065e+03	+0.587
105.400	+3.526e+03	+7.657e+03	+9.969e+03	+0.685
105.500	+3.304e+03	+7.472e+03	+9.378e+03	+0.693
105.600	+2.614e+03	+6.185e+03	+1.109e+04	+0.703
105.700	+4.211e+03	+7.931e+03	+9.814e+03	+0.653
105.800	+2.234e+03	+6.967e+03	+1.011e+04	+0.757
105.900	+4.375e+03	+8.027e+03	+9.197e+03	+0.647
106.000	+2.987e+03	+5.779e+03	+9.057e+03	+0.659
106.100	+4.731e+03	+6.868e+03	+9.726e+03	+0.592
106.200	+2.553e+03	+7.086e+03	+1.038e+04	+0.735
106.300	+1.964e+03	+6.948e+03	+9.459e+03	+0.780
106.400	+3.344e+03	+5.384e+03	+1.036e+04	+0.617
106.500	+7.858e+03	+3.942e+03	+9.351e+03	+0.334
106.600	+7.449e+03	+3.229e+03	+9.636e+03	+0.302
106.700	+8.071e+03	+3.528e+03	+9.516e+03	+0.304
106.800	+4.339e+03	+5.150e+03	+9.783e+03	+0.543
106.900	+3.322e+03	+5.846e+03	+9.966e+03	+0.638
107.000	+2.762e+03	+8.105e+03	+1.047e+04	+0.746
107.100	+2.542e+03	+7.048e+03	+1.070e+04	+0.735
107.200	+2.813e+03	+5.754e+03	+9.760e+03	+0.672
107.300	+3.215e+03	+7.193e+03	+1.044e+04	+0.691
107.400	+4.183e+03	+7.229e+03	+1.062e+04	+0.633
107.500	+2.907e+03	+7.206e+03	+1.097e+04	+0.713
107.600	+1.857e+03	+7.057e+03	+1.095e+04	+0.792
107.700	+3.090e+03	+6.273e+03	+1.014e+04	+0.670
107.800	+3.575e+03	+6.487e+03	+9.718e+03	+0.645
107.900	+1.457e+03	+6.521e+03	+9.795e+03	+0.817
108.000	+3.340e+03	+6.523e+03	+9.903e+03	+0.661
108.100	+4.245e+03	+7.927e+03	+1.020e+04	+0.651
108.200	+2.705e+03	+5.880e+03	+9.712e+03	+0.685
108.300	+2.779e+03	+6.490e+03	+9.272e+03	+0.700
108.400	+4.280e+03	+6.768e+03	+1.192e+04	+0.613
108.500	+3.924e+03	+6.393e+03	+1.097e+04	+0.620
108.600	+3.711e+03	+6.830e+03	+1.046e+04	+0.648
108.700	+1.658e+03	+6.894e+03	+9.845e+03	+0.806
108.800	+5.001e+03	+5.801e+03	+1.120e+04	+0.537
108.900	+3.422e+03	+6.027e+03	+9.164e+03	+0.638
109.000	+3.431e+03	+6.107e+03	+1.095e+04	+0.640
109.100	+4.199e+03	+6.725e+03	+1.203e+04	+0.616
109.200	+3.566e+03	+5.196e+03	+1.021e+04	+0.593
109.300	+4.735e+03	+6.380e+03	+9.104e+03	+0.574
109.400	+3.965e+03	+7.831e+03	+9.074e+03	+0.664
109.500	+4.138e+03	+4.595e+03	+1.091e+04	+0.526
109.600	+7.083e+03	+2.612e+03	+9.917e+03	+0.269
109.700	+6.805e+03	+4.438e+03	+1.090e+04	+0.395
109.800	+6.485e+03	+3.801e+03	+1.102e+04	+0.370
109.900	+5.240e+03	+4.877e+03	+9.661e+03	+0.482
110.000	+3.039e+03	+7.412e+03	+9.837e+03	+0.709
110.100	+4.588e+03	+6.794e+03	+9.690e+03	+0.597
110.200	+7.036e+03	+3.348e+03	+9.544e+03	+0.322
110.300	+6.139e+03	+2.675e+03	+1.064e+04	+0.304
110.400	+5.599e+03	+3.619e+03	+1.038e+04	+0.393
110.500	+6.445e+03	+2.492e+03	+1.096e+04	+0.279
110.600	+8.047e+03	+2.753e+03	+1.104e+04	+0.255
110.700	+8.463e+03	+2.867e+03	+1.207e+04	+0.253
110.800	+6.186e+03	+1.371e+03	+9.006e+03	+0.181
110.900	+7.243e+03	+3.264e+03	+1.019e+04	+0.311
111.000	+7.107e+03	+5.015e+03	+1.029e+04	+0.414
111.100	+6.415e+03	+2.799e+03	+1.042e+04	+0.304
111.200	+7.502e+03	+4.414e+03	+1.011e+04	+0.370
111.300	+6.922e+03	+2.808e+03	+9.208e+03	+0.289
111.400	+6.577e+03	+4.493e+03	+9.999e+03	+0.406
111.500	+7.726e+03	+4.096e+03	+9.953e+03	+0.346
111.600	+6.614e+03	+2.453e+03	+9.372e+03	+0.271
111.700	+7.676e+03	+3.275e+03	+1.268e+04	+0.299
111.800	+8.001e+03	+3.088e+03	+1.051e+04	+0.278
111.900	+6.569e+03	+2.327e+03	+8.960e+03	+0.262
112.000	+7.773e+03	+1.662e+03	+9.973e+03	+0.176
112.100	+6.848e+03	+3.282e+03	+9.331e+03	+0.324
112.200	+5.673e+03	+3.904e+03	+8.733e+03	+0.408
112.300	+6.189e+03	+2.874e+03	+1.006e+04	+0.317
112.400	+7.001e+03	+2.581e+03	+1.027e+04	+0.269
112.500	+6.908e+03	+1.433e+03	+9.994e+03	+0.172
112.600	+7.393e+03	+3.128e+03	+9.559e+03	+0.297
112.700	+7.421e+03	+2.494e+03	+9.508e+03	+0.252
112.800	+7.790e+03	+2.844e+03	+9.092e+03	+0.267
112.900	+7.128e+03	+2.126e+03	+1.046e+04	+0.230
113.000	+6.706e+03	+1.542e+03	+9.193e+03	+0.187
113.100	+6.242e+03	+4.440e+03	+8.321e+03	+0.416
113.200	+6.078e+03	+2.517e+03	+9.799e+03	+0.293
113.300	+6.086e+03	+4.004e+03	+9.452e+03	+0.397
113.400	+8.130e+03	+4.642e+03	+1.017e+04	+0.363
113.500	+6.908e+03	+2.279e+03	+1.010e+04	+0.248
113.600	+6.256e+03	+3.668e+03	+8.342e+03	+0.370
113.700	+7.036e+03	+2.723e+03	+9.693e+03	+0.279
113.800	+7.777e+03	+8.756e+02	+9.669e+03	+0.101
113.900	+6.496e+03	+2.953e+03	+1.045e+04	+0.313
114.000	+8.168e+03	+2.488e+03	+9.123e+03	+0.234
114.100	+7.662e+03	+2.428e+03	+1.013e+04	+0.241
114.200	+7.148e+03	+1.809e+03	+9.112e+03	+0.202
114.300	+7.064e+03	+2.678e+03	+7.940e+03	+0.275
114.400	+8.103e+03	+3.003e+03	+9.487e+03	+0.270
114.500	+7.109e+03	+2.333e+03	+1.044e+04	+0.247
114.600	+9.522e+03	+3.343e+03	+9.824e+03	+0.260
114.700	+7.866e+03	+2.355e+03	+8.630e+03	+0.230
114.800	+6.726e+03	+4.232e+03	+1.010e+04	+0.386
114.900	+3.071e+03	+7.573e+03	+8.824e+03	+0.711
115.000	+4.331e+03	+5.461e+03	+9.261e+03	+0.558
115.100	+3.837e+03	+7.320e+03	+1.026e+04	+0.656
115.200	+3.218e+03	+5.937e+03	+1.058e+04	+0.649
115.300	+3.494e+03	+7.574e+03	+8.708e+03	+0.684
115.400	+2.469e+03	+6.145e+03	+8.733e+03	+0.713
115.500	+9.947e+02	+5.422e+03	+1.058e+04	+0.845
115.600	+2.585e+03	+8.772e+03	+8.868e+03	+0.772
115.700	+1.464e+03	+6.560e+03	+9.663e+03	+0.818
115.800	+3.846e+03	+7.252e+03	+1.007e+04	+0.653
115.900	+3.021e+03	+7.946e+03	+9.871e+03	+0.725
116.000	+2.870e+03	+7.509e+03	+9.663e+03	+0.723
116.100	+3.395e+03	+6.074e+03	+1.113e+04	+0.641
116.200	+6.347e+03	+4.079e+03	+9.262e+03	+0.391
116.300	+5.011e+03	+3.018e+03	+1.074e+04	+0.376
116.400	+6.091e+03	+3.056e+03	+1.069e+04	+0.334
116.500	+7.460e+03	+3.405e+03	+1.025e+04	+0.313
116.600	+6.369e+03	+2.515e+03	+1.073e+04	+0.283
116.700	+4.817e+03	+3.152e+03	+1.160e+04	+0.396
116.800	+6.170e+03	+3.994e+03	+9.147e+03	+0.393
116.900	+8.174e+03	+3.567e+03	+1.086e+04	+0.304
117.000	+5.963e+03	+3.267e+03	+8.872e+03	+0.354
117.100	+6.235e+03	+3.759e+03	+8.984e+03	+0.376
117.200	+8.126e+03	+3.379e+03	+9.295e+03	+0.294
117.300	+5.881e+03	+4.040e+03	+1.016e+04	+0.407
117.400	+6.162e+03	+4.316e+03	+1.123e+04	+0.412
117.500	+7.158e+03	+2.067e+03	+1.081e+04	+0.224
117.600	+7.029e+03	+3.389e+03	+9.731e+03	+0.325
117.700	+2.532e+03	+6.192e+03	+9.872e+03	+0.710
117.800	+3.074e+03	+6.896e+03	+1.059e+04	+0.692
117.900	+3.338e+03	+7.152e+03	+1.056e+04	+0.682
118.000	+3.790e+03	+7.482e+03	+1.037e+04	+0.664
118.100	+2.495e+03	+9.056e+03	+1.036e+04	+0.784
118.200	+3.073e+03	+5.914e+03	+1.035e+04	+0.658
118.300	+6.861e+03	+2.036e+03	+9.025e+03	+0.229
118.400	+7.384e+03	+2.824e+03	+9.948e+03	+0.277
118.500	+7.244e+03	+2.339e+03	+9.200e+03	+0.244
118.600	+5.691e+03	+3.488e+03	+1.048e+04	+0.380
118.700	+2.788e+03	+8.739e+03	+9.494e+03	+0.758
118.800	+3.600e+03	+6.796e+03	+1.076e+04	+0.654
118.900	+4.353e+03	+6.918e+03	+1.052e+04	+0.614
119.000	+2.187e+03	+5.764e+03	+9.658e+03	+0.725
119.100	+3.058e+03	+6.415e+03	+1.124e+04	+0.677
119.200	+2.848e+03	+7.077e+03	+1.041e+04	+0.713
119.300	+2.159e+03	+6.965e+03	+9.771e+03	+0.763
119.400	+2.303e+03	+7.647e+03	+1.056e+04	+0.769
119.500	+3.853e+03	+6.137e+03	+1.039e+04	+0.614
119.600	+2.078e+03	+7.468e+03	+9.902e+03	+0.782
119.700	+2.327e+03	+7.560e+03	+1.033e+04	+0.765
119.800	+4.677e+03	+7.006e+03	+9.702e+03	+0.600
119.900	+4.013e+03	+6.620e+03	+9.158e+03	+0.623
120.000	+1.926e+03	+7.906e+03	+1.036e+04	+0.804
120.100	+3.385e+03	+6.238e+03	+1.026e+04	+0.648
120.200	+2.457e+03	+5.446e+03	+1.065e+04	+0.689
120.300	+2.749e+03	+7.658e+03	+9.652e+03	+0.736
120.400	+2.150e+03	+6.969e+03	+9.687e+03	+0.764
120.500	+2.645e+03	+7.495e+03	+1.058e+04	+0.739
120.600	+2.651e+03	+7.561e+03	+9.645e+03	+0.740
120.700	+2.889e+03	+7.966e+03	+8.914e+03	+0.734
120.800	+3.169e+03	+7.363e+03	+9.731e+03	+0.699
120.900	+1.179e+03	+5.944e+03	+1.066e+04	+0.835
121.000	+1.964e+03	+6.026e+03	+9.791e+03	+0.754
121.100	+2.910e+03	+5.998e+03	+1.081e+04	+0.673
121.200	+4.274e+03	+4.902e+03	+1.095e+04	+0.534
121.300	+6.542e+03	+3.505e+03	+1.095e+04	+0.349
121.400	+7.887e+03	+3.559e+03	+1.071e+04	+0.311
121.500	+7.148e+03	+2.761e+03	+1.019e+04	+0.279
121.600	+7.930e+03	+2.785e+03	+1.032e+04	+0.260
121.700	+2.525e+03	+6.752e+03	+9.813e+03	+0.728
121.800	+3.044e+03	+6.918e+03	+1.011e+04	+0.694
121.900	+1.297e+03	+8.284e+03	+9.528e+03	+0.865
122.000	+4.224e+03	+8.746e+03	+8.903e+03	+0.674
122.100	+3.044e+03	+7.975e+03	+1.000e+04	+0.724
122.200	+7.781e+03	+3.511e+03	+9.750e+03	+0.311
122.300	+6.079e+03	+3.772e+03	+1.028e+04	+0.383
122.400	+7.187e+03	+1.786e+03	+1.104e+04	+0.199
122.500	+6.769e+03	+2.583e+03	+1.010e+04	+0.276
122.600	+6.440e+03	+1.933e+03	+8.437e+03	+0.231
122.700	+7.069e+03	+3.403e+03	+1.105e+04	+0.325
122.800	+8.103e+03	+3.730e+03	+9.400e+03	+0.315
122.900	+7.917e+03	+2.919e+03	+1.107e+04	+0.269
123.000	+7.262e+03	+4.053e+03	+1.007e+04	+0.358
123.100	+7.323e+03	+3.446e+03	+1.108e+04	+0.320
123.200	+7.046e+03	+1.189e+03	+9.919e+03	+0.144
123.300	+5.205e+03	+3.097e+03	+1.011e+04	+0.373
123.400	+6.330e+03	+1.707e+03	+8.491e+03	+0.212
123.500	+7.171e+03	+1.473e+03	+1.142e+04	+0.170
123.600	+7.424e+03	+2.660e+03	+1.027e+04	+0.264
123.700	+6.582e+03	+2.518e+03	+9.696e+03	+0.277
123.800	+6.846e+03	+3.618e+03	+1.044e+04	+0.346
123.900	+8.150e+03	+3.949e+03	+1.088e+04	+0.326
124.000	+6.461e+03	+2.402e+03	+9.127e+03	+0.271
124.100	+7.351e+03	+3.878e+03	+9.725e+03	+0.345
124.200	+6.637e+03	+2.156e+03	+1.064e+04	+0.245
124.300	+6.267e+03	+2.621e+03	+8.675e+03	+0.295
124.400	+6.195e+03	+1.273e+03	+9.727e+03	+0.170
124.500	+7.748e+03	+3.727e+03	+1.086e+04	+0.325
124.600	+6.083e+03	+2.794e+03	+8.599e+03	+0.315
124.700	+7.315e+03	+4.540e+03	+1.031e+04	+0.383
124.800	+7.803e+03	+3.792e+03	+9.596e+03	+0.327
124.900	+6.692e+03	+3.417e+03	+9.794e+03	+0.338
125.000	+8.008e+03	+2.421e+03	+1.018e+04	+0.232
125.100	+6.357e+03	+4.479e+03	+1.026e+04	+0.413
125.200	+7.241e+03	+3.037e+03	+9.666e+03	+0.296
125.300	+8.210e+03	+2.124e+03	+1.088e+04	+0.206
125.400	+6.446e+03	+4.634e+03	+1.133e+04	+0.418
125.500	+3.961e+03	+7.167e+03	+9.911e+03	+0.644
125.600	+4.437e+03	+6.424e+03	+9.255e+03	+0.591
125.700	+3.143e+03	+6.568e+03	+9.666e+03	+0.676
125.800	+1.803e+03	+6.751e+03	+9.513e+03	+0.789
125.900	+2.195e+03	+6.029e+03	+1.128e+04	+0.733
126.000	+6.559e+03	+3.531e+03	+1.003e+04	+0.350
126.100	+6.923e+03	+1.125e+03	+9.321e+03	+0.140
126.200	+5.442e+03	+4.896e+03	+1.009e+04	+0.474
126.300	+7.876e+03	+2.850e+03	+9.282e+03	+0.266
126.400	+8.097e+03	+3.275e+03	+9.895e+03	+0.288
126.500	+6.891e+03	+3.219e+03	+9.034e+03	+0.318
126.600	+7.270e+03	+5.169e+03	+1.090e+04	+0.416
126.700	+8.226e+03	+3.631e+03	+1.072e+04	+0.306
126.800	+7.908e+03	+3.708e+03	+8.924e+03	+0.319
126.900	+6.025e+03	+3.605e+03	+9.237e+03	+0.374
127.000	+7.262e+03	+4.094e+03	+1.050e+04	+0.361
127.100	+8.338e+03	+2.547e+03	+1.004e+04	+0.234
127.200	+7.033e+03	+3.261e+03	+1.078e+04	+0.317
127.300	+6.466e+03	+2.336e+03	+1.047e+04	+0.265
127.400	+7.512e+03	+3.864e+03	+1.179e+04	+0.340
127.500	+7.969e+03	+2.718e+03	+1.069e+04	+0.254
127.600	+7.478e+03	+2.916e+03	+1.060e+04	+0.281
127.700	+7.858e+03	+2.170e+03	+1.052e+04	+0.216
127.800	+8.116e+03	+3.336e+03	+8.878e+03	+0.291
127.900	+7.529e+03	+2.812e+03	+1.020e+04	+0.272
128.000	+8.205e+03	+2.574e+03	+9.863e+03	+0.239
128.100	+6.209e+03	+5.105e+03	+1.010e+04	+0.451
128.200	+2.199e+03	+6.187e+03	+9.960e+03	+0.738
128.300	+2.569e+03	+7.780e+03	+1.078e+04	+0.752
128.400	+3.064e+03	+7.048e+03	+9.483e+03	+0.697
128.500	+3.519e+03	+7.878e+03	+9.783e+03	+0.691
128.600	+6.431e+03	+4.605e+03	+1.081e+04	+0.417
128.700	+7.411e+03	+2.900e+03	+9.201e+03	+0.281
128.800	+3.721e+03	+5.293e+03	+1.021e+04	+0.587
128.900	+5.399e+03	+3.282e+03	+9.529e+03	+0.378
129.000	+7.403e+03	+2.811e+03	+9.825e+03	+0.275
129.100	+5.867e+03	+2.850e+03	+1.035e+04	+0.327
129.200	+7.716e+03	+3.963e+03	+8.697e+03	+0.339
129.300	+6.955e+03	+3.583e+03	+9.716e+03	+0.340
129.400	+5.653e+03	+5.373e+03	+9.159e+03	+0.487
129.500	+4.046e+03	+5.913e+03	+1.026e+04	+0.594
129.600	+2.900e+03	+7.748e+03	+1.121e+04	+0.728
129.700	+2.263e+03	+6.897e+03	+9.869e+03	+0.753
129.800	+3.814e+03	+5.682e+03	+9.156e+03	+0.598
129.900	+2.152e+03	+6.579e+03	+1.004e+04	+0.754
130.000	+2.728e+03	+7.449e+03	+1.003e+04	+0.732
130.100	+1.741e+03	+7.231e+03	+8.982e+03	+0.806
130.200	+3.153e+03	+6.515e+03	+1.022e+04	+0.674
130.300	+3.950e+03	+7.503e+03	+9.730e+03	+0.655
130.400	+2.646e+03	+7.267e+03	+9.594e+03	+0.733
130.500	+2.644e+03	+6.425e+03	+1.069e+04	+0.708
130.600	+2.903e+03	+7.640e+03	+8.240e+03	+0.725
130.700	+2.966e+03	+7.522e+03	+1.001e+04	+0.717
130.800	+2.537e+03	+6.331e+03	+9.566e+03	+0.714
130.900	+4.517e+03	+6.395e+03	+1.087e+04	+0.586
131.000	+2.057e+03	+8.475e+03	+9.210e+03	+0.805
131.100	+2.820e+03	+6.166e+03	+1.068e+04	+0.686
131.200	+3.846e+03	+7.429e+03	+8.982e+03	+0.659
131.300	+2.881e+03	+7.423e+03	+1.088e+04	+0.720
131.400	+2.106e+03	+6.981e+03	+9.836e+03	+0.768
131.500	+4.321e+03	+6.346e+03	+9.173e+03	+0.595
131.600	+8.279e+03	+1.978e+03	+9.881e+03	+0.193
131.700	+6.789e+03	+2.695e+03	+1.005e+04	+0.284
131.800	+6.620e+03	+2.877e+03	+1.049e+04	+0.303
131.900	+6.930e+03	+1.912e+03	+8.301e+03	+0.216
132.000	+8.522e+03	+1.879e+03	+1.061e+04	+0.181
132.100	+7.419e+03	+2.812e+03	+9.556e+03	+0.275
132.200	+7.932e+03	+3.535e+03	+1.078e+04	+0.308
132.300	+7.235e+03	+4.899e+03	+1.126e+04	+0.404
132.400	+6.020e+03	+2.839e+03	+1.038e+04	+0.320
132.500	+7.268e+03	+3.745e+03	+8.589e+03	+0.340
132.600	+8.551e+03	+3.633e+03	+9.142e+03	+0.298
132.700	+7.196e+03	+3.204e+03	+9.879e+03	+0.308
132.800	+5.709e+03	+3.961e+03	+9.679e+03	+0.410
132.900	+5.059e+03	+3.266e+03	+1.042e+04	+0.392
133.000	+1.574e+03	+7.972e+03	+9.658e+03	+0.835
133.100	+2.722e+03	+6.636e+03	+1.014e+04	+0.709
133.200	+3.106e+03	+6.658e+03	+1.047e+04	+0.682
133.300	+4.817e+03	+6.545e+03	+9.044e+03	+0.576
133.400	+2.924e+03	+6.621e+03	+1.076e+04	+0.694
133.500	+1.729e+03	+7.462e+03	+1.012e+04	+0.812
133.600	+3.057e+03	+8.065e+03	+9.481e+03	+0.725
133.700	+2.114e+03	+6.831e+03	+9.206e+03	+0.764
133.800	+3.905e+03	+7.621e+03	+1.049e+04	+0.661
133.900	+3.563e+03	+7.539e+03	+1.006e+04	+0.679
134.000	+2.491e+03	+6.665e+03	+9.997e+03	+0.728
134.100	+2.742e+03	+7.698e+03	+8.971e+03	+0.737
134.200	+2.940e+03	+8.248e+03	+9.894e+03	+0.737
134.300	+2.862e+03	+8.455e+03	+1.032e+04	+0.747
134.400	+4.859e+03	+6.810e+03	+1.104e+04	+0.584
134.500	+1.888e+03	+7.523e+03	+9.624e+03	+0.799
134.600	+3.707e+03	+8.401e+03	+1.165e+04	+0.694
134.700	+2.683e+03	+6.479e+03	+1.007e+04	+0.707
134.800	+2.209e+03	+5.327e+03	+9.620e+03	+0.707
134.900	+6.045e+03	+3.591e+03	+8.954e+03	+0.373
135.000	+7.171e+03	+3.013e+03	+9.823e+03	+0.296
135.100	+6.251e+03	+1.818e+03	+8.835e+03	+0.225
135.200	+5.914e+03	+4.323e+03	+9.980e+03	+0.422
135.300	+6.968e+03	+1.277e+03	+8.483e+03	+0.155
135.400	+5.751e+03	+4.460e+03	+1.128e+04	+0.437
135.500	+7.571e+03	+3.593e+03	+1.020e+04	+0.322
135.600	+6.640e+03	+4.873e+03	+9.345e+03	+0.423
135.700	+2.904e+03	+7.079e+03	+9.745e+03	+0.709
135.800	+2.614e+03	+5.267e+03	+9.730e+03	+0.668
135.900	+1.797e+03	+7.088e+03	+9.678e+03	+0.798
136.000	+3.566e+03	+7.700e+03	+1.023e+04	+0.683
136.100	+3.274e+03	+7.647e+03	+9.962e+03	+0.700
136.200	+3.751e+03	+6.463e+03	+1.021e+04	+0.633
136.300	+1.060e+03	+7.754e+03	+9.041e+03	+0.880
136.400	+2.510e+03	+7.597e+03	+1.023e+04	+0.752
136.500	+2.955e+03	+8.130e+03	+1.023e+04	+0.733
136.600	+2.390e+03	+5.834e+03	+9.921e+03	+0.709
136.700	+2.094e+03	+7.968e+03	+1.036e+04	+0.792
136.800	+2.712e+03	+6.590e+03	+9.724e+03	+0.708
136.900	+3.807e+03	+8.292e+03	+9.239e+03	+0.685
137.000	+2.568e+03	+8.020e+03	+1.164e+04	+0.757
137.100	+1.930e+03	+6.269e+03	+9.298e+03	+0.765
137.200	+2.796e+03	+7.512e+03	+8.839e+03	+0.729
137.300	+4.346e+03	+5.707e+03	+1.022e+04	+0.568
137.400	+2.286e+03	+7.032e+03	+1.017e+04	+0.755
137.500	+2.683e+03	+6.899e+03	+1.110e+04	+0.720
137.600	+3.521e+03	+6.855e+03	+1.044e+04	+0.661
137.700	+3.125e+03	+7.575e+03	+1.019e+04	+0.708
137.800	+3.104e+03	+7.168e+03	+1.071e+04	+0.698
137.900	+3.766e+03	+6.980e+03	+9.369e+03	+0.650
138.000	+3.431e+03	+6.940e+03	+1.010e+04	+0.669
138.100	+6.736e+03	+4.082e+03	+1.044e+04	+0.377
138.200	+4.181e+03	+5.548e+03	+9.472e+03	+0.570
138.300	+4.027e+03	+9.155e+03	+1.162e+04	+0.694
138.400	+2.973e+03	+6.933e+03	+9.626e+03	+0.700
138.500	+1.606e+03	+7.183e+03	+9.943e+03	+0.817
138.600	+4.438e+03	+7.137e+03	+9.618e+03	+0.617
138.700	+2.326e+03	+8.493e+03	+1.005e+04	+0.785
138.800	+3.252e+03	+6.144e+03	+1.004e+04	+0.654
138.900	+3.606e+03	+6.691e+03	+9.649e+03	+0.650
139.000	+7.041e+03	+3.232e+03	+1.120e+04	+0.315
139.100	+4.174e+03	+7.146e+03	+9.722e+03	+0.631
139.200	+4.079e+03	+5.787e+03	+9.974e+03	+0.587
139.300	+2.843e+03	+5.625e+03	+1.075e+04	+0.664
139.400	+3.457e+03	+6.410e+03	+1.020e+04	+0.650
139.500	+2.797e+03	+6.768e+03	+1.021e+04	+0.708
139.600	+5.371e+03	+4.878e+03	+9.182e+03	+0.476
139.700	+4.942e+03	+2.360e+03	+1.115e+04	+0.323
139.800	+5.620e+03	+3.357e+03	+9.252e+03	+0.374
139.900	+7.795e+03	+1.433e+03	+1.042e+04	+0.155
140.000	+7.632e+03	+2.477e+03	+1.047e+04	+0.245
140.100	+7.561e+03	+1.936e+03	+1.051e+04	+0.204
140.200	+7.461e+03	+3.786e+03	+1.038e+04	+0.337
140.300	+6.049e+03	+2.953e+03	+9.342e+03	+0.328
140.400	+2.997e+03	+6.279e+03	+9.875e+03	+0.677
140.500	+3.634e+03	+7.395e+03	+1.030e+04	+0.670
140.600	+2.052e+03	+6.010e+03	+1.082e+04	+0.745
140.700	+3.496e+03	+6.090e+03	+8.511e+03	+0.635
140.800	+8.073e+03	+2.586e+03	+1.065e+04	+0.243
140.900	+7.438e+03	+2.776e+03	+9.230e+03	+0.272
141.000	+7.183e+03	+2.289e+03	+9.676e+03	+0.242
141.100	+6.763e+03	+2.638e+03	+9.990e+03	+0.281
141.200	+9.208e+03	+3.787e+03	+1.094e+04	+0.291
141.300	+7.464e+03	+3.398e+03	+9.653e+03	+0.313
141.400	+7.308e+03	+4.168e+03	+9.841e+03	+0.363
141.500	+7.379e+03	+2.569e+03	+1.066e+04	+0.258
141.600	+6.739e+03	+3.605e+03	+1.017e+04	+0.348
141.700	+8.152e+03	+2.040e+03	+9.707e+03	+0.200
141.800	+7.979e+03	+2.812e+03	+1.051e+04	+0.261
141.900	+5.981e+03	+3.328e+03	+9.595e+03	+0.358
142.000	+6.258e+03	+4.022e+03	+1.064e+04	+0.391
142.100	+6.108e+03	+2.093e+03	+9.860e+03	+0.255
142.200	+7.127e+03	+3.452e+03	+9.194e+03	+0.326
142.300	+6.474e+03	+2.873e+03	+9.970e+03	+0.307
142.400	+7.431e+03	+3.717e+03	+1.024e+04	+0.333
142.500	+6.062e+03	+4.091e+03	+1.203e+04	+0.403
142.600	+7.308e+03	+1.997e+03	+1.004e+04	+0.215
142.700	+5.749e+03	+2.452e+03	+9.886e+03	+0.299
142.800	+7.695e+03	+3.392e+03	+9.605e+03	+0.306
142.900	+6.915e+03	+1.639e+03	+8.491e+03	+0.192
143.000	+7.428e+03	+3.078e+03	+1.062e+04	+0.293
143.100	+6.832e+03	+2.839e+03	+1.115e+04	+0.294
143.200	+5.266e+03	+3.140e+03	+1.159e+04	+0.374
143.300	+7.283e+03	+1.557e+03	+9.293e+03	+0.176
143.400	+7.179e+03	+3.537e+03	+1.069e+04	+0.330
143.500	+8.084e+03	+4.010e+03	+1.064e+04	+0.332
143.600	+7.724e+03	+1.614e+03	+9.060e+03	+0.173
143.700	+6.899e+03	+2.553e+03	+9.480e+03	+0.270
143.800	+7.481e+03	+3.196e+03	+8.938e+03	+0.299
143.900	+6.780e+03	+4.735e+03	+9.852e+03	+0.411
144.000	+2.617e+03	+7.922e+03	+8.994e+03	+0.752
144.100	+3.819e+03	+7.649e+03	+1.030e+04	+0.667
144.200	+2.419e+03	+5.680e+03	+1.036e+04	+0.701
144.300	+2.832e+03	+6.343e+03	+1.101e+04	+0.691
144.400	+1.988e+03	+7.318e+03	+1.107e+04	+0.786
144.500	+2.937e+03	+7.527e+03	+1.081e+04	+0.719
144.600	+2.447e+03	+6.128e+03	+8.511e+03	+0.715
144.700	+1.951e+03	+7.674e+03	+9.522e+03	+0.797
144.800	+3.932e+03	+7.109e+03	+9.454e+03	+0.644
144.900	+2.741e+03	+6.569e+03	+1.098e+04	+0.706
145.000	+2.226e+03	+7.041e+03	+9.697e+03	+0.760
145.100	+9.165e+02	+7.162e+03	+1.016e+04	+0.887
145.200	+3.646e+03	+7.233e+03	+8.723e+03	+0.665
145.300	+2.026e+03	+7.155e+03	+9.567e+03	+0.779
145.400	+3.260e+03	+6.496e+03	+8.436e+03	+0.666
145.500	+1.770e+03	+8.643e+03	+1.103e+04	+0.830
145.600	+2.718e+03	+7.712e+03	+1.047e+04	+0.739
145.700	+2.165e+03	+6.171e+03	+1.155e+04	+0.740
145.800	+3.461e+03	+7.351e+03	+9.704e+03	+0.680
145.900	+3.993e+03	+7.993e+03	+1.017e+04	+0.667
146.000	+3.536e+03	+5.763e+03	+1.029e+04	+0.620
146.100	+2.440e+03	+6.310e+03	+1.066e+04	+0.721
146.200	+2.711e+03	+7.075e+03	+9.428e+03	+0.723
146.300	+2.840e+03	+7.661e+03	+1.063e+04	+0.730
146.400	+3.327e+03	+6.916e+03	+1.036e+04	+0.675
146.500	+3.617e+03	+7.518e+03	+1.028e+04	+0.675
146.600	+2.870e+03	+6.331e+03	+8.385e+03	+0.688
146.700	+3.769e+03	+7.219e+03	+1.104e+04	+0.657
146.800	+2.228e+03	+7.810e+03	+1.043e+04	+0.778
146.900	+2.880e+03	+6.222e+03	+9.938e+03	+0.684
147.000	+4.476e+03	+6.201e+03	+9.651e+03	+0.581
147.100	+4.553e+03	+6.505e+03	+1.020e+04	+0.588
147.200	+2.577e+03	+6.538e+03	+8.748e+03	+0.717
147.300	+3.010e+03	+6.980e+03	+9.399e+03	+0.699
147.400	+3.315e+03	+5.833e+03	+9.384e+03	+0.638
147.500	+1.985e+03	+6.348e+03	+9.005e+03	+0.762
147.600	+2.614e+03	+6.322e+03	+1.035e+04	+0.707
147.700	+1.563e+03	+7.566e+03	+1.053e+04	+0.829
147.800	+3.019e+03	+5.510e+03	+9.833e+03	+0.646
147.900	+2.648e+03	+7.218e+03	+1.021e+04	+0.732
148.000	+2.400e+03	+8.074e+03	+1.020e+04	+0.771
148.100	+2.321e+03	+8.581e+03	+9.992e+03	+0.787
148.200	+2.927e+03	+6.306e+03	+9.458e+03	+0.683
148.300	+4.839e+03	+5.848e+03	+1.204e+04	+0.547
148.400	+3.154e+03	+5.972e+03	+8.965e+03	+0.654
148.500	+2.658e+03	+7.455e+03	+8.006e+03	+0.737
148.600	+2.788e+03	+7.365e+03	+1.053e+04	+0.725
148.700	+2.547e+03	+6.457e+03	+1.004e+04	+0.717
148.800	+3.226e+03	+4.851e+03	+8.772e+03	+0.601
148.900	+2.549e+03	+5.704e+03	+9.676e+03	+0.691
149.000	+1.432e+03	+6.454e+03	+1.001e+04	+0.818
149.100	+2.754e+03	+7.358e+03	+1.043e+04	+0.728
149.200	+3.170e+03	+6.299e+03	+9.781e+03	+0.665
149.300	+2.882e+03	+8.000e+03	+9.123e+03	+0.735
149.400	+2.958e+03	+6.001e+03	+9.228e+03	+0.670
149.500	+4.285e+03	+7.408e+03	+1.071e+04	+0.634
149.600	+1.958e+03	+7.899e+03	+8.804e+03	+0.801
149.700	+2.632e+03	+5.566e+03	+9.646e+03	+0.679
149.800	+3.658e+03	+7.456e+03	+1.116e+04	+0.671
149.900	+3.308e+03	+6.610e+03	+9.301e+03	+0.666
150.000	+3.998e+03	+6.410e+03	+9.115e+03	+0.616
150.100	+2.828e+03	+7.578e+03	+1.148e+04	+0.728
150.200	+7.131e+03	+2.410e+03	+9.794e+03	+0.253
150.300	+6.701e+03	+3.955e+03	+1.014e+04	+0.371
150.400	+8.056e+03	+2.519e+03	+8.501e+03	+0.238
150.500	+7.403e+03	+3.103e+03	+9.357e+03	+0.295
150.600	+7.377e+03	+3.605e+03	+9.086e+03	+0.328
150.700	+6.464e+03	+3.507e+03	+1.056e+04	+0.352
150.800	+5.327e+03	+2.640e+03	+1.189e+04	+0.331
150.900	+7.358e+03	+2.209e+03	+1.201e+04	+0.231
151.000	+7.309e+03	+3.054e+03	+1.029e+04	+0.295
151.100	+7.520e+03	+3.136e+03	+1.062e+04	+0.294
151.200	+7.304e+03	+2.839e+03	+9.769e+03	+0.280
151.300	+7.533e+03	+2.505e+03	+1.047e+04	+0.250
151.400	+6.111e+03	+4.456e+03	+1.021e+04	+0.422
151.500	+6.787e+03	+3.139e+03	+8.213e+03	+0.316
151.600	+8.025e+03	+3.288e+03	+9.748e+03	+0.291
151.700	+5.991e+03	+3.429e+03	+9.909e+03	+0.364
151.800	+6.720e+03	+3.331e+03	+9.339e+03	+0.331
151.900	+5.816e+03	+3.126e+03	+1.147e+04	+0.350
152.000	+6.695e+03	+3.150e+03	+9.456e+03	+0.320
152.100	+6.705e+03	+2.260e+03	+1.110e+04	+0.252
152.200	+5.507e+03	+3.621e+03	+9.321e+03	+0.397
152.300	+6.998e+03	+3.418e+03	+1.019e+04	+0.328
152.400	+7.794e+03	+1.833e+03	+9.855e+03	+0.190
152.500	+7.231e+03	+2.001e+03	+8.144e+03	+0.217
152.600	+6.867e+03	+1.816e+03	+9.924e+03	+0.209
152.700	+6.628e+03	+2.454e+03	+7.877e+03	+0.270
152.800	+5.963e+03	+3.097e+03	+1.045e+04	+0.342
152.900	+7.648e+03	+4.038e+03	+9.527e+03	+0.346
153.000	+7.668e+03	+4.085e+03	+9.663e+03	+0.348
153.100	+6.420e+03	+2.890e+03	+1.064e+04	+0.310
153.200	+4.164e+03	+5.112e+03	+9.602e+03	+0.551
153.300	+2.510e+03	+7.834e+03	+1.068e+04	+0.757
153.400	+4.138e+03	+6.128e+03	+1.025e+04	+0.597
153.500	+2.540e+03	+6.209e+03	+1.047e+04	+0.710
153.600	+1.807e+03	+6.935e+03	+9.857e+03	+0.793
153.700	+3.550e+03	+5.926e+03	+1.030e+04	+0.625
153.800	+3.222e+03	+7.678e+03	+1.020e+04	+0.704
153.900	+2.981e+03	+6.803e+03	+1.026e+04	+0.695
154.000	+5.313e+03	+5.864e+03	+1.104e+04	+0.525
154.100	+2.076e+03	+6.785e+03	+9.984e+03	+0.766
154.200	+4.753e+03	+6.932e+03	+1.052e+04	+0.593
154.300	+3.683e+03	+6.202e+03	+1.069e+04	+0.627
154.400	+3.231e+03	+7.095e+03	+8.683e+03	+0.687
154.500	+4.661e+03	+7.595e+03	+1.045e+04	+0.620
154.600	+2.557e+03	+7.424e+03	+9.353e+03	+0.744
154.700	+3.981e+03	+6.593e+03	+1.078e+04	+0.623
154.800	+1.849e+03	+7.461e+03	+9.617e+03	+0.801
154.900	+3.422e+03	+7.705e+03	+9.328e+03	+0.692
155.000	+3.380e+03	+8.775e+03	+1.070e+04	+0.722
155.100	+4.436e+03	+6.515e+03	+9.543e+03	+0.595
155.200	+6.542e+03	+4.061e+03	+1.085e+04	+0.383
155.300	+8.647e+03	+1.775e+03	+1.017e+04	+0.170
155.400	+7.957e+03	+3.694e+03	+7.976e+03	+0.317
155.500	+5.938e+03	+3.006e+03	+1.026e+04	+0.336
155.600	+7.497e+03	+3.692e+03	+1.021e+04	+0.330
155.700	+5.544e+03	+2.860e+03	+9.430e+03	+0.340
155.800	+7.154e+03	+3.054e+03	+7.934e+03	+0.299
155.900	+6.180e+03	+2.971e+03	+9.850e+03	+0.325
156.000	+3.223e+03	+5.819e+03	+1.042e+04	+0.644
156.100	+3.336e+03	+6.022e+03	+9.871e+03	+0.644
156.200	+3.694e+03	+8.044e+03	+9.713e+03	+0.685
156.300	+1.413e+03	+6.538e+03	+9.841e+03	+0.822
156.400	+3.763e+03	+5.151e+03	+9.649e+03	+0.578
156.500	+2.944e+03	+6.513e+03	+9.972e+03	+0.689
156.600	+4.280e+03	+8.207e+03	+8.953e+03	+0.657
156.700	+3.581e+03	+6.806e+03	+1.066e+04	+0.655
156.800	+3.136e+03	+7.643e+03	+1.000e+04	+0.709
156.900	+3.380e+03	+7.866e+03	+9.126e+03	+0.699
157.000	+2.289e+03	+6.758e+03	+1.002e+04	+0.747
157.100	+2.106e+03	+6.419e+03	+8.899e+03	+0.753
157.200	+2.913e+03	+6.563e+03	+1.072e+04	+0.693
157.300	+4.285e+03	+6.291e+03	+8.861e+03	+0.595
157.400	+2.146e+03	+6.859e+03	+1.067e+04	+0.762
157.500	+2.478e+03	+6.587e+03	+8.489e+03	+0.727
157.600	+3.964e+03	+5.903e+03	+1.072e+04	+0.598
157.700	+2.747e+03	+7.051e+03	+9.429e+03	+0.720
157.800	+4.096e+03	+8.104e+03	+1.031e+04	+0.664
157.900	+3.148e+03	+7.349e+03	+9.979e+03	+0.700
158.000	+3.022e+03	+7.654e+03	+1.113e+04	+0.717
158.100	+3.142e+03	+7.128e+03	+8.030e+03	+0.694
158.200	+3.220e+03	+7.309e+03	+9.243e+03	+0.694
158.300	+3.647e+03	+5.034e+03	+1.066e+04	+0.580
158.400	+2.530e+03	+7.307e+03	+9.836e+03	+0.743
158.500	+2.235e+03	+5.626e+03	+9.821e+03	+0.716
158.600	+4.243e+03	+5.807e+03	+9.302e+03	+0.578
158.700	+2.999e+03	+7.424e+03	+1.027e+04	+0.712
158.800	+4.016e+03	+7.120e+03	+1.131e+04	+0.639
158.900	+2.914e+03	+8.215e+03	+1.034e+04	+0.738
159.000	+3.182e+03	+7.510e+03	+9.867e+03	+0.702
159.100	+2.649e+03	+6.160e+03	+1.043e+04	+0.699
159.200	+1.297e+03	+8.091e+03	+1.002e+04	+0.862
159.300	+1.935e+03	+6.602e+03	+1.029e+04	+0.773
159.400	+2.821e+03	+6.327e+03	+9.492e+03	+0.692
159.500	+3.312e+03	+6.883e+03	+1.004e+04	+0.675
159.600	+3.095e+03	+6.074e+03	+9.549e+03	+0.662
159.700	+3.338e+03	+6.635e+03	+1.044e+04	+0.665
159.800	+2.074e+03	+8.192e+03	+1.007e+04	+0.798
159.900	+2.877e+03	+6.452e+03	+9.359e+03	+0.692
160.000	+5.280e+03	+4.723e+03	+1.027e+04	+0.472
160.100	+6.207e+03	+2.985e+03	+9.630e+03	+0.325
160.200	+7.585e+03	+3.708e+03	+9.315e+03	+0.328
160.300	+6.565e+03	+3.716e+03	+1.028e+04	+0.361
160.400	+8.108e+03	+2.820e+03	+1.097e+04	+0.258
160.500	+6.136e+03	+2.637e+03	+8.851e+03	+0.301
160.600	+7.928e+03	+2.919e+03	+8.679e+03	+0.269
160.700	+5.802e+03	+3.742e+03	+9.479e+03	+0.392
160.800	+8.559e+03	+3.408e+03	+1.033e+04	+0.285
160.900	+6.446e+03	+2.508e+03	+9.674e+03	+0.280
161.000	+7.096e+03	+4.336e+03	+1.140e+04	+0.379
161.100	+4.219e+03	+5.446e+03	+8.770e+03	+0.563
161.200	+5.332e+03	+5.855e+03	+9.603e+03	+0.523
161.300	+6.128e+03	+4.601e+03	+9.672e+03	+0.429
161.400	+6.471e+03	+4.614e+03	+9.503e+03	+0.416
161.500	+5.976e+03	+3.976e+03	+1.015e+04	+0.400
161.600	+7.980e+03	+2.606e+03	+9.468e+03	+0.246
161.700	+8.572e+03	+3.156e+03	+1.002e+04	+0.269
161.800	+7.284e+03	+2.595e+03	+9.188e+03	+0.263
161.900	+6.991e+03	+1.488e+03	+9.878e+03	+0.176
162.000	+7.349e+03	+2.839e+03	+1.154e+04	+0.279
162.100	+5.450e+03	+2.216e+03	+1.122e+04	+0.289
162.200	+7.034e+03	+2.611e+03	+9.584e+03	+0.271
162.300	+7.661e+03	+1.589e+03	+8.569e+03	+0.172
162.400	+6.558e+03	+3.031e+03	+1.187e+04	+0.316
162.500	+7.652e+03	+1.699e+03	+1.050e+04	+0.182
162.600	+5.245e+03	+2.463e+03	+9.800e+03	+0.320
162.700	+4.451e+03	+6.206e+03	+9.906e+03	+0.582
162.800	+2.771e+03	+5.374e+03	+1.078e+04	+0.660
162.900	+2.492e+03	+7.401e+03	+1.098e+04	+0.748
163.000	+3.571e+03	+6.595e+03	+8.581e+03	+0.649
163.100	+1.936e+03	+7.362e+03	+1.030e+04	+0.792
163.200	+2.762e+03	+7.635e+03	+1.152e+04	+0.734
163.300	+4.076e+03	+6.100e+03	+1.003e+04	+0.599
163.400	+2.522e+03	+7.192e+03	+9.991e+03	+0.740
163.500	+4.561e+03	+7.065e+03	+1.007e+04	+0.608
163.600	+3.357e+03	+7.001e+03	+1.189e+04	+0.676
163.700	+3.642e+03	+5.876e+03	+1.057e+04	+0.617
163.800	+2.547e+03	+7.230e+03	+9.494e+03	+0.739
163.900	+2.603e+03	+6.504e+03	+8.688e+03	+0.714
164.000	+1.582e+03	+7.357e+03	+8.575e+03	+0.823
164.100	+2.529e+03	+6.900e+03	+9.577e+03	+0.732
164.200	+2.904e+03	+7.259e+03	+1.017e+04	+0.714
164.300	+2.337e+03	+7.116e+03	+9.652e+03	+0.753
164.400	+5.793e+03	+3.032e+03	+1.019e+04	+0.344
164.500	+7.510e+03	+2.585e+03	+8.650e+03	+0.256
164.600	+4.624e+03	+5.002e+03	+1.038e+04	+0.520
164.700	+1.587e+03	+7.190e+03	+9.706e+03	+0.819
164.800	+2.177e+03	+7.646e+03	+1.074e+04	+0.778
164.900	+3.961e+03	+7.026e+03	+9.156e+03	+0.639
165.000	+3.035e+03	+7.305e+03	+1.058e+04	+0.706
165.100	+1.668e+03	+8.842e+03	+8.405e+03	+0.841
165.200	+2.541e+03	+7.829e+03	+1.033e+04	+0.755
165.300	+3.844e+03	+6.294e+03	+1.042e+04	+0.621
165.400	+3.860e+03	+6.750e+03	+8.630e+03	+0.636
165.500	+2.877e+03	+5.770e+03	+8.983e+03	+0.667
165.600	+2.680e+03	+5.580e+03	+1.078e+04	+0.676
165.700	+2.950e+03	+6.687e+03	+1.113e+04	+0.694
165.800	+2.929e+03	+5.954e+03	+9.027e+03	+0.670
165.900	+4.191e+03	+7.217e+03	+9.990e+03	+0.633
166.000	+2.227e+03	+6.488e+03	+1.094e+04	+0.744
166.100	+2.447e+03	+6.586e+03	+1.021e+04	+0.729
166.200	+3.242e+03	+6.049e+03	+9.125e+03	+0.651
166.300	+3.736e+03	+6.166e+03	+9.637e+03	+0.623
166.400	+3.658e+03	+6.535e+03	+9.563e+03	+0.641
166.500	+3.379e+03	+6.752e+03	+9.856e+03	+0.667
166.600	+3.204e+03	+6.342e+03	+1.070e+04	+0.664
166.700	+3.483e+03	+6.674e+03	+9.666e+03	+0.657
166.800	+3.051e+03	+7.354e+03	+1.039e+04	+0.707
166.900	+2.496e+03	+7.449e+03	+1.015e+04	+0.749
167.000	+2.789e+03	+7.271e+03	+1.140e+04	+0.723
167.100	+3.053e+03	+7.525e+03	+1.085e+04	+0.711
167.200	+3.585e+03	+7.964e+03	+1.004e+04	+0.690
167.300	+3.899e+03	+7.308e+03	+1.059e+04	+0.652
167.400	+2.591e+03	+6.848e+03	+1.257e+04	+0.725
167.500	+2.367e+03	+7.472e+03	+9.081e+03	+0.759
167.600	+2.824e+03	+6.720e+03	+9.772e+03	+0.704
167.700	+3.275e+03	+7.389e+03	+8.894e+03	+0.693
167.800	+4.460e+03	+5.915e+03	+9.840e+03	+0.570
167.900	+3.700e+03	+5.483e+03	+1.048e+04	+0.597
168.000	+2.519e+03	+6.564e+03	+1.030e+04	+0.723
168.100	+1.985e+03	+7.838e+03	+8.514e+03	+0.798
168.200	+3.146e+03	+6.652e+03	+9.859e+03	+0.679
168.300	+2.425e+03	+6.777e+03	+1.096e+04	+0.736
168.400	+2.944e+03	+7.358e+03	+9.720e+03	+0.714
168.500	+2.618e+03	+8.637e+03	+9.166e+03	+0.767
168.600	+4.416e+03	+7.294e+03	+9.738e+03	+0.623
168.700	+4.068e+03	+8.244e+03	+1.096e+04	+0.670
168.800	+2.897e+03	+7.121e+03	+1.000e+04	+0.711
168.900	+1.909e+03	+6.945e+03	+1.042e+04	+0.784
169.000	+3.252e+03	+7.083e+03	+9.310e+03	+0.685
169.100	+3.634e+03	+6.873e+03	+8.876e+03	+0.654
169.200	+2.026e+03	+6.523e+03	+9.714e+03	+0.763
169.300	+1.729e+03	+7.654e+03	+9.931e+03	+0.816
169.400	+2.422e+03	+7.306e+03	+1.079e+04	+0.751
169.500	+4.614e+03	+5.369e+03	+1.015e+04	+0.538
169.600	+7.695e+03	+5.133e+03	+1.020e+04	+0.400
169.700	+6.889e+03	+2.333e+03	+9.768e+03	+0.253
169.800	+7.510e+03	+3.581e+03	+1.036e+04	+0.323
169.900	+5.033e+03	+4.166e+03	+1.011e+04	+0.453
170.000	+2.562e+03	+6.677e+03	+9.800e+03	+0.723
170.100	+3.107e+03	+6.607e+03	+1.056e+04	+0.680
170.200	+6.151e+03	+3.696e+03	+9.898e+03	+0.375
170.300	+2.219e+03	+6.592e+03	+9.857e+03	+0.748
170.400	+2.197e+03	+7.398e+03	+8.902e+03	+0.771
170.500	+2.638e+03	+7.010e+03	+1.117e+04	+0.727
170.600	+1.906e+03	+6.520e+03	+9.482e+03	+0.774
170.700	+3.613e+03	+7.636e+03	+9.413e+03	+0.679
170.800	+1.756e+03	+6.850e+03	+8.757e+03	+0.796
170.900	+3.953e+03	+6.613e+03	+9.884e+03	+0.626
171.000	+4.419e+03	+6.776e+03	+1.047e+04	+0.605
171.100	+1.638e+03	+7.551e+03	+1.045e+04	+0.822
171.200	+3.635e+03	+6.219e+03	+9.110e+03	+0.631
171.300	+1.382e+03	+7.032e+03	+8.546e+03	+0.836
171.400	+2.458e+03	+6.401e+03	+1.077e+04	+0.723
171.500	+2.790e+03	+6.720e+03	+1.126e+04	+0.707
171.600	+2.882e+03	+5.882e+03	+1.004e+04	+0.671
171.700	+2.992e+03	+5.495e+03	+1.149e+04	+0.647
171.800	+4.007e+03	+6.880e+03	+1.058e+04	+0.632
171.900	+3.840e+03	+7.167e+03	+1.038e+04	+0.651
172.000	+3.326e+03	+6.021e+03	+1.049e+04	+0.644
172.100	+3.025e+03	+6.249e+03	+1.111e+04	+0.674
172.200	+1.699e+03	+7.204e+03	+9.355e+03	+0.809
172.300	+2.044e+03	+7.709e+03	+9.212e+03	+0.790
172.400	+3.058e+03	+6.960e+03	+9.001e+03	+0.695
172.500	+2.784e+03	+6.799e+03	+8.651e+03	+0.709
172.600	+3.499e+03	+7.885e+03	+9.105e+03	+0.693
172.700	+7.902e+03	+3.950e+03	+8.946e+03	+0.333
172.800	+6.754e+03	+3.529e+03	+1.209e+04	+0.343
172.900	+8.592e+03	+2.252e+03	+1.073e+04	+0.208
173.000	+6.751e+03	+3.207e+03	+9.195e+03	+0.322
173.100	+6.409e+03	+3.791e+03	+1.093e+04	+0.372
173.200	+7.946e+03	+2.744e+03	+1.125e+04	+0.257
173.300	+7.543e+03	+2.443e+03	+1.043e+04	+0.245
173.400	+6.848e+03	+2.251e+03	+9.618e+03	+0.247
173.500	+7.632e+03	+2.900e+03	+1.019e+04	+0.275
173.600	+5.344e+03	+5.843e+03	+1.014e+04	+0.522
173.700	+4.586e+03	+7.053e+03	+9.386e+03	+0.606
173.800	+3.910e+03	+4.729e+03	+9.535e+03	+0.547
173.900	+1.804e+03	+6.352e+03	+9.553e+03	+0.779
174.000	+8.334e+03	+3.113e+03	+1.114e+04	+0.272
174.100	+6.859e+03	+2.673e+03	+1.205e+04	+0.280
174.200	+7.526e+03	+3.364e+03	+8.874e+03	+0.309
174.300	+7.262e+03	+3.179e+03	+8.513e+03	+0.304
174.400	+6.380e+03	+3.154e+03	+1.017e+04	+0.331
174.500	+7.515e+03	+2.931e+03	+9.283e+03	+0.281
174.600	+7.392e+03	+3.425e+03	+1.011e+04	+0.317
174.700	+8.077e+03	+3.113e+03	+9.602e+03	+0.278
174.800	+7.292e+03	+3.740e+03	+1.090e+04	+0.339
174.900	+3.443e+03	+6.908e+03	+9.719e+03	+0.667
175.000	+3.699e+03	+7.278e+03	+1.073e+04	+0.663
175.100	+2.201e+03	+7.612e+03	+9.791e+03	+0.776
175.200	+3.385e+03	+6.967e+03	+1.023e+04	+0.673
175.300	+3.444e+03	+7.740e+03	+1.111e+04	+0.692
175.400	+3.035e+03	+7.314e+03	+1.039e+04	+0.707
175.500	+3.170e+03	+7.524e+03	+1.033e+04	+0.704
175.600	+2.416e+03	+5.921e+03	+1.082e+04	+0.710
175.700	+2.587e+03	+5.295e+03	+9.489e+03	+0.672
175.800	+2.816e+03	+7.209e+03	+8.435e+03	+0.719
175.900	+3.630e+03	+6.355e+03	+1.026e+04	+0.636
176.000	+2.842e+03	+6.167e+03	+1.048e+04	+0.685
176.100	+2.570e+03	+6.436e+03	+1.126e+04	+0.715
176.200	+4.110e+03	+7.563e+03	+9.135e+03	+0.648
176.300	+2.805e+03	+6.918e+03	+1.169e+04	+0.712
176.400	+2.000e+03	+7.035e+03	+1.022e+04	+0.779
176.500	+5.962e+03	+4.932e+03	+1.035e+04	+0.453
176.600	+6.418e+03	+3.878e+03	+9.716e+03	+0.377
176.700	+7.298e+03	+1.091e+03	+9.363e+03	+0.130
176.800	+6.625e+03	+2.879e+03	+1.033e+04	+0.303
176.900	+7.141e+03	+3.361e+03	+9.703e+03	+0.320
177.000	+5.000e+03	+4.672e+03	+9.730e+03	+0.483
177.100	+3.407e+03	+7.039e+03	+1.065e+04	+0.674
177.200	+3.389e+03	+6.514e+03	+1.015e+04	+0.658
177.300	+2.539e+03	+5.429e+03	+1.043e+04	+0.681
177.400	+2.744e+03	+7.712e+03	+1.060e+04	+0.738
177.500	+3.294e+03	+7.751e+03	+1.098e+04	+0.702
177.600	+3.800e+03	+7.702e+03	+9.500e+03	+0.670
177.700	+1.719e+03	+9.180e+03	+1.009e+04	+0.842
177.800	+2.683e+03	+7.628e+03	+1.085e+04	+0.740
177.900	+1.589e+03	+7.722e+03	+1.055e+04	+0.829
178.000	+2.213e+03	+7.259e+03	+1.000e+04	+0.766
178.100	+3.405e+03	+6.188e+03	+9.000e+03	+0.645
178.200	+3.290e+03	+6.084e+03	+1.041e+04	+0.649
178.300	+1.968e+03	+7.593e+03	+1.051e+04	+0.794
178.400	+1.982e+03	+7.501e+03	+1.156e+04	+0.791
178.500	+2.567e+03	+7.208e+03	+1.102e+04	+0.737
178.600	+2.090e+03	+8.204e+03	+1.054e+04	+0.797
178.700	+2.680e+03	+8.087e+03	+8.972e+03	+0.751
178.800	+3.326e+03	+6.975e+03	+9.929e+03	+0.677
178.900	+1.711e+03	+7.202e+03	+9.512e+03	+0.808
179.000	+2.976e+03	+6.440e+03	+1.028e+04	+0.684
179.100	+1.728e+03	+7.474e+03	+1.150e+04	+0.812
179.200	+2.944e+03	+7.356e+03	+1.073e+04	+0.714
179.300	+3.072e+03	+7.368e+03	+1.056e+04	+0.706
179.400	+3.656e+03	+5.997e+03	+8.511e+03	+0.621
179.500	+2.549e+03	+7.028e+03	+1.104e+04	+0.734
179.600	+2.701e+03	+6.637e+03	+9.799e+03	+0.711
179.700	+4.137e+03	+7.333e+03	+9.376e+03	+0.639
179.800	+3.099e+03	+5.876e+03	+9.113e+03	+0.655
179.900	+2.654e+03	+7.415e+03	+1.050e+04	+0.736
180.000	+3.868e+03	+8.408e+03	+1.016e+04	+0.685
180.100	+2.318e+03	+7.336e+03	+1.081e+04	+0.760
180.200	+2.887e+03	+8.663e+03	+9.091e+03	+0.750
180.300	+2.950e+03	+6.076e+03	+9.801e+03	+0.673
180.400	+2.772e+03	+8.437e+03	+9.851e+03	+0.753
180.500	+2.766e+03	+7.521e+03	+1.012e+04	+0.731
180.600	+2.735e+03	+7.586e+03	+1.024e+04	+0.735
180.700	+2.009e+03	+6.884e+03	+9.688e+03	+0.774
180.800	+3.205e+03	+7.508e+03	+1.107e+04	+0.701
180.900	+2.330e+03	+6.300e+03	+9.902e+03	+0.730
181.000	+4.500e+03	+5.937e+03	+8.905e+03	+0.569
181.100	+3.668e+03	+6.439e+03	+9.610e+03	+0.637
181.200	+2.974e+03	+5.958e+03	+1.056e+04	+0.667
181.300	+2.992e+03	+5.909e+03	+1.039e+04	+0.664
181.400	+4.319e+03	+6.198e+03	+9.035e+03	+0.589
181.500	+3.511e+03	+7.220e+03	+1.099e+04	+0.673
181.600	+3.565e+03	+6.707e+03	+8.681e+03	+0.653
181.700	+8.699e+03	+2.636e+03	+9.758e+03	+0.233
181.800	+5.860e+03	+4.094e+03	+1.004e+04	+0.411
181.900	+3.309e+03	+7.844e+03	+9.654e+03	+0.703
182.000	+2.289e+03	+7.564e+03	+9.740e+03	+0.768
182.100	+5.891e+03	+3.184e+03	+9.123e+03	+0.351
182.200	+6.367e+03	+3.419e+03	+1.013e+04	+0.349
182.300	+7.277e+03	+2.809e+03	+1.086e+04	+0.278
182.400	+7.197e+03	+3.847e+03	+9.880e+03	+0.348
182.500	+6.283e+03	+5.486e+03	+1.104e+04	+0.466
182.600	+3.365e+03	+7.567e+03	+9.923e+03	+0.692
182.700	+3.307e+03	+6.388e+03	+1.090e+04	+0.659
182.800	+2.492e+03	+7.810e+03	+9.913e+03	+0.758
182.900	+3.092e+03	+7.695e+03	+9.435e+03	+0.713
183.000	+2.639e+03	+6.957e+03	+1.045e+04	+0.725
183.100	+4.954e+03	+6.831e+03	+1.159e+04	+0.580
183.200	+2.739e+03	+7.586e+03	+9.448e+03	+0.735
183.300	+6.137e+03	+3.217e+03	+9.682e+03	+0.344
183.400	+5.946e+03	+3.025e+03	+9.397e+03	+0.337
183.500	+5.375e+03	+3.616e+03	+1.032e+04	+0.402
183.600	+6.845e+03	+2.108e+03	+8.594e+03	+0.235
183.700	+5.534e+03	+3.185e+03	+1.007e+04	+0.365
183.800	+6.634e+03	+2.846e+03	+8.325e+03	+0.300
183.900	+6.156e+03	+2.795e+03	+9.126e+03	+0.312
184.000	+7.252e+03	+4.729e+03	+1.006e+04	+0.395
184.100	+6.232e+03	+3.974e+03	+1.069e+04	+0.389
184.200	+6.437e+03	+4.689e+03	+9.851e+03	+0.421
184.300	+6.284e+03	+3.350e+03	+9.093e+03	+0.348
184.400	+5.981e+03	+2.479e+03	+1.234e+04	+0.293
184.500	+7.651e+03	+3.627e+03	+9.610e+03	+0.322
184.600	+5.511e+03	+4.028e+03	+9.780e+03	+0.422
184.700	+5.896e+03	+3.041e+03	+1.088e+04	+0.340
184.800	+7.321e+03	+4.128e+03	+8.964e+03	+0.361
184.900	+7.848e+03	+2.643e+03	+9.512e+03	+0.252
185.000	+5.833e+03	+3.065e+03	+9.528e+03	+0.344
185.100	+7.254e+03	+3.570e+03	+1.072e+04	+0.330
185.200	+6.360e+03	+1.878e+03	+9.937e+03	+0.228
185.300	+6.945e+03	+2.771e+03	+9.421e+03	+0.285
185.400	+6.798e+03	+2.376e+03	+8.987e+03	+0.259
185.500	+8.708e+03	+2.413e+03	+1.067e+04	+0.217
185.600	+4.509e+03	+5.532e+03	+9.668e+03	+0.551
185.700	+4.154e+03	+8.124e+03	+1.005e+04	+0.662
185.800	+4.108e+03	+5.943e+03	+9.983e+03	+0.591
185.900	+6.713e+03	+2.636e+03	+8.840e+03	+0.282
186.000	+6.896e+03	+3.471e+03	+1.108e+04	+0.335
186.100	+6.890e+03	+3.442e+03	+8.633e+03	+0.333
186.200	+9.414e+03	+2.725e+03	+1.028e+04	+0.224
186.300	+9.259e+03	+2.275e+03	+9.313e+03	+0.197
186.400	+5.980e+03	+1.940e+03	+9.927e+03	+0.245
186.500	+1.026e+04	+2.783e+03	+1.051e+04	+0.213
186.600	+6.200e+03	+3.620e+03	+1.099e+04	+0.369
186.700	+5.836e+03	+4.001e+03	+1.116e+04	+0.407
186.800	+7.160e+03	+4.259e+03	+9.208e+03	+0.373
186.900	+8.240e+03	+3.611e+03	+9.164e+03	+0.305
187.000	+6.377e+03	+2.314e+03	+9.412e+03	+0.266
187.100	+6.112e+03	+3.778e+03	+9.226e+03	+0.382
187.200	+3.289e+03	+7.315e+03	+1.029e+04	+0.690
187.300	+3.730e+03	+7.706e+03	+8.733e+03	+0.674
187.400	+3.328e+03	+7.272e+03	+1.033e+04	+0.686
187.500	+2.488e+03	+7.588e+03	+9.297e+03	+0.753
187.600	+3.930e+03	+8.487e+03	+1.009e+04	+0.683
187.700	+5.029e+03	+7.436e+03	+9.991e+03	+0.597
187.800	+3.409e+03	+6.969e+03	+8.635e+03	+0.672
187.900	+3.728e+03	+6.837e+03	+1.127e+04	+0.647
188.000	+4.208e+03	+7.414e+03	+9.704e+03	+0.638
188.100	+2.225e+03	+6.990e+03	+1.040e+04	+0.759
188.200	+2.095e+03	+7.588e+03	+9.568e+03	+0.784
188.300	+2.557e+03	+7.651e+03	+9.304e+03	+0.750
188.400	+2.959e+03	+7.828e+03	+8.595e+03	+0.726
188.500	+3.793e+03	+8.010e+03	+9.544e+03	+0.679
188.600	+4.196e+03	+5.860e+03	+8.108e+03	+0.583
188.700	+7.157e+03	+2.606e+03	+9.336e+03	+0.267
188.800	+6.112e+03	+3.024e+03	+8.595e+03	+0.331
188.900	+6.311e+03	+2.426e+03	+9.392e+03	+0.278
189.000	+7.591e+03	+3.826e+03	+9.816e+03	+0.335
189.100	+7.514e+03	+2.382e+03	+9.636e+03	+0.241
189.200	+5.799e+03	+4.554e+03	+9.573e+03	+0.440
189.300	+2.655e+03	+7.438e+03	+1.082e+04	+0.737
189.400	+3.483e+03	+7.986e+03	+1.032e+04	+0.696
189.500	+3.123e+03	+5.728e+03	+1.053e+04	+0.647
189.600	+3.484e+03	+7.149e+03	+1.057e+04	+0.672
189.700	+3.577e+03	+8.355e+03	+1.017e+04	+0.700
189.800	+6.693e+03	+2.382e+03	+1.144e+04	+0.262
189.900	+6.169e+03	+2.841e+03	+9.448e+03	+0.315
190.000	+6.626e+03	+3.376e+03	+9.820e+03	+0.338
190.100	+6.745e+03	+3.525e+03	+9.716e+03	+0.343
190.200	+6.591e+03	+3.240e+03	+8.337e+03	+0.330
190.300	+8.879e+03	+2.510e+03	+9.407e+03	+0.220
190.400	+5.842e+03	+2.219e+03	+8.760e+03	+0.275
190.500	+5.752e+03	+3.910e+03	+8.742e+03	+0.405
190.600	+5.763e+03	+2.815e+03	+9.930e+03	+0.328
190.700	+6.253e+03	+2.149e+03	+1.003e+04	+0.256
190.800	+7.243e+03	+4.342e+03	+1.029e+04	+0.375
190.900	+8.851e+03	+2.616e+03	+1.037e+04	+0.228
191.000	+5.210e+03	+1.926e+03	+1.057e+04	+0.270
191.100	+4.232e+03	+7.543e+03	+1.181e+04	+0.641
191.200	+3.889e+03	+6.900e+03	+9.817e+03	+0.640
191.300	+2.769e+03	+6.767e+03	+8.292e+03	+0.710
191.400	+3.517e+03	+7.227e+03	+7.802e+03	+0.673
191.500	+3.125e+03	+7.480e+03	+9.878e+03	+0.705
191.600	+3.277e+03	+7.513e+03	+1.001e+04	+0.696
191.700	+2.676e+03	+6.923e+03	+1.011e+04	+0.721
191.800	+4.138e+03	+7.107e+03	+1.013e+04	+0.632
191.900	+4.235e+03	+7.689e+03	+1.037e+04	+0.645
192.000	+2.270e+03	+7.133e+03	+9.806e+03	+0.759
192.100	+3.484e+03	+7.357e+03	+9.167e+03	+0.679
192.200	+4.420e+03	+7.711e+03	+1.036e+04	+0.636
192.300	+4.414e+03	+6.626e+03	+9.989e+03	+0.600
192.400	+2.668e+03	+7.547e+03	+9.785e+03	+0.739
192.500	+3.439e+03	+6.999e+03	+9.233e+03	+0.671
192.600	+2.106e+03	+7.557e+03	+1.095e+04	+0.782
192.700	+3.350e+03	+6.056e+03	+9.356e+03	+0.644
192.800	+3.237e+03	+7.122e+03	+1.047e+04	+0.688
192.900	+3.148e+03	+5.257e+03	+1.050e+04	+0.625
193.000	+8.006e+03	+1.290e+03	+9.739e+03	+0.139
193.100	+6.451e+03	+1.764e+03	+1.041e+04	+0.215
193.200	+7.029e+03	+3.289e+03	+9.935e+03	+0.319
193.300	+6.955e+03	+2.495e+03	+1.068e+04	+0.264
193.400	+7.274e+03	+2.021e+03	+1.078e+04	+0.217
193.500	+6.615e+03	+3.481e+03	+9.672e+03	+0.345
193.600	+5.607e+03	+4.532e+03	+9.694e+03	+0.447
193.700	+3.437e+03	+6.116e+03	+9.022e+03	+0.640
193.800	+2.512e+03	+7.016e+03	+1.029e+04	+0.736
193.900	+3.121e+03	+6.746e+03	+1.142e+04	+0.684
194.000	+2.464e+03	+7.229e+03	+1.039e+04	+0.746
194.100	+2.664e+03	+8.485e+03	+1.036e+04	+0.761
194.200	+3.697e+03	+6.870e+03	+1.080e+04	+0.650
194.300	+4.770e+03	+6.120e+03	+9.514e+03	+0.562
194.400	+2.365e+03	+6.790e+03	+1.065e+04	+0.742
194.500	+3.149e+03	+6.554e+03	+9.758e+03	+0.675
194.600	+8.063e+03	+2.426e+03	+1.183e+04	+0.231
194.700	+6.669e+03	+1.463e+03	+1.095e+04	+0.180
194.800	+5.762e+03	+2.278e+03	+8.282e+03	+0.283
194.900	+6.235e+03	+3.542e+03	+8.390e+03	+0.362
195.000	+6.209e+03	+3.016e+03	+1.053e+04	+0.327
195.100	+6.829e+03	+3.721e+03	+1.019e+04	+0.353
195.200	+7.429e+03	+1.896e+03	+1.056e+04	+0.203
195.300	+6.001e+03	+3.986e+03	+9.678e+03	+0.399
195.400	+6.559e+03	+1.681e+03	+8.254e+03	+0.204
195.500	+7.146e+03	+1.046e+03	+1.033e+04	+0.128
195.600	+6.627e+03	+2.827e+03	+1.020e+04	+0.299
195.700	+8.560e+03	+4.167e+03	+1.080e+04	+0.327
195.800	+6.237e+03	+2.224e+03	+9.966e+03	+0.263
195.900	+7.775e+03	+3.082e+03	+1.063e+04	+0.284
196.000	+6.346e+03	+2.398e+03	+1.036e+04	+0.274
196.100	+7.368e+03	+3.905e+03	+1.024e+04	+0.346
196.200	+7.512e+03	+2.539e+03	+9.305e+03	+0.253
196.300	+7.689e+03	+2.610e+03	+8.426e+03	+0.253
196.400	+7.694e+03	+2.282e+03	+8.674e+03	+0.229
196.500	+6.720e+03	+3.729e+03	+9.590e+03	+0.357
196.600	+3.842e+03	+5.268e+03	+1.008e+04	+0.578
196.700	+1.962e+03	+7.687e+03	+9.568e+03	+0.797
196.800	+2.543e+03	+6.887e+03	+1.009e+04	+0.730
196.900	+2.391e+03	+8.604e+03	+9.703e+03	+0.783
197.000	+5.485e+03	+5.888e+03	+9.575e+03	+0.518
197.100	+6.020e+03	+3.223e+03	+9.681e+03	+0.349
197.200	+7.694e+03	+2.648e+03	+1.079e+04	+0.256
197.300	+4.768e+03	+5.331e+03	+1.110e+04	+0.528
197.400	+3.465e+03	+5.404e+03	+9.703e+03	+0.609
197.500	+3.306e+03	+7.541e+03	+1.040e+04	+0.695
197.600	+3.558e+03	+7.466e+03	+1.027e+04	+0.677
197.700	+1.604e+03	+5.479e+03	+9.708e+03	+0.774
197.800	+2.835e+03	+6.352e+03	+9.774e+03	+0.691
197.900	+3.046e+03	+6.319e+03	+9.182e+03	+0.675
198.000	+4.414e+03	+6.640e+03	+9.476e+03	+0.601
198.100	+2.955e+03	+7.875e+03	+9.546e+03	+0.727
198.200	+2.866e+03	+7.112e+03	+9.240e+03	+0.713
198.300	+2.216e+03	+5.318e+03	+1.013e+04	+0.706
198.400	+4.262e+03	+7.762e+03	+9.773e+03	+0.646
198.500	+2.621e+03	+8.392e+03	+9.840e+03	+0.762
198.600	+4.397e+03	+6.021e+03	+9.308e+03	+0.578
198.700	+3.580e+03	+6.362e+03	+9.720e+03	+0.640
198.800	+3.618e+03	+7.169e+03	+9.671e+03	+0.665
198.900	+4.990e+03	+6.486e+03	+9.333e+03	+0.565
199.000	+1.720e+03	+6.236e+03	+9.462e+03	+0.784
199.100	+2.512e+03	+6.636e+03	+9.922e+03	+0.725
199.200	+4.543e+03	+6.386e+03	+1.040e+04	+0.584
199.300	+4.307e+03	+9.070e+03	+1.084e+04	+0.678
199.400	+2.853e+03	+6.048e+03	+1.063e+04	+0.679
199.500	+3.413e+03	+6.617e+03	+9.490e+03	+0.660
199.600	+2.738e+03	+7.206e+03	+1.054e+04	+0.725
199.700	+3.045e+03	+6.341e+03	+9.899e+03	+0.676
199.800	+3.515e+03	+6.440e+03	+1.039e+04	+0.647
199.900	+3.890e+03	+8.674e+03	+1.006e+04	+0.690
200.000	+3.405e+03	+6.306e+03	+9.189e+03	+0.649
200.100	+5.704e+03	+3.116e+03	+9.737e+03	+0.353
200.200	+5.996e+03	+3.359e+03	+9.821e+03	+0.359
200.300	+8.042e+03	+2.077e+03	+1.018e+04	+0.205
200.400	+8.431e+03	+2.148e+03	+1.172e+04	+0.203
200.500	+8.139e+03	+2.498e+03	+9.843e+03	+0.235
200.600	+7.005e+03	+3.406e+03	+8.952e+03	+0.327
200.700	+8.553e+03	+2.908e+03	+9.156e+03	+0.254
200.800	+6.504e+03	+2.693e+03	+8.206e+03	+0.293
200.900	+7.825e+03	+3.016e+03	+1.298e+04	+0.278
201.000	+6.842e+03	+2.681e+03	+1.009e+04	+0.282
201.100	+7.153e+03	+2.504e+03	+1.080e+04	+0.259
201.200	+6.900e+03	+2.541e+03	+1.099e+04	+0.269
201.300	+7.005e+03	+2.437e+03	+9.471e+03	+0.258
201.400	+5.980e+03	+3.012e+03	+9.598e+03	+0.335
201.500	+6.816e+03	+2.511e+03	+9.906e+03	+0.269
201.600	+6.232e+03	+3.769e+03	+8.871e+03	+0.377
201.700	+6.551e+03	+1.407e+03	+1.008e+04	+0.177
201.800	+7.478e+03	+4.393e+03	+1.011e+04	+0.370
201.900	+7.086e+03	+3.446e+03	+9.877e+03	+0.327
202.000	+7.857e+03	+2.574e+03	+1.037e+04	+0.247
202.100	+5.830e+03	+2.460e+03	+1.050e+04	+0.297
202.200	+5.823e+03	+3.110e+03	+1.054e+04	+0.348
202.300	+8.476e+03	+1.992e+03	+1.071e+04	+0.190
202.400	+7.786e+03	+4.313e+03	+9.125e+03	+0.357
202.500	+6.961e+03	+3.486e+03	+1.173e+04	+0.334
202.600	+5.825e+03	+2.724e+03	+9.441e+03	+0.319
202.700	+6.265e+03	+2.784e+03	+9.224e+03	+0.308
202.800	+6.742e+03	+3.639e+03	+1.073e+04	+0.351
202.900	+7.141e+03	+3.987e+03	+9.469e+03	+0.358
203.000	+6.811e+03	+1.388e+03	+1.022e+04	+0.169
203.100	+6.606e+03	+2.662e+03	+9.123e+03	+0.287
203.200	+7.753e+03	+2.848e+03	+1.132e+04	+0.269
203.300	+7.826e+03	+2.454e+03	+9.995e+03	+0.239
203.400	+6.757e+03	+2.324e+03	+9.099e+03	+0.256
203.500	+7.025e+03	+5.077e+03	+1.046e+04	+0.420
203.600	+5.960e+03	+2.937e+03	+9.996e+03	+0.330
203.700	+7.330e+03	+3.834e+03	+1.041e+04	+0.343
203.800	+6.800e+03	+2.135e+03	+1.080e+04	+0.239
203.900	+8.047e+03	+4.269e+03	+1.030e+04	+0.347
204.000	+7.997e+03	+3.005e+03	+1.139e+04	+0.273
204.100	+7.172e+03	+3.558e+03	+1.066e+04	+0.332
204.200	+6.914e+03	+3.355e+03	+1.003e+04	+0.327
204.300	+6.791e+03	+2.654e+03	+9.658e+03	+0.281
204.400	+6.445e+03	+2.132e+03	+1.093e+04	+0.249
204.500	+6.284e+03	+3.798e+03	+1.098e+04	+0.377
204.600	+6.762e+03	+3.375e+03	+9.667e+03	+0.333
204.700	+7.667e+03	+2.192e+03	+1.132e+04	+0.222
204.800	+5.185e+03	+4.068e+03	+9.032e+03	+0.440
204.900	+6.599e+03	+1.736e+03	+9.716e+03	+0.208
205.000	+6.590e+03	+4.147e+03	+1.056e+04	+0.386
205.100	+7.330e+03	+3.151e+03	+1.236e+04	+0.301
205.200	+3.287e+03	+4.948e+03	+1.029e+04	+0.601
205.300	+2.408e+03	+6.884e+03	+9.604e+03	+0.741
