%t (s)	Idd (a.u.)	Ida (a.u.)	Iaa (a.u.)	FRET E
0.000	+3.500e+03	+6.821e+03	+1.037e+04	+0.661
0.100	+4.045e+03	+6.974e+03	+9.515e+03	+0.633
0.200	+3.888e+03	+6.853e+03	+1.042e+04	+0.638
0.300	+2.518e+03	+7.376e+03	+9.735e+03	+0.746
0.400	+2.925e+03	+6.355e+03	+1.090e+04	+0.685
0.500	+2.207e+03	+7.925e+03	+8.917e+03	+0.782
0.600	+3.256e+03	+8.774e+03	+9.460e+03	+0.729
0.700	+3.253e+03	+7.847e+03	+1.118e+04	+0.707
0.800	+2.498e+03	+7.701e+03	+1.019e+04	+0.755
0.900	+2.556e+03	+5.590e+03	+1.056e+04	+0.686
1.000	+2.899e+03	+9.075e+03	+9.778e+03	+0.758
1.100	+4.084e+03	+6.829e+03	+9.338e+03	+0.626
1.200	+4.376e+03	+4.909e+03	+9.289e+03	+0.529
1.300	+2.534e+03	+5.694e+03	+9.537e+03	+0.692
1.400	+3.157e+03	+6.051e+03	+9.012e+03	+0.657
1.500	+2.550e+03	+6.912e+03	+1.083e+04	+0.731
1.600	+3.593e+03	+7.266e+03	+9.442e+03	+0.669
1.700	+4.394e+03	+6.963e+03	+1.113e+04	+0.613
1.800	+3.646e+03	+7.960e+03	+9.007e+03	+0.686
1.900	+3.253e+03	+5.720e+03	+9.975e+03	+0.637
2.000	+2.769e+03	+6.708e+03	+1.053e+04	+0.708
2.100	+3.546e+03	+5.629e+03	+9.750e+03	+0.614
2.200	+5.964e+03	+4.380e+03	+9.773e+03	+0.423
2.300	+7.500e+03	+1.363e+03	+1.103e+04	+0.154
2.400	+7.421e+03	+2.373e+03	+9.632e+03	+0.242
2.500	+6.543e+03	+3.226e+03	+1.038e+04	+0.330
2.600	+5.965e+03	+3.539e+03	+1.065e+04	+0.372
2.700	+7.125e+03	+4.155e+03	+9.695e+03	+0.368
2.800	+5.431e+03	+2.505e+03	+1.016e+04	+0.316
2.900	+7.550e+03	+2.479e+03	+1.082e+04	+0.247
3.000	+7.778e+03	+3.358e+03	+9.925e+03	+0.302
3.100	+7.721e+03	+2.168e+03	+1.045e+04	+0.219
3.200	+1.788e+03	+7.364e+03	+1.089e+04	+0.805
3.300	+4.270e+03	+7.452e+03	+9.943e+03	+0.636
3.400	+4.049e+03	+6.320e+03	+9.515e+03	+0.610
3.500	+1.584e+03	+7.230e+03	+1.072e+04	+0.820
3.600	+3.546e+03	+6.526e+03	+9.454e+03	+0.648
3.700	+2.552e+03	+7.179e+03	+7.929e+03	+0.738
3.800	+2.311e+03	+7.246e+03	+1.003e+04	+0.758
3.900	+2.620e+03	+7.470e+03	+1.041e+04	+0.740
4.000	+4.215e+03	+5.998e+03	+1.046e+04	+0.587
4.100	+3.636e+03	+6.703e+03	+1.152e+04	+0.648
4.200	+5.087e+03	+5.391e+03	+1.012e+04	+0.515
4.300	+4.272e+03	+6.906e+03	+1.070e+04	+0.618
4.400	+2.374e+03	+7.440e+03	+1.039e+04	+0.758
4.500	+3.211e+03	+7.199e+03	+1.021e+04	+0.692
4.600	+3.583e+03	+6.966e+03	+1.048e+04	+0.660
4.700	+1.981e+03	+7.547e+03	+1.220e+04	+0.792
4.800	+3.206e+03	+6.259e+03	+9.220e+03	+0.661
4.900	+3.003e+03	+6.838e+03	+1.009e+04	+0.695
5.000	+2.443e+03	+6.603e+03	+1.032e+04	+0.730
5.100	+2.952e+03	+7.618e+03	+1.056e+04	+0.721
5.200	+3.728e+03	+5.780e+03	+9.502e+03	+0.608
5.300	+6.734e+03	+4.282e+03	+1.031e+04	+0.389
5.400	+3.497e+03	+7.530e+03	+9.758e+03	+0.683
5.500	+3.459e+03	+7.543e+03	+8.926e+03	+0.686
5.600	+3.141e+03	+6.697e+03	+9.515e+03	+0.681
5.700	+3.525e+03	+7.544e+03	+9.518e+03	+0.682
5.800	+2.137e+03	+7.113e+03	+1.003e+04	+0.769
5.900	+2.036e+03	+7.021e+03	+1.251e+04	+0.775
6.000	+3.905e+03	+7.230e+03	+1.014e+04	+0.649
6.100	+1.392e+03	+7.441e+03	+1.123e+04	+0.842
6.200	+3.279e+03	+8.010e+03	+9.143e+03	+0.710
6.300	+3.100e+03	+6.327e+03	+1.073e+04	+0.671
6.400	+1.527e+03	+7.592e+03	+1.070e+04	+0.833
6.500	+3.781e+03	+4.720e+03	+9.944e+03	+0.555
6.600	+3.917e+03	+6.725e+03	+9.278e+03	+0.632
6.700	+3.333e+03	+7.594e+03	+9.390e+03	+0.695
6.800	+2.926e+03	+7.526e+03	+9.400e+03	+0.720
6.900	+3.956e+03	+6.788e+03	+9.494e+03	+0.632
7.000	+2.430e+03	+7.586e+03	+1.068e+04	+0.757
7.100	+3.734e+03	+7.475e+03	+1.097e+04	+0.667
7.200	+4.897e+03	+7.418e+03	+1.005e+04	+0.602
7.300	+2.988e+03	+8.419e+03	+1.024e+04	+0.738
7.400	+1.574e+03	+7.566e+03	+1.089e+04	+0.828
7.500	+7.461e+03	+2.882e+03	+1.097e+04	+0.279
7.600	+6.701e+03	+3.128e+03	+1.122e+04	+0.318
7.700	+8.457e+03	+2.539e+03	+1.073e+04	+0.231
7.800	+7.765e+03	+5.155e+03	+1.020e+04	+0.399
7.900	+5.966e+03	+3.708e+03	+9.613e+03	+0.383
8.000	+8.051e+03	+2.782e+03	+9.905e+03	+0.257
8.100	+6.827e+03	+2.393e+03	+1.085e+04	+0.260
8.200	+7.522e+03	+3.552e+03	+1.025e+04	+0.321
8.300	+7.980e+03	+2.462e+03	+1.089e+04	+0.236
8.400	+5.375e+03	+1.537e+03	+8.569e+03	+0.222
8.500	+7.130e+03	+1.635e+03	+1.020e+04	+0.187
8.600	+6.728e+03	+2.851e+03	+9.748e+03	+0.298
8.700	+6.635e+03	+2.615e+03	+9.014e+03	+0.283
8.800	+7.406e+03	+3.736e+03	+9.647e+03	+0.335
8.900	+6.469e+03	+3.868e+03	+9.731e+03	+0.374
9.000	+6.433e+03	+3.410e+03	+1.017e+04	+0.346
9.100	+3.658e+03	+5.987e+03	+1.056e+04	+0.621
9.200	+4.454e+03	+7.035e+03	+9.659e+03	+0.612
9.300	+1.360e+03	+6.569e+03	+9.680e+03	+0.828
9.400	+2.888e+03	+7.308e+03	+9.332e+03	+0.717
9.500	+4.611e+03	+8.049e+03	+9.511e+03	+0.636
9.600	+3.052e+03	+7.037e+03	+1.071e+04	+0.697
9.700	+2.335e+03	+6.639e+03	+1.038e+04	+0.740
9.800	+3.726e+03	+6.818e+03	+1.060e+04	+0.647
9.900	+5.776e+02	+7.165e+03	+1.031e+04	+0.925
10.000	+3.596e+03	+6.957e+03	+8.566e+03	+0.659
10.100	+2.421e+03	+5.763e+03	+1.058e+04	+0.704
10.200	+2.210e+03	+6.703e+03	+1.024e+04	+0.752
10.300	+2.561e+03	+7.052e+03	+1.154e+04	+0.734
10.400	+2.372e+03	+8.363e+03	+8.816e+03	+0.779
10.500	+3.235e+03	+7.321e+03	+1.033e+04	+0.694
10.600	+4.336e+03	+7.278e+03	+1.098e+04	+0.627
10.700	+1.262e+03	+7.383e+03	+1.044e+04	+0.854
10.800	+3.635e+03	+7.761e+03	+1.014e+04	+0.681
10.900	+3.747e+03	+7.420e+03	+1.059e+04	+0.664
11.000	+2.869e+03	+8.143e+03	+9.977e+03	+0.739
11.100	+2.655e+03	+7.243e+03	+1.045e+04	+0.732
11.200	+3.423e+03	+7.299e+03	+1.047e+04	+0.681
11.300	+2.791e+03	+5.017e+03	+1.179e+04	+0.643
11.400	+2.222e+03	+5.986e+03	+1.046e+04	+0.729
11.500	+3.405e+03	+6.443e+03	+1.105e+04	+0.654
11.600	+3.287e+03	+6.002e+03	+8.813e+03	+0.646
11.700	+3.754e+03	+7.593e+03	+1.104e+04	+0.669
11.800	+2.028e+03	+8.522e+03	+1.045e+04	+0.808
11.900	+2.832e+03	+7.187e+03	+9.699e+03	+0.717
12.000	+3.512e+03	+6.664e+03	+1.072e+04	+0.655
12.100	+2.759e+03	+7.059e+03	+1.066e+04	+0.719
12.200	+2.757e+03	+6.703e+03	+1.151e+04	+0.709
12.300	+2.485e+03	+6.169e+03	+1.011e+04	+0.713
12.400	+3.448e+03	+6.256e+03	+9.306e+03	+0.645
12.500	+3.899e+03	+6.447e+03	+1.050e+04	+0.623
12.600	+3.805e+03	+5.805e+03	+1.100e+04	+0.604
12.700	+3.608e+03	+7.389e+03	+1.042e+04	+0.672
12.800	+3.116e+03	+6.696e+03	+1.166e+04	+0.682
12.900	+4.491e+03	+7.084e+03	+8.364e+03	+0.612
13.000	+3.944e+03	+7.700e+03	+9.829e+03	+0.661
13.100	+1.619e+03	+8.424e+03	+1.046e+04	+0.839
13.200	+2.707e+03	+6.883e+03	+9.670e+03	+0.718
13.300	+2.413e+03	+6.768e+03	+8.292e+03	+0.737
13.400	+1.947e+03	+6.527e+03	+9.638e+03	+0.770
13.500	+4.773e+03	+6.599e+03	+9.627e+03	+0.580
13.600	+1.908e+03	+7.238e+03	+9.022e+03	+0.791
13.700	+3.766e+03	+6.565e+03	+9.246e+03	+0.635
13.800	+2.449e+03	+8.195e+03	+9.044e+03	+0.770
13.900	+4.022e+03	+7.064e+03	+9.005e+03	+0.637
14.000	+2.936e+03	+6.607e+03	+1.021e+04	+0.692
14.100	+3.652e+03	+6.884e+03	+9.630e+03	+0.653
14.200	+2.895e+03	+5.552e+03	+8.976e+03	+0.657
14.300	+2.920e+03	+7.059e+03	+9.210e+03	+0.707
14.400	+3.162e+03	+5.290e+03	+9.217e+03	+0.626
14.500	+3.097e+03	+8.751e+03	+1.138e+04	+0.739
14.600	+2.919e+03	+6.424e+03	+8.511e+03	+0.688
14.700	+4.548e+03	+5.278e+03	+9.624e+03	+0.537
14.800	+7.214e+03	+2.376e+03	+1.053e+04	+0.248
14.900	+8.066e+03	+4.607e+03	+1.049e+04	+0.364
15.000	+6.629e+03	+3.718e+03	+9.970e+03	+0.359
15.100	+6.922e+03	+2.563e+03	+1.023e+04	+0.270
15.200	+4.610e+03	+5.378e+03	+9.234e+03	+0.538
15.300	+2.163e+03	+6.833e+03	+9.959e+03	+0.760
15.400	+3.307e+03	+6.119e+03	+9.603e+03	+0.649
15.500	+4.838e+03	+5.092e+03	+1.019e+04	+0.513
15.600	+6.104e+03	+2.733e+03	+9.684e+03	+0.309
15.700	+7.556e+03	+2.244e+03	+9.865e+03	+0.229
15.800	+7.123e+03	+4.737e+03	+1.012e+04	+0.399
15.900	+6.524e+03	+3.851e+03	+1.049e+04	+0.371
16.000	+7.585e+03	+4.083e+03	+9.817e+03	+0.350
16.100	+6.585e+03	+4.262e+03	+8.828e+03	+0.393
16.200	+7.237e+03	+2.775e+03	+9.766e+03	+0.277
16.300	+6.735e+03	+3.428e+03	+9.948e+03	+0.337
16.400	+6.926e+03	+1.927e+03	+9.911e+03	+0.218
16.500	+3.502e+03	+4.776e+03	+9.331e+03	+0.577
16.600	+3.344e+03	+5.648e+03	+9.794e+03	+0.628
16.700	+3.010e+03	+5.386e+03	+9.942e+03	+0.642
16.800	+3.247e+03	+7.593e+03	+1.025e+04	+0.700
16.900	+4.027e+03	+6.344e+03	+8.998e+03	+0.612
17.000	+3.877e+03	+7.325e+03	+9.400e+03	+0.654
17.100	+3.063e+03	+5.961e+03	+1.224e+04	+0.661
17.200	+3.814e+03	+6.349e+03	+1.047e+04	+0.625
17.300	+2.235e+03	+8.432e+03	+9.886e+03	+0.790
17.400	+4.752e+03	+7.871e+03	+1.096e+04	+0.624
17.500	+3.645e+03	+7.137e+03	+9.816e+03	+0.662
17.600	+3.512e+03	+8.104e+03	+1.041e+04	+0.698
17.700	+2.633e+03	+7.144e+03	+1.034e+04	+0.731
17.800	+3.557e+03	+6.233e+03	+8.960e+03	+0.637
17.900	+2.481e+03	+7.214e+03	+1.132e+04	+0.744
18.000	+2.593e+03	+7.868e+03	+8.682e+03	+0.752
18.100	+1.649e+03	+6.499e+03	+8.693e+03	+0.798
18.200	+6.328e+03	+3.172e+03	+9.690e+03	+0.334
18.300	+8.324e+03	+2.468e+03	+1.024e+04	+0.229
18.400	+7.670e+03	+2.576e+03	+9.690e+03	+0.251
18.500	+7.272e+03	+2.823e+03	+1.052e+04	+0.280
18.600	+6.950e+03	+2.947e+03	+1.027e+04	+0.298
18.700	+6.295e+03	+2.808e+03	+1.037e+04	+0.308
18.800	+6.977e+03	+4.087e+03	+1.010e+04	+0.369
18.900	+4.116e+03	+7.391e+03	+9.425e+03	+0.642
19.000	+3.062e+03	+7.633e+03	+9.928e+03	+0.714
19.100	+1.425e+03	+6.657e+03	+1.050e+04	+0.824
19.200	+2.726e+03	+7.945e+03	+9.026e+03	+0.745
19.300	+3.069e+03	+6.593e+03	+9.923e+03	+0.682
19.400	+1.914e+03	+6.190e+03	+9.571e+03	+0.764
19.500	+3.376e+03	+5.865e+03	+9.320e+03	+0.635
19.600	+3.427e+03	+7.161e+03	+1.017e+04	+0.676
19.700	+2.983e+03	+8.439e+03	+1.112e+04	+0.739
19.800	+2.606e+03	+7.158e+03	+1.031e+04	+0.733
19.900	+1.898e+03	+7.029e+03	+1.145e+04	+0.787
20.000	+3.215e+03	+6.951e+03	+1.054e+04	+0.684
20.100	+3.677e+03	+7.441e+03	+9.229e+03	+0.669
20.200	+4.500e+03	+5.648e+03	+8.096e+03	+0.557
20.300	+2.459e+03	+7.349e+03	+1.016e+04	+0.749
20.400	+3.572e+03	+6.847e+03	+1.047e+04	+0.657
20.500	+4.390e+03	+5.133e+03	+1.071e+04	+0.539
20.600	+4.453e+03	+6.407e+03	+1.109e+04	+0.590
20.700	+3.656e+03	+5.178e+03	+9.200e+03	+0.586
20.800	+7.542e+03	+3.489e+03	+1.028e+04	+0.316
20.900	+7.122e+03	+3.367e+03	+9.513e+03	+0.321
21.000	+6.625e+03	+2.752e+03	+1.001e+04	+0.294
21.100	+7.179e+03	+2.842e+03	+1.011e+04	+0.284
21.200	+6.921e+03	+4.219e+03	+9.867e+03	+0.379
21.300	+6.867e+03	+9.853e+02	+9.687e+03	+0.125
21.400	+7.634e+03	+3.708e+03	+8.876e+03	+0.327
21.500	+7.454e+03	+3.257e+03	+1.079e+04	+0.304
21.600	+7.557e+03	+3.400e+03	+1.041e+04	+0.310
21.700	+7.930e+03	+2.584e+03	+1.011e+04	+0.246
21.800	+7.210e+03	+2.941e+03	+1.018e+04	+0.290
21.900	+7.506e+03	+2.508e+03	+9.615e+03	+0.250
22.000	+6.259e+03	+4.911e+03	+9.104e+03	+0.440
22.100	+3.593e+03	+7.895e+03	+1.036e+04	+0.687
22.200	+3.778e+03	+7.275e+03	+8.837e+03	+0.658
22.300	+3.196e+03	+7.863e+03	+9.816e+03	+0.711
22.400	+2.422e+03	+7.754e+03	+9.444e+03	+0.762
22.500	+2.469e+03	+6.080e+03	+1.094e+04	+0.711
22.600	+3.736e+03	+8.566e+03	+1.054e+04	+0.696
22.700	+3.544e+03	+6.441e+03	+1.071e+04	+0.645
22.800	+6.753e+03	+3.242e+03	+9.555e+03	+0.324
22.900	+7.749e+03	+2.683e+03	+1.162e+04	+0.257
23.000	+5.407e+03	+3.030e+03	+9.554e+03	+0.359
23.100	+3.484e+03	+5.946e+03	+9.720e+03	+0.631
23.200	+3.101e+03	+8.206e+03	+9.057e+03	+0.726
23.300	+2.971e+03	+7.705e+03	+1.043e+04	+0.722
23.400	+3.891e+03	+7.877e+03	+9.292e+03	+0.669
23.500	+3.130e+03	+7.898e+03	+9.578e+03	+0.716
23.600	+2.389e+03	+7.644e+03	+9.593e+03	+0.762
23.700	+3.402e+03	+6.631e+03	+1.075e+04	+0.661
23.800	+2.622e+03	+7.803e+03	+9.995e+03	+0.749
23.900	+2.531e+03	+7.808e+03	+9.738e+03	+0.755
24.000	+3.996e+03	+5.441e+03	+1.074e+04	+0.577
24.100	+3.267e+03	+7.307e+03	+1.023e+04	+0.691
24.200	+2.533e+03	+4.747e+03	+1.059e+04	+0.652
24.300	+3.737e+03	+6.893e+03	+9.660e+03	+0.648
24.400	+2.305e+03	+6.878e+03	+9.472e+03	+0.749
24.500	+2.839e+03	+5.970e+03	+9.504e+03	+0.678
24.600	+3.901e+03	+6.625e+03	+9.905e+03	+0.629
24.700	+2.803e+03	+6.894e+03	+1.196e+04	+0.711
24.800	+2.198e+03	+6.459e+03	+9.342e+03	+0.746
24.900	+1.959e+03	+5.687e+03	+1.027e+04	+0.744
25.000	+2.730e+03	+6.914e+03	+1.032e+04	+0.717
25.100	+3.312e+03	+6.660e+03	+1.076e+04	+0.668
25.200	+3.316e+03	+5.976e+03	+9.711e+03	+0.643
25.300	+3.134e+03	+7.879e+03	+9.758e+03	+0.715
25.400	+4.170e+03	+8.081e+03	+1.013e+04	+0.660
25.500	+2.824e+03	+6.138e+03	+1.146e+04	+0.685
25.600	+3.430e+03	+7.033e+03	+9.922e+03	+0.672
25.700	+2.163e+03	+8.110e+03	+1.095e+04	+0.789
25.800	+4.224e+03	+5.627e+03	+9.705e+03	+0.571
25.900	+3.693e+03	+6.863e+03	+9.860e+03	+0.650
26.000	+2.777e+03	+5.132e+03	+9.418e+03	+0.649
26.100	+3.166e+03	+5.956e+03	+1.048e+04	+0.653
26.200	+3.131e+03	+7.854e+03	+9.946e+03	+0.715
26.300	+2.892e+03	+5.970e+03	+1.034e+04	+0.674
26.400	+3.192e+03	+6.827e+03	+1.101e+04	+0.681
26.500	+2.149e+03	+6.276e+03	+9.790e+03	+0.745
26.600	+2.964e+03	+6.749e+03	+9.915e+03	+0.695
26.700	+3.272e+03	+6.647e+03	+1.029e+04	+0.670
26.800	+2.867e+03	+7.792e+03	+1.030e+04	+0.731
26.900	+2.152e+03	+8.224e+03	+1.046e+04	+0.793
27.000	+3.773e+03	+8.109e+03	+9.281e+03	+0.682
27.100	+2.143e+03	+7.411e+03	+1.036e+04	+0.776
27.200	+1.433e+03	+6.164e+03	+8.283e+03	+0.811
27.300	+3.373e+03	+5.844e+03	+9.057e+03	+0.634
27.400	+5.915e+03	+2.054e+03	+1.003e+04	+0.258
27.500	+6.090e+03	+3.906e+03	+1.129e+04	+0.391
27.600	+2.996e+03	+6.228e+03	+9.457e+03	+0.675
27.700	+2.795e+03	+7.620e+03	+9.032e+03	+0.732
27.800	+2.155e+03	+6.788e+03	+1.016e+04	+0.759
27.900	+2.824e+03	+7.799e+03	+1.001e+04	+0.734
28.000	+3.300e+03	+5.135e+03	+8.806e+03	+0.609
28.100	+6.495e+03	+1.961e+03	+1.063e+04	+0.232
28.200	+6.929e+03	+3.622e+03	+9.893e+03	+0.343
28.300	+5.397e+03	+3.003e+03	+9.181e+03	+0.357
28.400	+6.629e+03	+3.296e+03	+9.258e+03	+0.332
28.500	+7.603e+03	+2.410e+03	+9.392e+03	+0.241
28.600	+7.238e+03	+2.719e+03	+9.225e+03	+0.273
28.700	+6.421e+03	+3.046e+03	+9.931e+03	+0.322
28.800	+7.339e+03	+3.684e+03	+9.712e+03	+0.334
28.900	+6.588e+03	+1.590e+03	+9.540e+03	+0.194
29.000	+6.239e+03	+4.128e+03	+9.518e+03	+0.398
29.100	+7.756e+03	+4.152e+03	+9.835e+03	+0.349
29.200	+7.710e+03	+3.091e+03	+9.539e+03	+0.286
29.300	+8.188e+03	+3.255e+03	+9.576e+03	+0.284
29.400	+7.569e+03	+3.886e+03	+9.545e+03	+0.339
29.500	+7.032e+03	+2.723e+03	+9.070e+03	+0.279
29.600	+6.562e+03	+2.923e+03	+9.912e+03	+0.308
29.700	+7.270e+03	+2.139e+03	+1.123e+04	+0.227
29.800	+6.586e+03	+3.049e+03	+1.004e+04	+0.316
29.900	+6.921e+03	+2.332e+03	+8.689e+03	+0.252
30.000	+6.834e+03	+3.326e+03	+9.746e+03	+0.327
30.100	+6.032e+03	+1.121e+03	+1.083e+04	+0.157
30.200	+6.934e+03	+2.126e+03	+1.067e+04	+0.235
30.300	+6.258e+03	+3.891e+03	+1.084e+04	+0.383
30.400	+5.511e+03	+3.225e+03	+9.606e+03	+0.369
30.500	+7.139e+03	+3.336e+03	+1.033e+04	+0.318
30.600	+5.810e+03	+3.537e+03	+1.061e+04	+0.378
30.700	+6.579e+03	+3.469e+03	+9.215e+03	+0.345
30.800	+6.494e+03	+2.785e+03	+1.093e+04	+0.300
30.900	+6.785e+03	+2.605e+03	+1.118e+04	+0.277
31.000	+7.745e+03	+3.202e+03	+1.063e+04	+0.293
31.100	+8.065e+03	+3.861e+03	+1.048e+04	+0.324
31.200	+7.237e+03	+2.465e+03	+1.050e+04	+0.254
31.300	+7.609e+03	+4.424e+03	+1.007e+04	+0.368
31.400	+7.899e+03	+3.048e+03	+1.052e+04	+0.278
31.500	+7.105e+03	+2.227e+03	+9.193e+03	+0.239
31.600	+5.826e+03	+2.787e+03	+1.015e+04	+0.324
31.700	+7.778e+03	+2.919e+03	+9.968e+03	+0.273
31.800	+7.499e+03	+2.484e+03	+9.658e+03	+0.249
31.900	+7.710e+03	+3.730e+03	+1.134e+04	+0.326
32.000	+6.275e+03	+2.014e+03	+1.021e+04	+0.243
32.100	+6.868e+03	+2.293e+03	+9.693e+03	+0.250
32.200	+5.751e+03	+3.667e+03	+9.669e+03	+0.389
32.300	+7.966e+03	+2.885e+03	+9.300e+03	+0.266
32.400	+5.077e+03	+4.587e+03	+8.534e+03	+0.475
32.500	+1.867e+03	+5.577e+03	+1.004e+04	+0.749
32.600	+3.054e+03	+7.521e+03	+1.086e+04	+0.711
32.700	+4.734e+03	+7.314e+03	+1.009e+04	+0.607
32.800	+4.152e+03	+5.528e+03	+9.494e+03	+0.571
32.900	+3.430e+03	+7.202e+03	+9.301e+03	+0.677
33.000	+3.376e+03	+5.430e+03	+8.245e+03	+0.617
33.100	+1.374e+03	+6.484e+03	+1.121e+04	+0.825
33.200	+1.937e+03	+6.461e+03	+9.652e+03	+0.769
33.300	+1.545e+03	+8.157e+03	+9.882e+03	+0.841
33.400	+3.145e+03	+7.245e+03	+7.976e+03	+0.697
33.500	+2.310e+03	+7.574e+03	+1.037e+04	+0.766
33.600	+3.292e+03	+7.921e+03	+1.155e+04	+0.706
33.700	+5.151e+03	+5.943e+03	+9.450e+03	+0.536
33.800	+6.657e+03	+3.327e+03	+1.019e+04	+0.333
33.900	+7.197e+03	+3.473e+03	+9.245e+03	+0.325
34.000	+5.867e+03	+3.989e+03	+1.113e+04	+0.405
34.100	+8.136e+03	+3.701e+03	+9.440e+03	+0.313
34.200	+6.879e+03	+2.541e+03	+1.041e+04	+0.270
34.300	+5.746e+03	+3.131e+03	+1.082e+04	+0.353
34.400	+7.446e+03	+8.516e+02	+9.548e+03	+0.103
34.500	+7.142e+03	+2.597e+03	+1.050e+04	+0.267
34.600	+7.303e+03	+3.105e+03	+1.106e+04	+0.298
34.700	+7.218e+03	+4.357e+03	+1.013e+04	+0.376
34.800	+5.927e+03	+3.150e+03	+8.748e+03	+0.347
34.900	+7.069e+03	+3.607e+03	+9.320e+03	+0.338
35.000	+6.328e+03	+2.982e+03	+9.123e+03	+0.320
35.100	+5.725e+03	+2.504e+03	+1.000e+04	+0.304
35.200	+8.934e+03	+2.935e+03	+9.554e+03	+0.247
35.300	+4.342e+03	+6.588e+03	+9.310e+03	+0.603
35.400	+4.697e+03	+6.088e+03	+9.501e+03	+0.565
35.500	+2.516e+03	+7.205e+03	+9.770e+03	+0.741
35.600	+2.710e+03	+7.910e+03	+1.027e+04	+0.745
35.700	+3.119e+03	+6.755e+03	+8.211e+03	+0.684
35.800	+3.574e+03	+6.833e+03	+8.548e+03	+0.657
35.900	+2.741e+03	+6.542e+03	+9.003e+03	+0.705
36.000	+7.633e+03	+2.784e+03	+9.829e+03	+0.267
36.100	+6.224e+03	+2.948e+03	+1.012e+04	+0.321
36.200	+7.807e+03	+1.650e+03	+1.033e+04	+0.174
36.300	+5.063e+03	+5.974e+03	+9.606e+03	+0.541
36.400	+3.707e+03	+6.945e+03	+1.039e+04	+0.652
36.500	+2.005e+03	+6.228e+03	+1.034e+04	+0.756
36.600	+3.879e+03	+8.429e+03	+9.531e+03	+0.685
36.700	+2.456e+03	+7.219e+03	+1.125e+04	+0.746
36.800	+3.689e+03	+6.075e+03	+9.641e+03	+0.622
36.900	+3.825e+03	+5.677e+03	+9.974e+03	+0.597
37.000	+2.875e+03	+7.802e+03	+8.573e+03	+0.731
37.100	+2.435e+03	+7.458e+03	+9.503e+03	+0.754
37.200	+3.011e+03	+6.702e+03	+9.326e+03	+0.690
37.300	+3.594e+03	+7.718e+03	+9.416e+03	+0.682
37.400	+2.088e+03	+8.346e+03	+1.061e+04	+0.800
37.500	+3.003e+03	+6.613e+03	+8.871e+03	+0.688
37.600	+1.969e+03	+8.267e+03	+1.002e+04	+0.808
37.700	+4.076e+03	+5.833e+03	+1.003e+04	+0.589
37.800	+6.228e+03	+5.027e+03	+1.076e+04	+0.447
37.900	+6.356e+03	+3.747e+03	+9.104e+03	+0.371
38.000	+8.341e+03	+3.725e+03	+1.086e+04	+0.309
38.100	+7.118e+03	+2.376e+03	+9.486e+03	+0.250
38.200	+7.410e+03	+3.213e+03	+1.104e+04	+0.302
38.300	+7.361e+03	+2.667e+03	+9.509e+03	+0.266
38.400	+8.029e+03	+4.788e+03	+1.026e+04	+0.374
38.500	+6.164e+03	+3.584e+03	+9.324e+03	+0.368
38.600	+8.152e+03	+3.931e+03	+1.046e+04	+0.325
38.700	+7.916e+03	+2.502e+03	+9.235e+03	+0.240
38.800	+6.144e+03	+3.200e+03	+1.094e+04	+0.343
38.900	+7.837e+03	+3.210e+03	+9.483e+03	+0.291
39.000	+7.174e+03	+2.503e+03	+9.388e+03	+0.259
39.100	+7.118e+03	+2.684e+03	+9.310e+03	+0.274
39.200	+7.250e+03	+2.571e+03	+9.991e+03	+0.262
39.300	+8.145e+03	+4.000e+03	+1.019e+04	+0.329
39.400	+7.291e+03	+3.316e+03	+9.824e+03	+0.313
39.500	+5.576e+03	+2.655e+03	+1.039e+04	+0.323
39.600	+7.998e+03	+4.069e+03	+9.647e+03	+0.337
39.700	+6.869e+03	+3.756e+03	+9.986e+03	+0.353
39.800	+6.177e+03	+3.008e+03	+9.667e+03	+0.327
39.900	+5.767e+03	+3.977e+03	+9.411e+03	+0.408
40.000	+7.750e+03	+3.023e+03	+1.037e+04	+0.281
40.100	+6.521e+03	+3.206e+03	+9.492e+03	+0.330
40.200	+7.882e+03	+2.455e+03	+1.051e+04	+0.237
40.300	+5.665e+03	+3.135e+03	+1.086e+04	+0.356
40.400	+6.271e+03	+2.816e+03	+1.144e+04	+0.310
40.500	+6.844e+03	+3.072e+03	+9.597e+03	+0.310
40.600	+8.057e+03	+3.845e+03	+1.039e+04	+0.323
40.700	+7.126e+03	+1.415e+03	+9.695e+03	+0.166
40.800	+5.466e+03	+5.282e+03	+1.079e+04	+0.491
40.900	+2.371e+03	+7.536e+03	+9.686e+03	+0.761
41.000	+2.279e+03	+6.131e+03	+1.014e+04	+0.729
41.100	+2.769e+03	+6.940e+03	+8.796e+03	+0.715
41.200	+3.442e+03	+7.450e+03	+1.018e+04	+0.684
41.300	+2.980e+03	+6.544e+03	+9.959e+03	+0.687
41.400	+1.978e+03	+6.785e+03	+9.247e+03	+0.774
41.500	+1.612e+03	+6.131e+03	+1.011e+04	+0.792
41.600	+3.013e+03	+7.535e+03	+1.067e+04	+0.714
41.700	+1.957e+03	+5.971e+03	+1.094e+04	+0.753
41.800	+1.692e+03	+6.558e+03	+1.149e+04	+0.795
41.900	+1.573e+03	+7.478e+03	+9.037e+03	+0.826
42.000	+2.319e+03	+7.163e+03	+9.798e+03	+0.755
42.100	+2.631e+03	+6.586e+03	+1.183e+04	+0.715
42.200	+2.595e+03	+6.626e+03	+9.157e+03	+0.719
42.300	+3.072e+03	+8.062e+03	+9.248e+03	+0.724
42.400	+5.703e+03	+7.443e+03	+8.619e+03	+0.566
42.500	+1.438e+03	+7.747e+03	+1.103e+04	+0.843
42.600	+3.930e+03	+6.762e+03	+9.933e+03	+0.632
42.700	+3.705e+03	+7.221e+03	+9.655e+03	+0.661
42.800	+5.421e+03	+4.926e+03	+9.285e+03	+0.476
42.900	+5.320e+03	+3.115e+03	+1.038e+04	+0.369
43.000	+6.570e+03	+2.170e+03	+1.044e+04	+0.248
43.100	+6.735e+03	+3.900e+03	+1.124e+04	+0.367
43.200	+7.619e+03	+3.551e+03	+9.577e+03	+0.318
43.300	+6.075e+03	+4.485e+03	+1.092e+04	+0.425
43.400	+7.480e+03	+2.846e+03	+1.034e+04	+0.276
43.500	+6.597e+03	+2.562e+03	+1.090e+04	+0.280
43.600	+6.727e+03	+2.757e+03	+1.093e+04	+0.291
43.700	+6.824e+03	+3.115e+03	+1.075e+04	+0.313
43.800	+6.334e+03	+3.424e+03	+9.974e+03	+0.351
43.900	+6.519e+03	+2.133e+03	+1.026e+04	+0.247
44.000	+3.329e+03	+8.313e+03	+1.184e+04	+0.714
44.100	+3.310e+03	+5.921e+03	+1.011e+04	+0.641
44.200	+2.107e+03	+6.767e+03	+8.728e+03	+0.763
44.300	+3.241e+03	+6.994e+03	+9.530e+03	+0.683
44.400	+2.554e+03	+6.455e+03	+1.004e+04	+0.716
44.500	+2.550e+03	+7.440e+03	+1.029e+04	+0.745
44.600	+1.992e+03	+6.769e+03	+1.046e+04	+0.773
44.700	+1.826e+03	+7.292e+03	+9.414e+03	+0.800
44.800	+2.151e+03	+7.833e+03	+9.499e+03	+0.785
44.900	+3.058e+03	+7.059e+03	+9.464e+03	+0.698
45.000	+2.387e+03	+6.029e+03	+9.860e+03	+0.716
45.100	+2.186e+03	+7.820e+03	+9.798e+03	+0.781
45.200	+4.002e+03	+7.506e+03	+1.096e+04	+0.652
45.300	+3.690e+03	+6.363e+03	+9.862e+03	+0.633
45.400	+2.343e+03	+5.583e+03	+9.733e+03	+0.704
45.500	+3.738e+03	+6.352e+03	+1.115e+04	+0.630
45.600	+2.496e+03	+6.105e+03	+1.046e+04	+0.710
45.700	+2.563e+03	+6.522e+03	+9.631e+03	+0.718
45.800	+3.554e+03	+7.595e+03	+1.108e+04	+0.681
45.900	+2.787e+03	+7.430e+03	+9.410e+03	+0.727
46.000	+2.980e+03	+7.286e+03	+1.021e+04	+0.710
46.100	+1.560e+03	+5.405e+03	+1.068e+04	+0.776
46.200	+3.455e+03	+6.383e+03	+9.666e+03	+0.649
46.300	+3.732e+03	+6.521e+03	+1.077e+04	+0.636
46.400	+2.553e+03	+7.911e+03	+9.558e+03	+0.756
46.500	+3.458e+03	+7.669e+03	+1.090e+04	+0.689
46.600	+3.465e+03	+5.525e+03	+1.012e+04	+0.615
46.700	+4.105e+03	+7.691e+03	+1.150e+04	+0.652
46.800	+2.001e+03	+6.136e+03	+9.320e+03	+0.754
46.900	+2.975e+03	+6.414e+03	+1.149e+04	+0.683
47.000	+3.238e+03	+8.771e+03	+9.716e+03	+0.730
47.100	+5.045e+03	+5.692e+03	+9.157e+03	+0.530
47.200	+6.064e+03	+1.620e+03	+8.721e+03	+0.211
47.300	+6.002e+03	+3.190e+03	+7.964e+03	+0.347
47.400	+7.448e+03	+3.371e+03	+1.016e+04	+0.312
47.500	+7.999e+03	+3.647e+02	+1.027e+04	+0.044
47.600	+7.338e+03	+3.168e+03	+1.125e+04	+0.302
47.700	+7.783e+03	+4.085e+03	+9.858e+03	+0.344
47.800	+6.422e+03	+2.505e+03	+9.227e+03	+0.281
47.900	+7.448e+03	+3.337e+03	+1.026e+04	+0.309
48.000	+6.305e+03	+3.283e+03	+9.873e+03	+0.342
48.100	+7.184e+03	+3.177e+03	+1.050e+04	+0.307
48.200	+6.981e+03	+2.315e+03	+1.124e+04	+0.249
48.300	+6.919e+03	+4.029e+03	+1.053e+04	+0.368
48.400	+7.333e+03	+3.824e+03	+1.035e+04	+0.343
48.500	+5.497e+03	+1.970e+03	+1.051e+04	+0.264
48.600	+6.410e+03	+2.243e+03	+1.088e+04	+0.259
48.700	+6.629e+03	+2.448e+03	+1.059e+04	+0.270
48.800	+6.242e+03	+2.553e+03	+9.632e+03	+0.290
48.900	+7.542e+03	+5.325e+03	+9.053e+03	+0.414
49.000	+6.497e+03	+3.648e+03	+1.103e+04	+0.360
49.100	+6.507e+03	+2.917e+03	+9.981e+03	+0.310
49.200	+8.523e+03	+2.570e+03	+8.525e+03	+0.232
49.300	+8.025e+03	+1.685e+03	+9.853e+03	+0.174
49.400	+6.905e+03	+3.093e+03	+1.050e+04	+0.309
49.500	+6.904e+03	+2.596e+03	+9.466e+03	+0.273
49.600	+6.062e+03	+3.813e+03	+1.026e+04	+0.386
49.700	+5.499e+03	+3.574e+03	+9.361e+03	+0.394
49.800	+6.701e+03	+2.613e+03	+1.096e+04	+0.281
49.900	+5.501e+03	+3.278e+03	+1.019e+04	+0.373
50.000	+7.819e+03	+2.205e+03	+9.926e+03	+0.220
50.100	+7.975e+03	+3.663e+03	+8.651e+03	+0.315
50.200	+8.335e+03	+3.033e+03	+9.004e+03	+0.267
50.300	+7.967e+03	+2.984e+03	+1.109e+04	+0.272
50.400	+7.065e+03	+3.135e+03	+1.030e+04	+0.307
50.500	+6.537e+03	+3.738e+03	+9.570e+03	+0.364
50.600	+4.632e+03	+6.188e+03	+1.076e+04	+0.572
50.700	+5.359e+03	+4.499e+03	+1.044e+04	+0.456
50.800	+3.619e+03	+6.644e+03	+1.077e+04	+0.647
50.900	+2.885e+03	+6.651e+03	+1.039e+04	+0.697
51.000	+3.128e+03	+7.117e+03	+1.070e+04	+0.695
51.100	+2.868e+03	+6.284e+03	+1.080e+04	+0.687
51.200	+3.148e+03	+7.591e+03	+1.028e+04	+0.707
51.300	+2.009e+03	+6.638e+03	+1.038e+04	+0.768
51.400	+2.622e+03	+6.194e+03	+1.137e+04	+0.703
51.500	+2.135e+03	+7.193e+03	+8.597e+03	+0.771
51.600	+1.500e+03	+5.798e+03	+1.032e+04	+0.794
51.700	+2.788e+03	+6.280e+03	+1.017e+04	+0.693
51.800	+2.513e+03	+7.186e+03	+9.597e+03	+0.741
51.900	+2.608e+03	+7.209e+03	+1.044e+04	+0.734
52.000	+7.788e+03	+2.320e+03	+9.676e+03	+0.230
52.100	+7.323e+03	+3.241e+03	+9.502e+03	+0.307
52.200	+6.737e+03	+3.255e+03	+1.022e+04	+0.326
52.300	+6.814e+03	+2.674e+03	+9.037e+03	+0.282
52.400	+7.500e+03	+1.895e+03	+1.092e+04	+0.202
52.500	+8.494e+03	+1.787e+03	+1.108e+04	+0.174
52.600	+7.243e+03	+2.923e+03	+1.062e+04	+0.288
52.700	+8.217e+03	+1.952e+03	+1.024e+04	+0.192
52.800	+6.765e+03	+4.731e+03	+8.987e+03	+0.412
52.900	+7.806e+03	+3.154e+03	+9.317e+03	+0.288
53.000	+7.239e+03	+2.164e+03	+9.626e+03	+0.230
53.100	+8.571e+03	+3.130e+03	+1.001e+04	+0.267
53.200	+7.362e+03	+3.311e+03	+9.658e+03	+0.310
53.300	+6.191e+03	+3.666e+03	+1.055e+04	+0.372
53.400	+2.397e+03	+6.850e+03	+1.059e+04	+0.741
53.500	+3.404e+03	+6.256e+03	+1.054e+04	+0.648
53.600	+5.264e+03	+6.118e+03	+9.361e+03	+0.538
53.700	+6.048e+03	+4.123e+03	+8.926e+03	+0.405
53.800	+7.510e+03	+2.383e+03	+9.309e+03	+0.241
53.900	+6.809e+03	+5.051e+03	+1.004e+04	+0.426
54.000	+7.356e+03	+2.826e+03	+9.760e+03	+0.278
54.100	+6.725e+03	+3.944e+03	+9.129e+03	+0.370
54.200	+6.841e+03	+2.501e+03	+9.951e+03	+0.268
54.300	+6.917e+03	+1.774e+03	+9.327e+03	+0.204
54.400	+6.803e+03	+3.288e+03	+8.804e+03	+0.326
54.500	+7.676e+03	+3.349e+03	+1.033e+04	+0.304
54.600	+8.409e+03	+3.196e+03	+1.126e+04	+0.275
54.700	+7.076e+03	+3.042e+03	+9.390e+03	+0.301
54.800	+6.982e+03	+3.355e+03	+1.017e+04	+0.325
54.900	+6.352e+03	+2.945e+03	+9.885e+03	+0.317
55.000	+6.661e+03	+1.955e+03	+1.002e+04	+0.227
55.100	+6.859e+03	+2.207e+03	+9.153e+03	+0.243
55.200	+4.931e+03	+4.153e+03	+1.032e+04	+0.457
55.300	+6.005e+03	+2.430e+03	+1.085e+04	+0.288
55.400	+2.593e+03	+6.907e+03	+1.111e+04	+0.727
55.500	+2.895e+03	+6.838e+03	+9.226e+03	+0.703
55.600	+2.588e+03	+5.198e+03	+1.041e+04	+0.668
55.700	+3.940e+03	+7.367e+03	+9.682e+03	+0.652
55.800	+3.278e+03	+5.431e+03	+9.673e+03	+0.624
55.900	+3.283e+03	+7.642e+03	+9.872e+03	+0.699
56.000	+1.520e+03	+7.495e+03	+8.783e+03	+0.831
56.100	+2.992e+03	+6.032e+03	+8.289e+03	+0.668
56.200	+4.600e+03	+6.577e+03	+1.078e+04	+0.588
56.300	+3.875e+03	+7.341e+03	+9.264e+03	+0.654
56.400	+3.210e+03	+6.773e+03	+9.723e+03	+0.678
56.500	+2.194e+03	+6.898e+03	+1.002e+04	+0.759
56.600	+2.105e+03	+7.840e+03	+9.190e+03	+0.788
56.700	+2.236e+03	+7.448e+03	+9.764e+03	+0.769
56.800	+3.109e+03	+6.123e+03	+1.121e+04	+0.663
56.900	+3.108e+03	+6.514e+03	+1.140e+04	+0.677
57.000	+1.822e+03	+7.748e+03	+1.032e+04	+0.810
57.100	+3.500e+03	+7.674e+03	+9.915e+03	+0.687
57.200	+3.742e+03	+6.623e+03	+1.103e+04	+0.639
57.300	+2.876e+03	+6.070e+03	+1.054e+04	+0.678
57.400	+3.333e+03	+8.470e+03	+1.019e+04	+0.718
57.500	+3.091e+03	+6.893e+03	+8.729e+03	+0.690
57.600	+2.755e+03	+6.725e+03	+9.834e+03	+0.709
57.700	+2.447e+03	+8.226e+03	+1.012e+04	+0.771
57.800	+3.476e+03	+7.115e+03	+1.034e+04	+0.672
57.900	+3.296e+03	+6.436e+03	+1.007e+04	+0.661
58.000	+2.295e+03	+6.448e+03	+9.130e+03	+0.737
58.100	+2.022e+03	+6.777e+03	+8.851e+03	+0.770
58.200	+3.197e+03	+8.021e+03	+9.815e+03	+0.715
58.300	+3.772e+03	+6.557e+03	+1.110e+04	+0.635
58.400	+2.102e+03	+6.662e+03	+1.044e+04	+0.760
58.500	+3.881e+03	+6.845e+03	+1.160e+04	+0.638
58.600	+2.106e+03	+7.346e+03	+1.018e+04	+0.777
58.700	+3.511e+03	+6.966e+03	+1.123e+04	+0.665
58.800	+4.565e+03	+6.472e+03	+1.020e+04	+0.586
58.900	+2.860e+03	+6.527e+03	+9.005e+03	+0.695
59.000	+2.159e+03	+7.241e+03	+1.136e+04	+0.770
59.100	+3.374e+03	+6.926e+03	+1.057e+04	+0.672
59.200	+3.359e+03	+6.387e+03	+9.811e+03	+0.655
59.300	+3.315e+03	+6.451e+03	+1.120e+04	+0.661
59.400	+5.295e+03	+6.796e+03	+9.688e+03	+0.562
59.500	+2.047e+03	+6.594e+03	+1.056e+04	+0.763
59.600	+1.700e+03	+6.891e+03	+7.581e+03	+0.802
59.700	+3.377e+03	+6.149e+03	+8.994e+03	+0.645
59.800	+4.064e+03	+6.689e+03	+9.427e+03	+0.622
59.900	+3.133e+03	+6.295e+03	+1.131e+04	+0.668
60.000	+3.439e+03	+6.472e+03	+1.067e+04	+0.653
60.100	+2.672e+03	+6.088e+03	+1.086e+04	+0.695
60.200	+2.789e+03	+7.522e+03	+9.004e+03	+0.729
60.300	+3.454e+03	+7.942e+03	+9.553e+03	+0.697
60.400	+4.612e+03	+7.700e+03	+1.121e+04	+0.625
60.500	+3.598e+03	+6.477e+03	+1.076e+04	+0.643
60.600	+4.305e+03	+7.474e+03	+9.157e+03	+0.635
60.700	+2.748e+03	+5.574e+03	+9.805e+03	+0.670
60.800	+3.828e+03	+6.830e+03	+1.041e+04	+0.641
60.900	+4.686e+03	+6.772e+03	+1.050e+04	+0.591
61.000	+2.302e+03	+7.345e+03	+9.134e+03	+0.761
61.100	+3.440e+03	+5.960e+03	+9.394e+03	+0.634
61.200	+7.271e+03	+2.680e+03	+1.058e+04	+0.269
61.300	+6.175e+03	+4.002e+03	+1.071e+04	+0.393
61.400	+7.183e+03	+1.814e+03	+1.173e+04	+0.202
61.500	+8.182e+03	+3.642e+03	+1.149e+04	+0.308
61.600	+8.072e+03	+2.686e+03	+1.120e+04	+0.250
61.700	+6.359e+03	+1.743e+03	+9.228e+03	+0.215
61.800	+8.343e+03	+2.985e+03	+1.064e+04	+0.263
61.900	+6.617e+03	+2.052e+03	+1.135e+04	+0.237
62.000	+6.709e+03	+2.080e+03	+1.042e+04	+0.237
62.100	+5.871e+03	+3.390e+03	+1.076e+04	+0.366
62.200	+5.674e+03	+2.492e+03	+8.662e+03	+0.305
62.300	+6.687e+03	+1.171e+03	+9.551e+03	+0.149
62.400	+8.028e+03	+3.172e+03	+9.878e+03	+0.283
62.500	+7.135e+03	+2.991e+03	+1.036e+04	+0.295
62.600	+8.294e+03	+3.598e+03	+1.067e+04	+0.303
62.700	+7.050e+03	+1.945e+03	+9.091e+03	+0.216
62.800	+7.854e+03	+1.145e+03	+1.065e+04	+0.127
62.900	+7.464e+03	+2.222e+03	+9.678e+03	+0.229
63.000	+6.316e+03	+4.904e+03	+9.692e+03	+0.437
63.100	+5.009e+03	+3.406e+03	+9.269e+03	+0.405
63.200	+6.641e+03	+4.035e+03	+9.844e+03	+0.378
63.300	+6.499e+03	+1.986e+03	+1.013e+04	+0.234
63.400	+6.553e+03	+3.257e+03	+9.490e+03	+0.332
63.500	+6.802e+03	+3.065e+03	+1.013e+04	+0.311
63.600	+6.547e+03	+3.034e+03	+1.078e+04	+0.317
63.700	+8.715e+03	+3.234e+03	+9.757e+03	+0.271
63.800	+7.562e+03	+3.148e+03	+1.021e+04	+0.294
63.900	+6.312e+03	+3.244e+03	+9.473e+03	+0.339
64.000	+7.284e+03	+2.347e+03	+1.009e+04	+0.244
64.100	+7.085e+03	+2.755e+03	+9.297e+03	+0.280
64.200	+6.574e+03	+3.646e+03	+1.013e+04	+0.357
64.300	+6.756e+03	+3.670e+03	+1.104e+04	+0.352
64.400	+7.554e+03	+1.242e+03	+1.091e+04	+0.141
64.500	+7.377e+03	+3.877e+03	+1.021e+04	+0.345
64.600	+7.943e+03	+3.670e+03	+1.023e+04	+0.316
64.700	+6.556e+03	+3.770e+03	+1.067e+04	+0.365
64.800	+7.943e+03	+3.410e+03	+9.203e+03	+0.300
64.900	+7.093e+03	+2.999e+03	+9.266e+03	+0.297
65.000	+6.793e+03	+3.094e+03	+1.044e+04	+0.313
65.100	+6.190e+03	+2.677e+03	+1.026e+04	+0.302
65.200	+7.246e+03	+2.579e+03	+1.002e+04	+0.263
65.300	+6.843e+03	+4.600e+03	+1.014e+04	+0.402
65.400	+2.262e+03	+6.997e+03	+9.649e+03	+0.756
65.500	+4.871e+03	+8.762e+03	+1.025e+04	+0.643
65.600	+2.981e+03	+6.323e+03	+9.528e+03	+0.680
65.700	+1.974e+03	+7.709e+03	+8.572e+03	+0.796
65.800	+4.176e+03	+6.248e+03	+1.090e+04	+0.599
65.900	+3.980e+03	+7.486e+03	+9.193e+03	+0.653
66.000	+1.207e+03	+7.130e+03	+1.058e+04	+0.855
66.100	+2.811e+03	+7.795e+03	+1.008e+04	+0.735
66.200	+3.338e+03	+7.382e+03	+1.010e+04	+0.689
66.300	+3.191e+03	+7.020e+03	+1.049e+04	+0.687
66.400	+1.964e+03	+6.054e+03	+1.070e+04	+0.755
66.500	+2.563e+03	+6.285e+03	+1.121e+04	+0.710
66.600	+4.419e+03	+8.010e+03	+1.014e+04	+0.644
66.700	+1.933e+03	+6.113e+03	+1.030e+04	+0.760
66.800	+2.881e+03	+7.957e+03	+9.606e+03	+0.734
66.900	+3.952e+03	+7.648e+03	+9.552e+03	+0.659
67.000	+3.661e+03	+6.687e+03	+1.057e+04	+0.646
67.100	+3.881e+03	+6.526e+03	+1.055e+04	+0.627
67.200	+3.958e+03	+7.201e+03	+1.016e+04	+0.645
67.300	+1.827e+03	+7.892e+03	+9.551e+03	+0.812
67.400	+3.459e+03	+7.274e+03	+1.011e+04	+0.678
67.500	+3.160e+03	+6.820e+03	+1.044e+04	+0.683
67.600	+3.273e+03	+7.726e+03	+1.103e+04	+0.702
67.700	+2.688e+03	+7.335e+03	+9.781e+03	+0.732
67.800	+4.308e+03	+6.408e+03	+9.223e+03	+0.598
67.900	+4.013e+03	+7.529e+03	+1.068e+04	+0.652
68.000	+3.531e+03	+5.867e+03	+8.654e+03	+0.624
68.100	+1.468e+03	+7.599e+03	+1.039e+04	+0.838
68.200	+2.985e+03	+7.559e+03	+8.968e+03	+0.717
68.300	+3.503e+03	+6.464e+03	+1.000e+04	+0.649
68.400	+2.544e+03	+5.182e+03	+1.178e+04	+0.671
68.500	+4.427e+03	+8.059e+03	+9.134e+03	+0.645
68.600	+2.398e+03	+6.247e+03	+8.811e+03	+0.723
68.700	+3.190e+03	+5.840e+03	+9.620e+03	+0.647
68.800	+2.634e+03	+7.842e+03	+9.363e+03	+0.749
68.900	+2.487e+03	+6.327e+03	+1.071e+04	+0.718
69.000	+3.631e+03	+8.528e+03	+8.931e+03	+0.701
69.100	+3.840e+03	+6.499e+03	+1.032e+04	+0.629
69.200	+2.960e+03	+6.974e+03	+9.693e+03	+0.702
69.300	+3.572e+03	+7.672e+03	+8.835e+03	+0.682
69.400	+3.322e+03	+8.212e+03	+9.054e+03	+0.712
69.500	+4.521e+03	+7.446e+03	+1.129e+04	+0.622
69.600	+2.212e+03	+5.355e+03	+9.355e+03	+0.708
69.700	+2.972e+03	+6.901e+03	+1.086e+04	+0.699
69.800	+3.585e+03	+7.793e+03	+1.075e+04	+0.685
69.900	+3.764e+03	+6.535e+03	+1.045e+04	+0.635
70.000	+3.416e+03	+7.538e+03	+1.052e+04	+0.688
70.100	+3.262e+03	+6.835e+03	+1.042e+04	+0.677
70.200	+4.105e+03	+6.190e+03	+9.950e+03	+0.601
70.300	+2.513e+03	+7.366e+03	+1.069e+04	+0.746
70.400	+3.056e+03	+6.822e+03	+9.919e+03	+0.691
70.500	+2.945e+03	+6.147e+03	+1.088e+04	+0.676
70.600	+1.741e+03	+5.831e+03	+9.331e+03	+0.770
70.700	+7.357e+03	+3.206e+03	+1.104e+04	+0.303
70.800	+5.753e+03	+2.720e+03	+1.003e+04	+0.321
70.900	+7.863e+03	+3.876e+03	+1.059e+04	+0.330
71.000	+8.187e+03	+2.798e+03	+1.056e+04	+0.255
71.100	+7.117e+03	+3.904e+03	+1.050e+04	+0.354
71.200	+6.828e+03	+3.287e+03	+8.560e+03	+0.325
71.300	+6.134e+03	+2.293e+03	+9.527e+03	+0.272
71.400	+7.461e+03	+1.922e+03	+8.811e+03	+0.205
71.500	+6.418e+03	+2.587e+03	+9.546e+03	+0.287
71.600	+5.145e+03	+4.199e+03	+1.111e+04	+0.449
71.700	+3.786e+03	+6.473e+03	+1.123e+04	+0.631
71.800	+4.632e+03	+6.530e+03	+1.053e+04	+0.585
71.900	+5.269e+03	+4.560e+03	+9.394e+03	+0.464
72.000	+7.433e+03	+1.365e+03	+9.246e+03	+0.155
72.100	+8.223e+03	+2.572e+03	+1.094e+04	+0.238
72.200	+7.881e+03	+2.959e+03	+1.025e+04	+0.273
72.300	+7.106e+03	+1.837e+03	+9.861e+03	+0.205
72.400	+8.452e+03	+2.371e+03	+1.011e+04	+0.219
72.500	+6.010e+03	+2.620e+03	+8.694e+03	+0.304
72.600	+7.327e+03	+3.112e+03	+9.425e+03	+0.298
72.700	+7.834e+03	+2.138e+03	+9.891e+03	+0.214
72.800	+6.510e+03	+2.437e+03	+8.893e+03	+0.272
72.900	+6.417e+03	+3.295e+03	+9.641e+03	+0.339
73.000	+6.731e+03	+2.728e+03	+1.034e+04	+0.288
73.100	+6.838e+03	+3.585e+03	+1.046e+04	+0.344
73.200	+6.802e+03	+2.758e+03	+9.727e+03	+0.289
73.300	+6.752e+03	+2.703e+03	+8.738e+03	+0.286
73.400	+8.034e+03	+3.766e+03	+9.864e+03	+0.319
73.500	+7.226e+03	+3.423e+03	+8.477e+03	+0.321
73.600	+7.642e+03	+3.544e+03	+9.603e+03	+0.317
73.700	+6.795e+03	+2.182e+03	+1.005e+04	+0.243
73.800	+3.212e+03	+6.082e+03	+1.010e+04	+0.654
73.900	+2.666e+03	+6.683e+03	+9.951e+03	+0.715
74.000	+4.216e+03	+6.115e+03	+1.012e+04	+0.592
74.100	+3.079e+03	+7.371e+03	+9.535e+03	+0.705
74.200	+2.813e+03	+6.619e+03	+9.870e+03	+0.702
74.300	+2.078e+03	+7.996e+03	+9.566e+03	+0.794
74.400	+4.129e+03	+6.487e+03	+1.003e+04	+0.611
74.500	+3.878e+03	+7.224e+03	+9.576e+03	+0.651
74.600	+5.194e+03	+6.232e+03	+1.016e+04	+0.545
74.700	+3.659e+03	+6.103e+03	+1.041e+04	+0.625
74.800	+2.573e+03	+7.243e+03	+1.040e+04	+0.738
74.900	+3.462e+03	+6.126e+03	+1.052e+04	+0.639
75.000	+4.104e+03	+4.696e+03	+8.923e+03	+0.534
75.100	+5.490e+03	+2.033e+03	+9.230e+03	+0.270
75.200	+6.400e+03	+2.592e+03	+1.033e+04	+0.288
75.300	+6.750e+03	+1.486e+03	+1.023e+04	+0.180
75.400	+5.792e+03	+2.817e+03	+9.628e+03	+0.327
75.500	+8.619e+03	+1.709e+03	+1.030e+04	+0.165
75.600	+7.553e+03	+3.125e+03	+8.505e+03	+0.293
75.700	+7.167e+03	+4.155e+03	+8.940e+03	+0.367
75.800	+4.881e+03	+5.522e+03	+9.642e+03	+0.531
75.900	+2.473e+03	+5.361e+03	+9.401e+03	+0.684
76.000	+4.812e+03	+6.387e+03	+9.498e+03	+0.570
76.100	+6.244e+03	+4.852e+03	+9.689e+03	+0.437
76.200	+5.993e+03	+1.888e+03	+8.881e+03	+0.240
76.300	+3.485e+03	+4.517e+03	+1.021e+04	+0.565
76.400	+2.790e+03	+7.684e+03	+7.642e+03	+0.734
76.500	+2.819e+03	+6.789e+03	+1.073e+04	+0.707
76.600	+2.117e+03	+7.581e+03	+9.975e+03	+0.782
76.700	+2.598e+03	+6.609e+03	+8.920e+03	+0.718
76.800	+1.805e+03	+7.071e+03	+1.059e+04	+0.797
76.900	+2.767e+03	+5.502e+03	+1.037e+04	+0.665
77.000	+3.059e+03	+6.141e+03	+1.003e+04	+0.668
77.100	+2.599e+03	+6.059e+03	+1.016e+04	+0.700
77.200	+4.114e+03	+6.178e+03	+1.100e+04	+0.600
77.300	+3.378e+03	+6.971e+03	+1.020e+04	+0.674
77.400	+3.552e+03	+6.716e+03	+1.069e+04	+0.654
77.500	+2.621e+03	+6.814e+03	+1.040e+04	+0.722
77.600	+1.715e+03	+7.181e+03	+9.857e+03	+0.807
77.700	+2.453e+03	+7.802e+03	+1.016e+04	+0.761
77.800	+3.901e+03	+5.779e+03	+9.113e+03	+0.597
77.900	+2.989e+03	+6.663e+03	+1.108e+04	+0.690
78.000	+1.425e+03	+7.630e+03	+1.142e+04	+0.843
78.100	+3.860e+03	+6.978e+03	+1.022e+04	+0.644
78.200	+3.523e+03	+5.851e+03	+1.051e+04	+0.624
78.300	+3.254e+03	+8.007e+03	+1.049e+04	+0.711
78.400	+1.958e+02	+6.833e+03	+1.016e+04	+0.972
78.500	+4.830e+03	+5.201e+03	+1.082e+04	+0.518
78.600	+7.522e+03	+2.620e+03	+9.099e+03	+0.258
78.700	+7.200e+03	+4.011e+03	+1.061e+04	+0.358
78.800	+6.595e+03	+3.402e+03	+1.016e+04	+0.340
78.900	+8.243e+03	+2.225e+03	+9.181e+03	+0.213
79.000	+6.501e+03	+2.797e+03	+1.116e+04	+0.301
79.100	+6.147e+03	+4.158e+03	+1.019e+04	+0.403
79.200	+7.285e+03	+2.205e+03	+1.015e+04	+0.232
79.300	+8.362e+03	+1.978e+03	+1.037e+04	+0.191
79.400	+7.351e+03	+2.463e+03	+9.651e+03	+0.251
79.500	+6.356e+03	+3.435e+03	+1.093e+04	+0.351
79.600	+6.609e+03	+3.063e+03	+1.018e+04	+0.317
79.700	+7.279e+03	+3.203e+03	+9.530e+03	+0.306
79.800	+6.983e+03	+2.931e+03	+1.000e+04	+0.296
79.900	+8.337e+03	+1.865e+03	+9.259e+03	+0.183
80.000	+6.769e+03	+1.874e+03	+9.323e+03	+0.217
80.100	+5.532e+03	+2.798e+03	+1.031e+04	+0.336
80.200	+7.210e+03	+2.696e+03	+8.965e+03	+0.272
80.300	+8.289e+03	+2.654e+03	+8.120e+03	+0.243
80.400	+7.490e+03	+4.287e+03	+9.887e+03	+0.364
80.500	+7.266e+03	+1.905e+03	+1.044e+04	+0.208
80.600	+6.665e+03	+2.289e+03	+8.442e+03	+0.256
80.700	+7.361e+03	+3.755e+03	+9.040e+03	+0.338
80.800	+5.961e+03	+3.185e+03	+1.070e+04	+0.348
80.900	+7.311e+03	+2.245e+03	+1.119e+04	+0.235
81.000	+7.904e+03	+3.907e+03	+9.764e+03	+0.331
81.100	+6.719e+03	+5.124e+03	+1.124e+04	+0.433
81.200	+6.888e+03	+3.157e+03	+9.706e+03	+0.314
81.300	+4.992e+03	+4.354e+03	+9.859e+03	+0.466
81.400	+3.352e+03	+7.089e+03	+1.028e+04	+0.679
81.500	+2.525e+03	+8.195e+03	+1.019e+04	+0.764
81.600	+4.877e+03	+7.756e+03	+8.749e+03	+0.614
81.700	+3.474e+03	+6.364e+03	+8.814e+03	+0.647
81.800	+2.648e+03	+7.089e+03	+8.987e+03	+0.728
81.900	+3.094e+03	+7.664e+03	+1.012e+04	+0.712
82.000	+2.028e+03	+6.900e+03	+9.482e+03	+0.773
82.100	+4.536e+03	+5.397e+03	+1.092e+04	+0.543
82.200	+2.373e+03	+7.206e+03	+1.091e+04	+0.752
82.300	+3.980e+03	+6.909e+03	+1.072e+04	+0.634
82.400	+2.823e+03	+7.035e+03	+8.683e+03	+0.714
82.500	+2.377e+03	+7.077e+03	+1.016e+04	+0.749
82.600	+4.086e+03	+5.825e+03	+9.521e+03	+0.588
82.700	+3.145e+03	+7.257e+03	+1.067e+04	+0.698
82.800	+2.037e+03	+7.200e+03	+9.728e+03	+0.779
82.900	+3.583e+03	+7.411e+03	+1.196e+04	+0.674
83.000	+3.095e+03	+6.197e+03	+9.296e+03	+0.667
83.100	+2.785e+03	+6.766e+03	+1.269e+04	+0.708
83.200	+3.373e+03	+7.516e+03	+9.764e+03	+0.690
83.300	+3.263e+03	+7.519e+03	+8.577e+03	+0.697
83.400	+2.700e+03	+6.069e+03	+9.388e+03	+0.692
83.500	+3.421e+03	+5.943e+03	+9.646e+03	+0.635
83.600	+2.930e+03	+6.782e+03	+1.066e+04	+0.698
83.700	+3.903e+03	+7.146e+03	+9.863e+03	+0.647
83.800	+2.964e+03	+7.531e+03	+1.097e+04	+0.718
83.900	+2.819e+03	+6.343e+03	+1.056e+04	+0.692
84.000	+2.386e+03	+7.190e+03	+1.004e+04	+0.751
84.100	+2.851e+03	+6.899e+03	+9.991e+03	+0.708
84.200	+1.786e+03	+7.954e+03	+9.882e+03	+0.817
84.300	+3.737e+03	+7.706e+03	+9.854e+03	+0.673
84.400	+2.729e+03	+8.781e+03	+1.034e+04	+0.763
84.500	+2.713e+03	+6.029e+03	+9.684e+03	+0.690
84.600	+3.296e+03	+7.361e+03	+9.836e+03	+0.691
84.700	+4.999e+03	+3.336e+03	+9.120e+03	+0.400
84.800	+6.034e+03	+2.258e+03	+9.635e+03	+0.272
84.900	+6.134e+03	+3.874e+03	+1.048e+04	+0.387
85.000	+7.318e+03	+3.726e+03	+9.066e+03	+0.337
85.100	+5.413e+03	+3.085e+03	+1.143e+04	+0.363
85.200	+6.392e+03	+3.558e+03	+1.052e+04	+0.358
85.300	+7.642e+03	+4.503e+03	+8.334e+03	+0.371
85.400	+6.292e+03	+3.692e+03	+1.044e+04	+0.370
85.500	+7.654e+03	+4.287e+03	+8.488e+03	+0.359
85.600	+6.783e+03	+9.943e+02	+1.013e+04	+0.128
85.700	+5.853e+03	+2.036e+03	+1.021e+04	+0.258
85.800	+6.897e+03	+3.136e+03	+1.077e+04	+0.313
85.900	+8.212e+03	+3.433e+03	+1.063e+04	+0.295
86.000	+4.704e+03	+4.818e+03	+9.482e+03	+0.506
86.100	+3.350e+03	+7.538e+03	+1.077e+04	+0.692
86.200	+2.408e+03	+7.234e+03	+1.055e+04	+0.750
86.300	+2.285e+03	+6.010e+03	+9.511e+03	+0.725
86.400	+3.285e+03	+6.796e+03	+8.990e+03	+0.674
86.500	+2.119e+03	+6.464e+03	+9.262e+03	+0.753
86.600	+6.218e+03	+3.625e+03	+8.442e+03	+0.368
86.700	+6.241e+03	+5.218e+03	+8.252e+03	+0.455
86.800	+4.111e+03	+7.588e+03	+1.048e+04	+0.649
86.900	+2.603e+03	+7.090e+03	+1.035e+04	+0.731
87.000	+3.028e+03	+6.706e+03	+8.977e+03	+0.689
87.100	+4.311e+03	+7.065e+03	+8.604e+03	+0.621
87.200	+2.707e+03	+6.673e+03	+1.020e+04	+0.711
87.300	+3.860e+03	+7.117e+03	+9.576e+03	+0.648
87.400	+3.799e+03	+7.138e+03	+1.000e+04	+0.653
87.500	+3.033e+03	+6.972e+03	+8.813e+03	+0.697
87.600	+3.352e+03	+7.086e+03	+9.363e+03	+0.679
87.700	+2.429e+03	+6.572e+03	+1.099e+04	+0.730
87.800	+4.233e+03	+6.819e+03	+1.125e+04	+0.617
87.900	+3.669e+03	+7.215e+03	+8.759e+03	+0.663
88.000	+3.286e+03	+6.550e+03	+1.032e+04	+0.666
88.100	+3.702e+03	+6.676e+03	+9.264e+03	+0.643
88.200	+3.646e+03	+7.374e+03	+1.047e+04	+0.669
88.300	+4.011e+03	+6.342e+03	+9.722e+03	+0.613
88.400	+3.339e+03	+6.782e+03	+1.136e+04	+0.670
88.500	+5.414e+03	+2.727e+03	+9.000e+03	+0.335
88.600	+6.173e+03	+2.658e+03	+9.085e+03	+0.301
88.700	+8.141e+03	+3.919e+03	+1.054e+04	+0.325
88.800	+6.792e+03	+2.997e+03	+1.015e+04	+0.306
88.900	+6.386e+03	+2.619e+03	+9.958e+03	+0.291
89.000	+7.382e+03	+3.238e+03	+9.192e+03	+0.305
89.100	+7.158e+03	+3.317e+03	+1.085e+04	+0.317
89.200	+8.503e+03	+2.242e+03	+1.057e+04	+0.209
89.300	+7.831e+03	+1.325e+03	+9.404e+03	+0.145
89.400	+4.809e+03	+2.823e+03	+1.103e+04	+0.370
89.500	+5.713e+03	+3.143e+03	+1.054e+04	+0.355
89.600	+5.784e+03	+4.447e+03	+9.371e+03	+0.435
