%t (s)	Idd (a.u.)	Ida (a.u.)	Iaa (a.u.)	FRET E
0.000	+2.566e+03	+8.304e+03	+9.099e+03	+0.764
0.100	+3.045e+03	+7.200e+03	+8.479e+03	+0.703
0.200	+6.668e+03	+4.626e+03	+9.180e+03	+0.410
0.300	+6.549e+03	+3.329e+03	+9.784e+03	+0.337
0.400	+7.185e+03	+2.434e+03	+9.874e+03	+0.253
0.500	+8.252e+03	+4.208e+03	+9.757e+03	+0.338
0.600	+7.068e+03	+1.830e+03	+9.379e+03	+0.206
0.700	+7.875e+03	+3.207e+03	+8.700e+03	+0.289
0.800	+6.724e+03	+3.342e+03	+9.196e+03	+0.332
0.900	+5.990e+03	+2.531e+03	+1.093e+04	+0.297
1.000	+5.648e+03	+2.440e+03	+9.139e+03	+0.302
1.100	+6.756e+03	+2.655e+03	+9.873e+03	+0.282
1.200	+6.390e+03	+2.557e+03	+1.021e+04	+0.286
1.300	+6.804e+03	+1.936e+03	+9.278e+03	+0.222
1.400	+9.116e+03	+2.221e+03	+9.374e+03	+0.196
1.500	+6.896e+03	+3.687e+03	+9.746e+03	+0.348
1.600	+4.991e+03	+4.020e+03	+1.032e+04	+0.446
1.700	+2.538e+03	+6.736e+03	+1.081e+04	+0.726
1.800	+3.536e+03	+6.492e+03	+1.014e+04	+0.647
1.900	+3.013e+03	+5.340e+03	+9.620e+03	+0.639
2.000	+2.804e+03	+7.618e+03	+1.004e+04	+0.731
2.100	+3.652e+03	+6.449e+03	+1.128e+04	+0.638
2.200	+3.339e+03	+7.740e+03	+1.059e+04	+0.699
2.300	+3.813e+03	+6.412e+03	+8.512e+03	+0.627
2.400	+3.425e+03	+7.358e+03	+1.001e+04	+0.682
2.500	+3.017e+03	+6.390e+03	+1.029e+04	+0.679
2.600	+2.630e+03	+6.706e+03	+1.053e+04	+0.718
2.700	+3.569e+03	+5.488e+03	+9.834e+03	+0.606
2.800	+1.793e+03	+6.967e+03	+1.063e+04	+0.795
2.900	+1.855e+03	+6.826e+03	+1.019e+04	+0.786
3.000	+5.500e+03	+4.969e+03	+1.042e+04	+0.475
3.100	+3.016e+03	+7.559e+03	+9.745e+03	+0.715
3.200	+3.683e+03	+7.134e+03	+8.653e+03	+0.660
3.300	+3.825e+03	+7.454e+03	+9.524e+03	+0.661
3.400	+2.579e+03	+5.877e+03	+1.009e+04	+0.695
3.500	+1.792e+03	+7.621e+03	+9.637e+03	+0.810
3.600	+2.661e+03	+6.166e+03	+1.091e+04	+0.698
3.700	+2.580e+03	+6.143e+03	+9.385e+03	+0.704
3.800	+2.801e+03	+7.204e+03	+9.196e+03	+0.720
3.900	+4.063e+03	+7.575e+03	+9.870e+03	+0.651
4.000	+4.134e+03	+6.463e+03	+1.156e+04	+0.610
4.100	+3.068e+03	+8.455e+03	+1.091e+04	+0.734
4.200	+2.441e+03	+7.471e+03	+1.133e+04	+0.754
4.300	+2.415e+03	+5.013e+03	+9.173e+03	+0.675
4.400	+3.835e+03	+6.961e+03	+1.004e+04	+0.645
4.500	+2.740e+03	+7.864e+03	+8.855e+03	+0.742
4.600	+1.738e+03	+6.909e+03	+9.241e+03	+0.799
4.700	+1.989e+03	+7.199e+03	+9.643e+03	+0.784
4.800	+2.963e+03	+8.034e+03	+1.190e+04	+0.731
4.900	+3.740e+03	+7.706e+03	+8.169e+03	+0.673
5.000	+5.391e+03	+5.726e+03	+9.877e+03	+0.515
5.100	+7.626e+03	+2.742e+03	+1.122e+04	+0.265
5.200	+6.822e+03	+2.774e+03	+1.100e+04	+0.289
5.300	+5.642e+03	+3.270e+03	+9.493e+03	+0.367
5.400	+4.042e+03	+3.947e+03	+9.612e+03	+0.494
5.500	+3.567e+03	+6.902e+03	+1.007e+04	+0.659
5.600	+4.782e+03	+4.284e+03	+9.146e+03	+0.473
5.700	+7.801e+03	+2.465e+03	+9.887e+03	+0.240
5.800	+6.692e+03	+3.625e+03	+1.034e+04	+0.351
5.900	+6.073e+03	+3.098e+03	+1.038e+04	+0.338
6.000	+5.965e+03	+4.563e+03	+1.075e+04	+0.433
6.100	+1.551e+03	+5.936e+03	+9.622e+03	+0.793
6.200	+3.780e+03	+7.451e+03	+1.013e+04	+0.663
6.300	+3.362e+03	+8.870e+03	+1.066e+04	+0.725
6.400	+6.088e+03	+4.002e+03	+1.030e+04	+0.397
6.500	+7.014e+03	+2.090e+03	+1.006e+04	+0.230
6.600	+6.641e+03	+2.230e+03	+9.227e+03	+0.251
6.700	+5.949e+03	+3.350e+03	+1.001e+04	+0.360
6.800	+7.442e+03	+2.752e+03	+1.040e+04	+0.270
6.900	+3.984e+03	+5.956e+03	+9.709e+03	+0.599
7.000	+2.723e+03	+5.313e+03	+8.590e+03	+0.661
7.100	+3.821e+03	+7.560e+03	+9.715e+03	+0.664
7.200	+4.212e+03	+7.973e+03	+9.971e+03	+0.654
7.300	+3.121e+03	+6.584e+03	+9.459e+03	+0.678
7.400	+3.383e+03	+7.274e+03	+9.856e+03	+0.683
7.500	+3.663e+03	+7.073e+03	+9.414e+03	+0.659
7.600	+2.956e+03	+6.132e+03	+1.029e+04	+0.675
7.700	+3.558e+03	+7.800e+03	+8.461e+03	+0.687
7.800	+4.088e+03	+8.243e+03	+9.662e+03	+0.668
7.900	+3.324e+03	+5.641e+03	+9.948e+03	+0.629
8.000	+2.735e+03	+6.617e+03	+8.502e+03	+0.708
8.100	+2.143e+03	+7.469e+03	+9.633e+03	+0.777
8.200	+4.108e+03	+7.692e+03	+9.792e+03	+0.652
8.300	+2.653e+03	+6.452e+03	+1.064e+04	+0.709
8.400	+2.837e+03	+6.597e+03	+1.084e+04	+0.699
8.500	+2.847e+03	+6.517e+03	+1.011e+04	+0.696
8.600	+2.619e+03	+7.055e+03	+1.020e+04	+0.729
8.700	+1.910e+03	+9.039e+03	+9.618e+03	+0.826
8.800	+3.693e+03	+6.562e+03	+1.008e+04	+0.640
8.900	+2.055e+03	+7.892e+03	+1.029e+04	+0.793
9.000	+2.933e+03	+6.972e+03	+9.560e+03	+0.704
9.100	+3.036e+03	+7.539e+03	+1.037e+04	+0.713
9.200	+3.229e+03	+6.250e+03	+8.983e+03	+0.659
9.300	+3.468e+03	+6.987e+03	+1.060e+04	+0.668
9.400	+4.513e+03	+7.193e+03	+9.953e+03	+0.614
9.500	+5.956e+02	+6.133e+03	+8.497e+03	+0.911
9.600	+2.515e+03	+7.100e+03	+1.049e+04	+0.738
9.700	+3.646e+03	+7.177e+03	+1.050e+04	+0.663
9.800	+3.078e+03	+5.791e+03	+9.629e+03	+0.653
9.900	+2.394e+03	+7.286e+03	+1.093e+04	+0.753
10.000	+3.308e+03	+5.648e+03	+1.062e+04	+0.631
10.100	+3.011e+03	+7.472e+03	+1.078e+04	+0.713
10.200	+1.791e+03	+6.439e+03	+1.103e+04	+0.782
10.300	+3.013e+03	+6.063e+03	+8.980e+03	+0.668
10.400	+2.795e+03	+6.837e+03	+1.149e+04	+0.710
10.500	+2.577e+03	+6.825e+03	+1.152e+04	+0.726
10.600	+2.316e+03	+6.915e+03	+9.027e+03	+0.749
10.700	+2.201e+03	+5.744e+03	+8.965e+03	+0.723
10.800	+3.919e+03	+6.121e+03	+1.002e+04	+0.610
10.900	+3.362e+03	+7.135e+03	+1.007e+04	+0.680
11.000	+1.603e+03	+6.861e+03	+8.204e+03	+0.811
11.100	+2.301e+03	+6.362e+03	+1.021e+04	+0.734
11.200	+2.481e+03	+6.649e+03	+1.016e+04	+0.728
11.300	+3.654e+03	+6.627e+03	+1.048e+04	+0.645
11.400	+3.508e+03	+6.138e+03	+9.418e+03	+0.636
11.500	+3.243e+03	+5.818e+03	+9.214e+03	+0.642
11.600	+3.038e+03	+7.128e+03	+1.102e+04	+0.701
11.700	+3.318e+03	+7.354e+03	+1.094e+04	+0.689
11.800	+6.693e+03	+4.393e+03	+1.023e+04	+0.396
11.900	+7.251e+03	+1.532e+03	+9.560e+03	+0.174
12.000	+6.102e+03	+2.819e+03	+9.093e+03	+0.316
12.100	+7.215e+03	+3.560e+03	+1.037e+04	+0.330
12.200	+6.332e+03	+3.572e+03	+1.001e+04	+0.361
12.300	+7.286e+03	+4.778e+03	+9.345e+03	+0.396
12.400	+8.349e+03	+3.563e+03	+9.906e+03	+0.299
12.500	+6.979e+03	+2.692e+03	+1.031e+04	+0.278
12.600	+7.060e+03	+1.772e+03	+8.893e+03	+0.201
12.700	+7.221e+03	+2.578e+03	+1.042e+04	+0.263
12.800	+6.582e+03	+4.187e+03	+1.027e+04	+0.389
12.900	+7.996e+03	+2.577e+03	+1.019e+04	+0.244
13.000	+6.565e+03	+3.268e+03	+1.061e+04	+0.332
13.100	+6.975e+03	+2.925e+03	+1.121e+04	+0.295
13.200	+6.852e+03	+3.145e+03	+1.104e+04	+0.315
13.300	+7.188e+03	+1.669e+03	+7.799e+03	+0.188
13.400	+7.101e+03	+2.752e+03	+9.624e+03	+0.279
13.500	+7.140e+03	+3.483e+03	+8.937e+03	+0.328
13.600	+7.702e+03	+2.932e+03	+9.243e+03	+0.276
13.700	+7.130e+03	+2.980e+03	+9.205e+03	+0.295
13.800	+6.438e+03	+2.869e+03	+1.207e+04	+0.308
13.900	+6.612e+03	+2.026e+03	+1.036e+04	+0.235
14.000	+6.633e+03	+3.444e+03	+1.020e+04	+0.342
14.100	+7.802e+03	+3.848e+03	+9.917e+03	+0.330
14.200	+7.805e+03	+4.449e+03	+9.918e+03	+0.363
14.300	+8.084e+03	+4.107e+03	+1.019e+04	+0.337
14.400	+7.246e+03	+3.430e+03	+1.025e+04	+0.321
14.500	+6.629e+03	+2.568e+03	+1.131e+04	+0.279
14.600	+7.277e+03	+2.535e+03	+8.198e+03	+0.258
14.700	+6.225e+03	+3.653e+03	+1.183e+04	+0.370
14.800	+8.782e+03	+3.003e+03	+9.018e+03	+0.255
14.900	+7.467e+03	+3.754e+03	+1.234e+04	+0.335
15.000	+6.839e+03	+2.799e+03	+1.015e+04	+0.290
15.100	+7.824e+03	+3.399e+03	+9.053e+03	+0.303
15.200	+6.664e+03	+3.264e+03	+1.118e+04	+0.329
15.300	+5.968e+03	+2.616e+03	+1.168e+04	+0.305
15.400	+7.373e+03	+2.098e+03	+1.094e+04	+0.222
15.500	+7.372e+03	+2.368e+03	+1.075e+04	+0.243
15.600	+6.771e+03	+2.849e+03	+1.163e+04	+0.296
15.700	+5.547e+03	+2.759e+03	+9.038e+03	+0.332
15.800	+3.910e+03	+4.458e+03	+1.051e+04	+0.533
15.900	+1.338e+03	+6.047e+03	+9.640e+03	+0.819
16.000	+3.176e+03	+7.169e+03	+9.016e+03	+0.693
16.100	+1.981e+03	+6.905e+03	+1.084e+04	+0.777
16.200	+7.061e+03	+1.716e+03	+9.356e+03	+0.196
16.300	+8.326e+03	+4.628e+03	+1.009e+04	+0.357
16.400	+8.221e+03	+3.793e+03	+1.014e+04	+0.316
16.500	+6.621e+03	+2.801e+03	+1.110e+04	+0.297
16.600	+6.802e+03	+2.452e+03	+9.824e+03	+0.265
16.700	+6.834e+03	+2.128e+03	+1.017e+04	+0.237
16.800	+7.521e+03	+3.695e+03	+1.041e+04	+0.329
16.900	+7.634e+03	+2.850e+03	+9.446e+03	+0.272
17.000	+7.535e+03	+3.492e+03	+9.642e+03	+0.317
17.100	+7.237e+03	+3.231e+03	+9.835e+03	+0.309
17.200	+5.090e+03	+5.214e+03	+1.176e+04	+0.506
17.300	+6.902e+03	+2.404e+03	+1.066e+04	+0.258
17.400	+6.962e+03	+2.267e+03	+1.154e+04	+0.246
17.500	+6.859e+03	+2.505e+03	+1.077e+04	+0.267
17.600	+3.237e+03	+5.708e+03	+9.327e+03	+0.638
17.700	+3.367e+03	+8.293e+03	+9.664e+03	+0.711
17.800	+3.522e+03	+6.780e+03	+1.079e+04	+0.658
17.900	+2.139e+03	+7.400e+03	+9.908e+03	+0.776
18.000	+2.632e+03	+7.906e+03	+9.189e+03	+0.750
18.100	+6.666e+03	+4.495e+03	+8.654e+03	+0.403
18.200	+7.224e+03	+3.235e+03	+1.062e+04	+0.309
18.300	+6.194e+03	+3.852e+03	+8.695e+03	+0.383
18.400	+5.836e+03	+1.744e+03	+1.139e+04	+0.230
18.500	+2.949e+03	+6.141e+03	+9.503e+03	+0.676
18.600	+2.898e+03	+7.079e+03	+1.009e+04	+0.710
18.700	+2.380e+03	+7.947e+03	+8.890e+03	+0.770
18.800	+3.101e+03	+6.218e+03	+8.983e+03	+0.667
18.900	+4.808e+03	+6.392e+03	+8.987e+03	+0.571
19.000	+3.235e+03	+8.027e+03	+8.217e+03	+0.713
19.100	+5.433e+03	+4.646e+03	+1.100e+04	+0.461
19.200	+7.109e+03	+3.473e+03	+9.132e+03	+0.328
19.300	+8.444e+03	+3.407e+03	+9.329e+03	+0.287
19.400	+7.800e+03	+2.306e+03	+1.009e+04	+0.228
19.500	+4.678e+03	+3.508e+03	+9.633e+03	+0.428
19.600	+5.791e+03	+3.649e+03	+8.598e+03	+0.387
19.700	+7.159e+03	+2.537e+03	+9.660e+03	+0.262
19.800	+6.400e+03	+2.104e+03	+9.937e+03	+0.247
19.900	+7.414e+03	+3.580e+03	+9.954e+03	+0.326
20.000	+6.451e+03	+2.816e+03	+1.038e+04	+0.304
20.100	+6.665e+03	+2.927e+03	+1.157e+04	+0.305
20.200	+6.977e+03	+3.538e+03	+1.074e+04	+0.336
20.300	+8.955e+03	+3.659e+03	+1.075e+04	+0.290
20.400	+8.610e+03	+2.398e+03	+1.058e+04	+0.218
20.500	+4.922e+03	+3.851e+03	+1.007e+04	+0.439
20.600	+1.682e+03	+5.755e+03	+1.010e+04	+0.774
20.700	+1.956e+03	+8.453e+03	+9.596e+03	+0.812
20.800	+3.608e+03	+6.020e+03	+9.960e+03	+0.625
20.900	+3.209e+03	+7.106e+03	+1.096e+04	+0.689
21.000	+2.106e+03	+5.760e+03	+9.171e+03	+0.732
21.100	+1.991e+03	+7.401e+03	+1.069e+04	+0.788
21.200	+5.211e+03	+6.123e+03	+1.113e+04	+0.540
21.300	+3.538e+03	+5.853e+03	+1.019e+04	+0.623
21.400	+3.510e+03	+6.720e+03	+9.169e+03	+0.657
21.500	+2.869e+03	+5.588e+03	+9.464e+03	+0.661
21.600	+3.579e+03	+6.957e+03	+1.004e+04	+0.660
21.700	+2.392e+03	+7.074e+03	+9.843e+03	+0.747
21.800	+3.615e+03	+7.080e+03	+9.149e+03	+0.662
21.900	+4.469e+03	+7.443e+03	+1.041e+04	+0.625
22.000	+3.108e+03	+6.451e+03	+9.719e+03	+0.675
22.100	+2.141e+03	+7.293e+03	+8.253e+03	+0.773
22.200	+3.724e+03	+6.099e+03	+9.904e+03	+0.621
22.300	+4.164e+03	+5.713e+03	+1.003e+04	+0.578
22.400	+3.999e+03	+7.216e+03	+1.019e+04	+0.643
22.500	+3.297e+03	+7.472e+03	+1.080e+04	+0.694
22.600	+2.086e+03	+6.291e+03	+1.128e+04	+0.751
22.700	+3.095e+03	+8.235e+03	+1.044e+04	+0.727
22.800	+3.079e+03	+6.904e+03	+9.779e+03	+0.692
22.900	+2.609e+03	+6.878e+03	+1.127e+04	+0.725
23.000	+3.342e+03	+6.659e+03	+1.009e+04	+0.666
23.100	+5.380e+03	+5.238e+03	+1.058e+04	+0.493
23.200	+5.938e+03	+2.552e+03	+1.028e+04	+0.301
23.300	+6.683e+03	+3.281e+03	+9.709e+03	+0.329
23.400	+7.044e+03	+3.046e+03	+9.103e+03	+0.302
23.500	+6.036e+03	+2.064e+03	+1.043e+04	+0.255
23.600	+6.601e+03	+2.214e+03	+1.114e+04	+0.251
23.700	+7.487e+03	+1.756e+03	+8.092e+03	+0.190
23.800	+6.854e+03	+3.546e+03	+1.131e+04	+0.341
23.900	+7.862e+03	+2.638e+03	+1.052e+04	+0.251
24.000	+6.437e+03	+3.780e+03	+1.051e+04	+0.370
24.100	+8.307e+03	+3.767e+03	+9.158e+03	+0.312
24.200	+7.371e+03	+2.656e+03	+1.035e+04	+0.265
24.300	+7.181e+03	+2.990e+03	+9.539e+03	+0.294
24.400	+6.776e+03	+2.519e+03	+1.071e+04	+0.271
24.500	+7.256e+03	+3.797e+03	+1.013e+04	+0.344
24.600	+7.458e+03	+4.262e+03	+9.090e+03	+0.364
24.700	+7.367e+03	+3.914e+03	+1.009e+04	+0.347
24.800	+6.158e+03	+3.839e+03	+9.611e+03	+0.384
24.900	+8.022e+03	+2.824e+03	+1.053e+04	+0.260
25.000	+6.795e+03	+3.932e+03	+1.133e+04	+0.367
25.100	+8.801e+03	+2.331e+03	+8.980e+03	+0.209
25.200	+5.622e+03	+3.682e+03	+9.400e+03	+0.396
25.300	+7.065e+03	+2.934e+03	+9.048e+03	+0.293
25.400	+4.953e+03	+3.743e+03	+9.159e+03	+0.430
25.500	+7.383e+03	+4.039e+03	+1.122e+04	+0.354
25.600	+5.937e+03	+1.018e+03	+9.909e+03	+0.146
25.700	+5.954e+03	+9.544e+02	+1.108e+04	+0.138
25.800	+6.514e+03	+2.352e+03	+1.233e+04	+0.265
25.900	+7.079e+03	+3.025e+03	+9.635e+03	+0.299
26.000	+5.468e+03	+4.818e+03	+9.639e+03	+0.468
26.100	+6.266e+03	+1.845e+03	+1.126e+04	+0.227
26.200	+7.323e+03	+1.822e+03	+1.046e+04	+0.199
26.300	+6.321e+03	+4.134e+03	+1.008e+04	+0.395
26.400	+7.225e+03	+3.389e+03	+1.078e+04	+0.319
26.500	+7.831e+03	+2.310e+03	+9.815e+03	+0.228
26.600	+4.198e+03	+5.367e+03	+1.038e+04	+0.561
26.700	+4.528e+03	+5.909e+03	+9.382e+03	+0.566
26.800	+3.305e+03	+6.433e+03	+1.091e+04	+0.661
26.900	+3.088e+03	+6.982e+03	+9.955e+03	+0.693
27.000	+3.371e+03	+7.555e+03	+1.055e+04	+0.691
27.100	+2.666e+03	+5.234e+03	+9.220e+03	+0.663
27.200	+3.198e+03	+8.102e+03	+9.216e+03	+0.717
27.300	+3.006e+03	+7.494e+03	+8.800e+03	+0.714
27.400	+3.267e+03	+8.100e+03	+9.904e+03	+0.713
27.500	+2.756e+03	+6.700e+03	+1.013e+04	+0.709
27.600	+1.253e+03	+6.072e+03	+9.204e+03	+0.829
27.700	+2.261e+03	+6.135e+03	+9.519e+03	+0.731
27.800	+5.388e+03	+4.182e+03	+1.066e+04	+0.437
27.900	+8.170e+03	+2.541e+03	+9.755e+03	+0.237
28.000	+7.375e+03	+2.024e+03	+9.129e+03	+0.215
28.100	+7.178e+03	+2.422e+03	+9.382e+03	+0.252
28.200	+6.821e+03	+2.092e+03	+9.292e+03	+0.235
28.300	+7.057e+03	+1.917e+03	+1.049e+04	+0.214
28.400	+7.511e+03	+2.852e+03	+1.099e+04	+0.275
28.500	+6.751e+03	+2.833e+03	+9.236e+03	+0.296
28.600	+7.571e+03	+2.837e+03	+1.008e+04	+0.273
28.700	+7.126e+03	+3.554e+03	+8.561e+03	+0.333
28.800	+6.046e+03	+1.007e+03	+8.888e+03	+0.143
28.900	+7.191e+03	+2.941e+03	+1.043e+04	+0.290
29.000	+7.173e+03	+3.473e+03	+1.132e+04	+0.326
29.100	+8.377e+03	+4.702e+03	+1.073e+04	+0.360
29.200	+5.657e+03	+3.022e+03	+8.056e+03	+0.348
29.300	+7.307e+03	+1.746e+03	+9.866e+03	+0.193
29.400	+6.273e+03	+3.029e+03	+8.725e+03	+0.326
29.500	+7.813e+03	+3.191e+03	+9.813e+03	+0.290
29.600	+7.695e+03	+3.776e+03	+9.676e+03	+0.329
29.700	+6.583e+03	+2.778e+03	+1.034e+04	+0.297
29.800	+6.878e+03	+3.409e+03	+1.076e+04	+0.331
29.900	+6.234e+03	+2.595e+03	+1.030e+04	+0.294
30.000	+6.536e+03	+2.914e+03	+8.542e+03	+0.308
30.100	+8.286e+03	+1.882e+03	+1.024e+04	+0.185
30.200	+7.793e+03	+2.208e+03	+1.052e+04	+0.221
30.300	+6.700e+03	+3.032e+03	+1.017e+04	+0.312
30.400	+7.442e+03	+4.598e+03	+9.245e+03	+0.382
30.500	+7.381e+03	+2.661e+03	+9.874e+03	+0.265
30.600	+5.205e+03	+2.589e+03	+1.065e+04	+0.332
30.700	+6.723e+03	+2.817e+03	+9.368e+03	+0.295
30.800	+3.776e+03	+6.404e+03	+9.798e+03	+0.629
30.900	+2.557e+03	+5.728e+03	+1.019e+04	+0.691
31.000	+4.231e+03	+6.758e+03	+1.011e+04	+0.615
31.100	+3.184e+03	+6.935e+03	+9.476e+03	+0.685
31.200	+2.677e+03	+5.642e+03	+9.940e+03	+0.678
31.300	+1.986e+03	+7.783e+03	+1.100e+04	+0.797
31.400	+1.546e+03	+6.028e+03	+9.181e+03	+0.796
31.500	+4.226e+03	+7.756e+03	+1.172e+04	+0.647
31.600	+4.535e+03	+4.976e+03	+1.045e+04	+0.523
31.700	+7.507e+03	+2.520e+03	+9.467e+03	+0.251
31.800	+6.143e+03	+1.554e+03	+1.003e+04	+0.202
31.900	+7.335e+03	+3.703e+03	+9.300e+03	+0.336
32.000	+6.532e+03	+3.425e+03	+1.054e+04	+0.344
32.100	+4.927e+03	+6.962e+03	+9.884e+03	+0.586
32.200	+3.184e+03	+8.235e+03	+1.115e+04	+0.721
32.300	+4.261e+03	+5.141e+03	+1.018e+04	+0.547
32.400	+6.698e+03	+2.661e+03	+1.003e+04	+0.284
32.500	+8.244e+03	+3.363e+03	+1.011e+04	+0.290
32.600	+6.727e+03	+2.080e+03	+9.645e+03	+0.236
32.700	+7.996e+03	+2.040e+03	+1.120e+04	+0.203
32.800	+7.835e+03	+3.211e+03	+9.124e+03	+0.291
32.900	+7.180e+03	+2.788e+03	+9.547e+03	+0.280
33.000	+7.459e+03	+2.313e+03	+1.010e+04	+0.237
33.100	+7.519e+03	+3.544e+03	+9.641e+03	+0.320
33.200	+5.319e+03	+3.999e+03	+1.078e+04	+0.429
33.300	+5.467e+03	+4.270e+03	+1.025e+04	+0.439
33.400	+2.523e+03	+7.005e+03	+9.002e+03	+0.735
33.500	+1.860e+03	+6.671e+03	+1.004e+04	+0.782
33.600	+1.836e+03	+9.166e+03	+1.129e+04	+0.833
33.700	+2.048e+03	+6.896e+03	+9.325e+03	+0.771
33.800	+3.045e+03	+6.968e+03	+1.042e+04	+0.696
33.900	+2.982e+03	+6.361e+03	+1.128e+04	+0.681
34.000	+8.721e+03	+2.539e+03	+9.929e+03	+0.225
34.100	+7.703e+03	+3.667e+03	+1.038e+04	+0.323
34.200	+6.617e+03	+3.143e+03	+9.331e+03	+0.322
34.300	+8.076e+03	+2.951e+03	+1.005e+04	+0.268
34.400	+5.654e+03	+3.054e+03	+1.017e+04	+0.351
34.500	+6.537e+03	+1.690e+03	+1.099e+04	+0.205
34.600	+6.225e+03	+3.385e+03	+9.601e+03	+0.352
34.700	+7.958e+03	+3.351e+03	+1.026e+04	+0.296
34.800	+6.205e+03	+3.327e+03	+1.101e+04	+0.349
34.900	+7.928e+03	+2.145e+03	+9.516e+03	+0.213
35.000	+7.381e+03	+2.324e+03	+9.867e+03	+0.239
35.100	+6.609e+03	+2.899e+03	+1.043e+04	+0.305
35.200	+7.269e+03	+3.056e+03	+9.390e+03	+0.296
35.300	+7.740e+03	+2.583e+03	+1.068e+04	+0.250
35.400	+6.926e+03	+2.504e+03	+8.911e+03	+0.266
35.500	+7.443e+03	+2.901e+03	+1.032e+04	+0.280
35.600	+3.730e+03	+5.535e+03	+8.625e+03	+0.597
35.700	+3.933e+03	+6.391e+03	+8.766e+03	+0.619
35.800	+2.825e+03	+7.355e+03	+1.042e+04	+0.722
35.900	+5.522e+03	+5.382e+03	+9.430e+03	+0.494
36.000	+7.424e+03	+3.847e+03	+1.062e+04	+0.341
36.100	+4.156e+03	+6.416e+03	+1.015e+04	+0.607
36.200	+3.656e+03	+6.456e+03	+9.823e+03	+0.638
36.300	+2.713e+03	+7.781e+03	+9.124e+03	+0.741
36.400	+1.571e+03	+7.261e+03	+9.840e+03	+0.822
36.500	+3.202e+03	+8.578e+03	+1.125e+04	+0.728
36.600	+2.826e+03	+6.712e+03	+1.087e+04	+0.704
36.700	+2.652e+03	+6.145e+03	+9.486e+03	+0.699
36.800	+3.264e+03	+6.097e+03	+9.475e+03	+0.651
36.900	+2.796e+03	+6.958e+03	+9.251e+03	+0.713
37.000	+2.256e+03	+6.455e+03	+9.785e+03	+0.741
37.100	+3.597e+03	+6.149e+03	+8.403e+03	+0.631
37.200	+2.319e+03	+7.001e+03	+1.132e+04	+0.751
37.300	+3.016e+03	+7.145e+03	+1.074e+04	+0.703
37.400	+4.380e+03	+6.586e+03	+9.623e+03	+0.601
37.500	+3.429e+03	+6.516e+03	+9.563e+03	+0.655
37.600	+3.217e+03	+8.279e+03	+9.426e+03	+0.720
37.700	+3.061e+03	+7.512e+03	+1.071e+04	+0.710
37.800	+2.258e+03	+7.044e+03	+1.093e+04	+0.757
37.900	+3.226e+03	+7.759e+03	+1.046e+04	+0.706
38.000	+3.432e+03	+7.538e+03	+9.746e+03	+0.687
38.100	+2.541e+03	+8.040e+03	+9.802e+03	+0.760
38.200	+3.384e+03	+4.505e+03	+9.172e+03	+0.571
38.300	+3.554e+03	+6.759e+03	+9.191e+03	+0.655
38.400	+2.345e+03	+8.404e+03	+9.591e+03	+0.782
38.500	+2.024e+03	+6.858e+03	+1.008e+04	+0.772
38.600	+2.457e+03	+6.443e+03	+9.711e+03	+0.724
38.700	+1.747e+03	+6.596e+03	+1.017e+04	+0.791
38.800	+2.631e+03	+7.451e+03	+1.009e+04	+0.739
38.900	+2.835e+03	+7.707e+03	+9.980e+03	+0.731
39.000	+2.460e+03	+8.162e+03	+1.097e+04	+0.768
39.100	+1.890e+03	+7.090e+03	+9.188e+03	+0.790
39.200	+5.663e+03	+3.267e+03	+1.002e+04	+0.366
39.300	+6.517e+03	+3.494e+03	+9.067e+03	+0.349
39.400	+6.834e+03	+2.875e+03	+1.033e+04	+0.296
39.500	+7.400e+03	+2.490e+03	+9.132e+03	+0.252
39.600	+6.814e+03	+3.460e+03	+8.801e+03	+0.337
39.700	+6.778e+03	+3.168e+03	+1.043e+04	+0.318
39.800	+7.375e+03	+3.765e+03	+9.875e+03	+0.338
39.900	+7.527e+03	+2.258e+03	+8.171e+03	+0.231
40.000	+6.693e+03	+2.506e+03	+9.640e+03	+0.272
40.100	+7.740e+03	+3.621e+03	+9.156e+03	+0.319
40.200	+6.494e+03	+2.735e+03	+1.070e+04	+0.296
40.300	+5.822e+03	+3.191e+03	+9.931e+03	+0.354
40.400	+7.578e+03	+2.411e+03	+9.683e+03	+0.241
40.500	+6.360e+03	+2.533e+03	+1.137e+04	+0.285
40.600	+6.601e+03	+3.120e+03	+9.186e+03	+0.321
40.700	+7.934e+03	+2.307e+03	+9.785e+03	+0.225
40.800	+5.936e+03	+2.679e+03	+1.025e+04	+0.311
40.900	+6.462e+03	+2.367e+03	+1.041e+04	+0.268
41.000	+6.857e+03	+3.804e+03	+1.023e+04	+0.357
41.100	+4.235e+03	+5.263e+03	+1.061e+04	+0.554
41.200	+2.375e+03	+6.046e+03	+1.102e+04	+0.718
41.300	+4.534e+03	+7.315e+03	+9.706e+03	+0.617
41.400	+3.231e+03	+8.507e+03	+1.035e+04	+0.725
41.500	+2.390e+03	+6.355e+03	+9.565e+03	+0.727
41.600	+3.588e+03	+5.557e+03	+1.038e+04	+0.608
41.700	+4.178e+03	+6.648e+03	+1.071e+04	+0.614
41.800	+2.894e+03	+7.580e+03	+1.065e+04	+0.724
41.900	+3.312e+03	+6.604e+03	+1.070e+04	+0.666
42.000	+3.036e+03	+6.013e+03	+1.012e+04	+0.664
42.100	+1.930e+03	+8.014e+03	+9.096e+03	+0.806
42.200	+2.505e+03	+7.266e+03	+9.455e+03	+0.744
42.300	+3.513e+03	+6.976e+03	+1.094e+04	+0.665
42.400	+2.755e+03	+6.415e+03	+9.887e+03	+0.700
42.500	+2.643e+03	+8.381e+03	+1.013e+04	+0.760
42.600	+4.111e+03	+8.794e+03	+8.583e+03	+0.681
42.700	+3.083e+03	+7.533e+03	+9.964e+03	+0.710
42.800	+1.826e+03	+5.084e+03	+1.078e+04	+0.736
42.900	+4.339e+03	+6.956e+03	+8.624e+03	+0.616
43.000	+2.815e+03	+6.101e+03	+9.861e+03	+0.684
43.100	+3.384e+03	+5.790e+03	+1.036e+04	+0.631
43.200	+6.294e+03	+3.025e+03	+9.194e+03	+0.325
43.300	+8.141e+03	+3.953e+03	+1.190e+04	+0.327
43.400	+6.067e+03	+2.342e+03	+9.497e+03	+0.278
43.500	+7.624e+03	+2.569e+03	+1.068e+04	+0.252
43.600	+6.551e+03	+3.312e+03	+1.057e+04	+0.336
43.700	+7.932e+03	+2.284e+03	+9.625e+03	+0.224
43.800	+6.141e+03	+2.005e+03	+9.084e+03	+0.246
43.900	+3.120e+03	+5.499e+03	+1.036e+04	+0.638
44.000	+2.151e+03	+7.464e+03	+9.961e+03	+0.776
44.100	+3.719e+03	+7.509e+03	+1.101e+04	+0.669
44.200	+3.298e+03	+6.853e+03	+9.792e+03	+0.675
44.300	+3.431e+03	+6.828e+03	+8.699e+03	+0.666
44.400	+5.953e+03	+2.892e+03	+8.944e+03	+0.327
44.500	+8.173e+03	+3.104e+03	+9.384e+03	+0.275
44.600	+7.650e+03	+2.415e+03	+9.884e+03	+0.240
44.700	+7.411e+03	+2.495e+03	+9.667e+03	+0.252
44.800	+8.433e+03	+3.099e+03	+1.076e+04	+0.269
44.900	+6.408e+03	+3.053e+03	+1.072e+04	+0.323
45.000	+6.939e+03	+3.024e+03	+1.049e+04	+0.304
45.100	+7.079e+03	+3.096e+03	+1.142e+04	+0.304
45.200	+6.665e+03	+1.343e+03	+9.971e+03	+0.168
45.300	+6.019e+03	+5.508e+03	+9.857e+03	+0.478
45.400	+1.805e+03	+6.536e+03	+1.051e+04	+0.784
45.500	+3.003e+03	+6.185e+03	+1.023e+04	+0.673
45.600	+2.945e+03	+7.055e+03	+1.012e+04	+0.706
45.700	+3.222e+03	+6.858e+03	+9.979e+03	+0.680
45.800	+2.237e+03	+7.355e+03	+9.434e+03	+0.767
45.900	+2.761e+03	+7.641e+03	+1.066e+04	+0.735
46.000	+3.296e+03	+7.791e+03	+1.096e+04	+0.703
46.100	+3.835e+03	+7.989e+03	+1.095e+04	+0.676
46.200	+4.334e+03	+7.077e+03	+1.017e+04	+0.620
46.300	+2.158e+03	+7.869e+03	+8.991e+03	+0.785
46.400	+4.335e+03	+6.926e+03	+9.395e+03	+0.615
46.500	+4.585e+03	+6.767e+03	+9.426e+03	+0.596
46.600	+3.398e+03	+6.028e+03	+8.519e+03	+0.639
46.700	+3.158e+03	+5.945e+03	+8.001e+03	+0.653
46.800	+3.605e+03	+6.289e+03	+1.059e+04	+0.636
46.900	+3.027e+03	+6.010e+03	+1.067e+04	+0.665
47.000	+2.845e+03	+6.241e+03	+1.006e+04	+0.687
47.100	+6.551e+03	+6.103e+03	+1.025e+04	+0.482
47.200	+7.298e+03	+1.822e+03	+1.047e+04	+0.200
47.300	+8.514e+03	+3.024e+03	+9.144e+03	+0.262
47.400	+7.032e+03	+3.457e+03	+8.874e+03	+0.330
47.500	+6.931e+03	+3.478e+03	+8.710e+03	+0.334
47.600	+7.419e+03	+3.557e+03	+1.059e+04	+0.324
47.700	+7.652e+03	+3.544e+03	+1.059e+04	+0.317
47.800	+7.974e+03	+2.221e+03	+1.084e+04	+0.218
47.900	+6.499e+03	+2.740e+03	+1.045e+04	+0.297
48.000	+6.692e+03	+1.566e+03	+9.173e+03	+0.190
48.100	+7.832e+03	+3.652e+03	+9.343e+03	+0.318
48.200	+7.460e+03	+3.425e+03	+8.682e+03	+0.315
48.300	+7.565e+03	+3.182e+03	+1.048e+04	+0.296
48.400	+6.899e+03	+3.067e+03	+1.090e+04	+0.308
48.500	+3.219e+03	+6.496e+03	+1.024e+04	+0.669
48.600	+2.359e+03	+7.464e+03	+1.055e+04	+0.760
48.700	+3.335e+03	+8.111e+03	+1.139e+04	+0.709
48.800	+3.006e+03	+7.000e+03	+1.071e+04	+0.700
48.900	+2.800e+03	+6.047e+03	+9.310e+03	+0.684
49.000	+2.740e+03	+7.567e+03	+9.960e+03	+0.734
49.100	+2.827e+03	+8.543e+03	+1.062e+04	+0.751
49.200	+3.000e+03	+7.199e+03	+1.154e+04	+0.706
49.300	+3.272e+03	+8.035e+03	+1.065e+04	+0.711
49.400	+4.116e+03	+7.395e+03	+1.108e+04	+0.642
49.500	+7.078e+03	+3.520e+03	+8.796e+03	+0.332
49.600	+6.962e+03	+3.033e+03	+1.060e+04	+0.303
49.700	+5.711e+03	+2.259e+03	+1.025e+04	+0.283
49.800	+5.423e+03	+3.383e+03	+8.552e+03	+0.384
49.900	+6.842e+03	+3.285e+03	+1.023e+04	+0.324
50.000	+7.859e+03	+3.985e+03	+1.050e+04	+0.336
50.100	+6.974e+03	+3.683e+03	+9.786e+03	+0.346
50.200	+6.405e+03	+2.853e+03	+8.845e+03	+0.308
50.300	+5.343e+03	+5.162e+03	+1.032e+04	+0.491
50.400	+5.030e+03	+5.676e+03	+1.052e+04	+0.530
50.500	+6.538e+03	+3.173e+03	+9.861e+03	+0.327
50.600	+7.341e+03	+5.028e+03	+9.691e+03	+0.407
50.700	+7.379e+03	+2.208e+03	+9.360e+03	+0.230
50.800	+8.327e+03	+2.697e+03	+9.894e+03	+0.245
50.900	+6.879e+03	+3.798e+03	+1.013e+04	+0.356
51.000	+6.816e+03	+3.113e+03	+9.510e+03	+0.314
51.100	+6.807e+03	+2.298e+03	+9.902e+03	+0.252
51.200	+6.546e+03	+2.261e+03	+1.021e+04	+0.257
51.300	+7.887e+03	+2.098e+03	+9.827e+03	+0.210
51.400	+7.788e+03	+2.920e+03	+9.717e+03	+0.273
51.500	+6.628e+03	+5.931e+03	+9.555e+03	+0.472
51.600	+3.012e+03	+8.320e+03	+9.941e+03	+0.734
51.700	+4.077e+03	+6.867e+03	+9.564e+03	+0.627
51.800	+3.954e+03	+6.543e+03	+1.061e+04	+0.623
51.900	+3.828e+03	+6.582e+03	+1.012e+04	+0.632
52.000	+3.090e+03	+6.511e+03	+1.036e+04	+0.678
52.100	+1.794e+03	+7.028e+03	+1.071e+04	+0.797
52.200	+5.305e+03	+4.559e+03	+9.941e+03	+0.462
52.300	+6.903e+03	+2.559e+03	+9.596e+03	+0.270
52.400	+4.704e+03	+4.767e+03	+1.055e+04	+0.503
52.500	+1.999e+03	+6.673e+03	+1.014e+04	+0.770
52.600	+3.695e+03	+6.837e+03	+9.509e+03	+0.649
52.700	+3.292e+03	+7.567e+03	+1.083e+04	+0.697
52.800	+2.891e+03	+8.094e+03	+1.086e+04	+0.737
52.900	+3.718e+03	+7.270e+03	+9.625e+03	+0.662
53.000	+3.392e+03	+5.745e+03	+9.949e+03	+0.629
53.100	+3.338e+03	+5.221e+03	+1.008e+04	+0.610
53.200	+6.361e+03	+4.189e+03	+1.036e+04	+0.397
53.300	+6.873e+03	+3.214e+03	+9.613e+03	+0.319
53.400	+7.855e+03	+2.516e+03	+1.027e+04	+0.243
53.500	+7.166e+03	+4.490e+03	+9.930e+03	+0.385
53.600	+8.541e+03	+2.007e+03	+9.107e+03	+0.190
53.700	+5.991e+03	+2.444e+03	+1.056e+04	+0.290
53.800	+6.400e+03	+1.908e+03	+1.008e+04	+0.230
53.900	+6.393e+03	+4.340e+03	+8.974e+03	+0.404
54.000	+6.089e+03	+3.033e+03	+9.575e+03	+0.332
54.100	+5.763e+03	+2.184e+03	+1.059e+04	+0.275
54.200	+6.911e+03	+3.957e+03	+1.015e+04	+0.364
54.300	+6.943e+03	+2.703e+03	+9.397e+03	+0.280
54.400	+7.209e+03	+3.464e+03	+1.024e+04	+0.325
54.500	+7.191e+03	+3.061e+03	+1.007e+04	+0.299
54.600	+3.203e+03	+5.440e+03	+9.885e+03	+0.629
54.700	+2.106e+03	+6.784e+03	+8.797e+03	+0.763
54.800	+3.441e+03	+7.456e+03	+9.319e+03	+0.684
54.900	+2.524e+03	+7.983e+03	+1.155e+04	+0.760
55.000	+3.341e+03	+7.131e+03	+9.008e+03	+0.681
55.100	+2.932e+03	+7.626e+03	+8.801e+03	+0.722
55.200	+2.399e+03	+6.280e+03	+1.223e+04	+0.724
55.300	+2.504e+03	+7.889e+03	+9.816e+03	+0.759
55.400	+2.176e+03	+6.902e+03	+1.029e+04	+0.760
55.500	+5.849e+03	+2.963e+03	+8.498e+03	+0.336
55.600	+7.389e+03	+2.340e+03	+1.193e+04	+0.240
55.700	+8.325e+03	+1.813e+03	+9.505e+03	+0.179
55.800	+7.479e+03	+2.861e+03	+1.114e+04	+0.277
55.900	+6.880e+03	+3.651e+03	+1.006e+04	+0.347
56.000	+7.319e+03	+3.267e+03	+1.005e+04	+0.309
56.100	+8.121e+03	+1.853e+03	+7.611e+03	+0.186
56.200	+6.964e+03	+2.981e+03	+9.852e+03	+0.300
56.300	+6.920e+03	+3.129e+03	+9.001e+03	+0.311
56.400	+7.088e+03	+2.752e+03	+9.912e+03	+0.280
56.500	+6.571e+03	+2.242e+03	+1.005e+04	+0.254
56.600	+6.240e+03	+3.187e+03	+9.319e+03	+0.338
56.700	+4.002e+03	+6.568e+03	+1.046e+04	+0.621
56.800	+3.177e+03	+6.649e+03	+1.019e+04	+0.677
56.900	+3.897e+03	+6.534e+03	+9.146e+03	+0.626
57.000	+3.312e+03	+6.653e+03	+1.037e+04	+0.668
57.100	+2.740e+03	+7.293e+03	+1.175e+04	+0.727
57.200	+2.728e+03	+7.569e+03	+1.023e+04	+0.735
57.300	+4.765e+03	+2.917e+03	+1.100e+04	+0.380
57.400	+7.255e+03	+3.837e+03	+9.836e+03	+0.346
57.500	+6.900e+03	+3.329e+03	+1.161e+04	+0.325
57.600	+5.669e+03	+4.015e+03	+9.413e+03	+0.415
57.700	+6.272e+03	+3.261e+03	+9.939e+03	+0.342
57.800	+7.278e+03	+3.199e+03	+1.115e+04	+0.305
57.900	+6.860e+03	+3.386e+03	+8.481e+03	+0.330
58.000	+6.809e+03	+2.815e+03	+8.099e+03	+0.293
58.100	+6.520e+03	+2.960e+03	+9.893e+03	+0.312
58.200	+7.028e+03	+2.973e+03	+1.096e+04	+0.297
58.300	+6.992e+03	+3.005e+03	+1.023e+04	+0.301
58.400	+4.740e+03	+3.724e+03	+9.222e+03	+0.440
58.500	+2.486e+03	+5.957e+03	+9.393e+03	+0.706
58.600	+3.412e+03	+7.270e+03	+1.036e+04	+0.681
58.700	+2.578e+03	+6.508e+03	+8.785e+03	+0.716
58.800	+3.285e+03	+8.121e+03	+1.014e+04	+0.712
58.900	+4.118e+03	+7.924e+03	+1.056e+04	+0.658
59.000	+2.807e+03	+6.915e+03	+1.092e+04	+0.711
59.100	+3.563e+03	+7.009e+03	+1.057e+04	+0.663
59.200	+3.388e+03	+7.468e+03	+8.865e+03	+0.688
59.300	+7.183e+03	+3.071e+03	+9.260e+03	+0.299
59.400	+3.205e+03	+7.076e+03	+1.086e+04	+0.688
59.500	+3.088e+03	+7.286e+03	+1.072e+04	+0.702
59.600	+2.500e+03	+6.915e+03	+1.157e+04	+0.734
59.700	+4.322e+03	+7.245e+03	+1.100e+04	+0.626
59.800	+4.313e+03	+6.865e+03	+1.022e+04	+0.614
59.900	+2.930e+03	+7.477e+03	+9.563e+03	+0.718
60.000	+3.055e+03	+6.619e+03	+1.127e+04	+0.684
60.100	+2.772e+03	+7.597e+03	+9.608e+03	+0.733
60.200	+2.082e+03	+6.341e+03	+1.021e+04	+0.753
60.300	+3.046e+03	+7.243e+03	+9.414e+03	+0.704
60.400	+4.735e+03	+5.309e+03	+1.047e+04	+0.529
60.500	+8.717e+03	+2.526e+03	+1.083e+04	+0.225
60.600	+5.477e+03	+4.920e+03	+1.019e+04	+0.473
60.700	+2.800e+03	+9.027e+03	+9.824e+03	+0.763
60.800	+2.648e+03	+8.159e+03	+9.738e+03	+0.755
60.900	+2.103e+03	+6.696e+03	+1.004e+04	+0.761
61.000	+3.005e+03	+6.425e+03	+1.050e+04	+0.681
61.100	+4.133e+03	+9.300e+03	+1.040e+04	+0.692
61.200	+3.448e+03	+6.568e+03	+9.094e+03	+0.656
61.300	+3.921e+03	+6.439e+03	+9.909e+03	+0.622
61.400	+2.486e+03	+7.404e+03	+9.367e+03	+0.749
61.500	+3.492e+03	+7.009e+03	+9.606e+03	+0.667
61.600	+3.153e+03	+6.837e+03	+1.062e+04	+0.684
61.700	+1.996e+03	+6.183e+03	+1.052e+04	+0.756
61.800	+2.365e+03	+6.705e+03	+9.825e+03	+0.739
61.900	+2.521e+03	+7.476e+03	+1.025e+04	+0.748
62.000	+3.611e+03	+6.409e+03	+8.411e+03	+0.640
62.100	+2.626e+03	+6.547e+03	+9.417e+03	+0.714
62.200	+2.403e+03	+6.072e+03	+9.829e+03	+0.717
62.300	+4.230e+03	+7.496e+03	+9.313e+03	+0.639
62.400	+4.026e+03	+7.251e+03	+1.002e+04	+0.643
62.500	+2.183e+03	+8.560e+03	+9.177e+03	+0.797
62.600	+4.161e+03	+6.617e+03	+1.011e+04	+0.614
62.700	+2.317e+03	+6.445e+03	+1.001e+04	+0.736
62.800	+3.204e+03	+6.148e+03	+9.520e+03	+0.657
62.900	+1.676e+03	+7.953e+03	+9.360e+03	+0.826
63.000	+2.985e+03	+6.646e+03	+9.899e+03	+0.690
63.100	+1.228e+03	+5.571e+03	+9.429e+03	+0.819
63.200	+1.365e+03	+8.391e+03	+1.008e+04	+0.860
63.300	+3.290e+03	+7.248e+03	+1.087e+04	+0.688
63.400	+3.658e+03	+5.939e+03	+1.024e+04	+0.619
63.500	+2.613e+03	+7.846e+03	+9.147e+03	+0.750
63.600	+4.021e+03	+7.135e+03	+1.026e+04	+0.640
63.700	+2.606e+03	+6.626e+03	+1.081e+04	+0.718
63.800	+1.610e+03	+6.371e+03	+1.031e+04	+0.798
63.900	+3.461e+03	+5.928e+03	+8.792e+03	+0.631
64.000	+1.838e+03	+5.608e+03	+9.448e+03	+0.753
64.100	+2.211e+03	+6.842e+03	+1.057e+04	+0.756
64.200	+2.682e+03	+6.676e+03	+1.045e+04	+0.713
64.300	+2.377e+03	+8.108e+03	+1.076e+04	+0.773
64.400	+3.801e+03	+6.668e+03	+9.191e+03	+0.637
64.500	+3.398e+03	+7.326e+03	+9.858e+03	+0.683
64.600	+3.694e+03	+7.489e+03	+9.151e+03	+0.670
64.700	+2.278e+03	+5.969e+03	+1.022e+04	+0.724
64.800	+2.571e+03	+7.019e+03	+9.883e+03	+0.732
64.900	+1.543e+03	+7.335e+03	+1.026e+04	+0.826
65.000	+3.108e+03	+7.111e+03	+1.106e+04	+0.696
65.100	+2.424e+03	+6.152e+03	+1.078e+04	+0.717
65.200	+2.801e+03	+6.319e+03	+9.540e+03	+0.693
65.300	+3.196e+03	+7.175e+03	+9.705e+03	+0.692
65.400	+4.018e+03	+7.062e+03	+9.761e+03	+0.637
65.500	+4.283e+03	+6.484e+03	+1.077e+04	+0.602
65.600	+3.606e+03	+6.490e+03	+9.907e+03	+0.643
65.700	+2.369e+03	+5.444e+03	+1.028e+04	+0.697
65.800	+2.332e+03	+7.410e+03	+1.177e+04	+0.761
65.900	+3.279e+03	+6.669e+03	+1.120e+04	+0.670
66.000	+2.507e+03	+6.922e+03	+1.029e+04	+0.734
66.100	+3.572e+03	+6.590e+03	+1.104e+04	+0.648
66.200	+2.322e+03	+7.317e+03	+1.005e+04	+0.759
66.300	+3.685e+03	+6.093e+03	+1.095e+04	+0.623
66.400	+2.279e+03	+5.641e+03	+9.254e+03	+0.712
66.500	+2.245e+03	+8.125e+03	+9.645e+03	+0.784
66.600	+3.726e+03	+7.285e+03	+9.766e+03	+0.662
66.700	+4.561e+03	+6.375e+03	+1.124e+04	+0.583
66.800	+3.058e+03	+5.910e+03	+9.734e+03	+0.659
66.900	+3.533e+03	+7.457e+03	+9.652e+03	+0.679
67.000	+4.123e+03	+6.873e+03	+1.144e+04	+0.625
67.100	+3.915e+03	+6.907e+03	+9.835e+03	+0.638
67.200	+2.580e+03	+6.918e+03	+1.167e+04	+0.728
67.300	+3.640e+03	+6.698e+03	+1.009e+04	+0.648
67.400	+1.948e+03	+6.977e+03	+9.950e+03	+0.782
67.500	+3.033e+03	+6.364e+03	+1.035e+04	+0.677
67.600	+2.104e+03	+7.140e+03	+9.833e+03	+0.772
67.700	+3.528e+03	+8.241e+03	+1.063e+04	+0.700
67.800	+2.888e+03	+7.728e+03	+1.070e+04	+0.728
67.900	+3.745e+03	+7.008e+03	+1.013e+04	+0.652
68.000	+3.921e+03	+8.435e+03	+1.079e+04	+0.683
68.100	+3.445e+03	+6.776e+03	+1.000e+04	+0.663
68.200	+2.142e+03	+7.599e+03	+1.006e+04	+0.780
68.300	+4.471e+03	+6.499e+03	+1.045e+04	+0.592
68.400	+3.409e+03	+6.114e+03	+1.005e+04	+0.642
68.500	+3.868e+03	+8.808e+03	+7.893e+03	+0.695
68.600	+2.515e+03	+7.367e+03	+1.071e+04	+0.746
68.700	+2.002e+03	+6.761e+03	+7.122e+03	+0.772
68.800	+2.301e+03	+7.299e+03	+1.023e+04	+0.760
68.900	+2.569e+03	+6.761e+03	+9.783e+03	+0.725
69.000	+3.563e+03	+7.247e+03	+9.647e+03	+0.670
69.100	+3.248e+03	+7.270e+03	+1.011e+04	+0.691
69.200	+4.709e+03	+4.284e+03	+9.854e+03	+0.476
69.300	+7.625e+03	+3.615e+03	+1.132e+04	+0.322
69.400	+5.376e+03	+5.616e+03	+1.049e+04	+0.511
69.500	+2.659e+03	+6.567e+03	+9.246e+03	+0.712
69.600	+2.944e+03	+8.424e+03	+9.440e+03	+0.741
69.700	+1.668e+03	+8.098e+03	+8.895e+03	+0.829
69.800	+3.749e+03	+6.180e+03	+1.030e+04	+0.622
69.900	+2.017e+03	+6.236e+03	+1.152e+04	+0.756
70.000	+2.289e+03	+7.180e+03	+9.792e+03	+0.758
70.100	+2.266e+03	+7.315e+03	+1.094e+04	+0.763
70.200	+2.799e+03	+6.892e+03	+9.528e+03	+0.711
70.300	+1.887e+03	+8.061e+03	+1.063e+04	+0.810
70.400	+2.934e+03	+4.961e+03	+9.589e+03	+0.628
70.500	+3.201e+03	+8.393e+03	+1.150e+04	+0.724
70.600	+2.859e+03	+6.456e+03	+9.804e+03	+0.693
70.700	+2.304e+03	+6.525e+03	+1.026e+04	+0.739
70.800	+2.880e+03	+7.147e+03	+9.614e+03	+0.713
70.900	+3.281e+03	+5.014e+03	+1.033e+04	+0.604
71.000	+2.042e+03	+6.368e+03	+1.015e+04	+0.757
71.100	+2.626e+03	+6.822e+03	+1.165e+04	+0.722
71.200	+2.608e+03	+6.538e+03	+1.086e+04	+0.715
71.300	+3.282e+03	+5.532e+03	+1.132e+04	+0.628
71.400	+3.718e+03	+7.936e+03	+8.408e+03	+0.681
71.500	+3.358e+03	+7.358e+03	+1.039e+04	+0.687
71.600	+6.362e+03	+3.082e+03	+1.011e+04	+0.326
71.700	+6.610e+03	+3.312e+03	+8.838e+03	+0.334
71.800	+7.762e+03	+3.673e+03	+9.401e+03	+0.321
71.900	+9.387e+03	+3.083e+03	+1.105e+04	+0.247
72.000	+7.206e+03	+2.933e+03	+9.933e+03	+0.289
72.100	+7.218e+03	+2.675e+03	+1.082e+04	+0.270
72.200	+8.245e+03	+3.786e+03	+1.086e+04	+0.315
72.300	+5.517e+03	+5.461e+03	+1.057e+04	+0.497
72.400	+4.069e+03	+7.924e+03	+1.034e+04	+0.661
72.500	+3.946e+03	+7.616e+03	+1.003e+04	+0.659
72.600	+4.879e+03	+4.611e+03	+1.012e+04	+0.486
72.700	+7.962e+03	+2.735e+03	+9.605e+03	+0.256
72.800	+7.108e+03	+2.022e+03	+1.011e+04	+0.222
72.900	+7.860e+03	+3.298e+03	+8.526e+03	+0.296
73.000	+7.747e+03	+3.613e+03	+9.800e+03	+0.318
73.100	+5.889e+03	+3.793e+03	+9.699e+03	+0.392
73.200	+7.455e+03	+3.503e+03	+9.676e+03	+0.320
73.300	+6.488e+03	+2.758e+03	+1.064e+04	+0.298
73.400	+7.196e+03	+4.125e+03	+1.003e+04	+0.364
73.500	+7.708e+03	+3.100e+03	+9.076e+03	+0.287
73.600	+7.959e+03	+1.904e+03	+1.026e+04	+0.193
73.700	+6.470e+03	+3.214e+03	+9.424e+03	+0.332
73.800	+6.808e+03	+2.751e+03	+9.950e+03	+0.288
73.900	+7.362e+03	+3.323e+03	+1.058e+04	+0.311
74.000	+6.932e+03	+3.271e+03	+1.075e+04	+0.321
74.100	+7.851e+03	+2.443e+03	+9.894e+03	+0.237
74.200	+7.497e+03	+3.971e+03	+1.016e+04	+0.346
74.300	+6.132e+03	+3.171e+03	+9.341e+03	+0.341
74.400	+6.230e+03	+2.923e+03	+1.034e+04	+0.319
74.500	+5.685e+03	+1.978e+03	+1.018e+04	+0.258
74.600	+6.657e+03	+3.792e+03	+9.084e+03	+0.363
74.700	+7.198e+03	+2.542e+03	+1.031e+04	+0.261
74.800	+7.664e+03	+3.384e+03	+9.573e+03	+0.306
74.900	+7.278e+03	+2.439e+03	+9.664e+03	+0.251
75.000	+6.781e+03	+3.882e+03	+1.019e+04	+0.364
75.100	+6.680e+03	+2.479e+03	+1.054e+04	+0.271
75.200	+5.852e+03	+2.453e+03	+1.045e+04	+0.295
75.300	+6.473e+03	+2.783e+03	+9.550e+03	+0.301
75.400	+6.624e+03	+2.338e+03	+1.144e+04	+0.261
75.500	+7.246e+03	+3.112e+03	+9.534e+03	+0.300
75.600	+6.507e+03	+3.865e+03	+1.050e+04	+0.373
75.700	+6.269e+03	+2.836e+03	+1.017e+04	+0.311
75.800	+5.988e+03	+1.311e+03	+9.011e+03	+0.180
75.900	+6.792e+03	+2.360e+03	+1.036e+04	+0.258
76.000	+5.366e+03	+4.599e+03	+1.086e+04	+0.462
76.100	+2.196e+03	+9.158e+03	+8.933e+03	+0.807
76.200	+2.384e+03	+9.142e+03	+1.027e+04	+0.793
76.300	+2.435e+03	+6.118e+03	+1.056e+04	+0.715
76.400	+3.367e+03	+7.551e+03	+8.573e+03	+0.692
76.500	+3.611e+03	+8.781e+03	+9.735e+03	+0.709
76.600	+3.557e+03	+7.406e+03	+9.793e+03	+0.676
76.700	+3.955e+03	+7.088e+03	+1.038e+04	+0.642
76.800	+2.212e+03	+6.957e+03	+8.578e+03	+0.759
76.900	+3.296e+03	+7.053e+03	+1.005e+04	+0.682
77.000	+6.351e+03	+5.849e+03	+1.115e+04	+0.479
77.100	+6.848e+03	+3.868e+03	+1.055e+04	+0.361
77.200	+5.740e+03	+1.971e+03	+9.435e+03	+0.256
77.300	+5.367e+03	+2.444e+03	+1.020e+04	+0.313
77.400	+7.010e+03	+3.399e+03	+9.075e+03	+0.327
77.500	+8.008e+03	+4.037e+03	+9.227e+03	+0.335
77.600	+6.848e+03	+2.438e+03	+1.072e+04	+0.263
77.700	+6.876e+03	+3.617e+03	+1.089e+04	+0.345
77.800	+7.196e+03	+2.839e+03	+9.801e+03	+0.283
77.900	+8.525e+03	+1.412e+03	+9.880e+03	+0.142
78.000	+5.474e+03	+2.028e+03	+9.563e+03	+0.270
78.100	+4.644e+03	+1.907e+03	+8.413e+03	+0.291
78.200	+6.880e+03	+3.049e+03	+9.214e+03	+0.307
78.300	+7.454e+03	+2.817e+03	+1.090e+04	+0.274
78.400	+7.612e+03	+2.967e+03	+1.005e+04	+0.280
78.500	+7.603e+03	+3.033e+03	+9.672e+03	+0.285
78.600	+8.517e+03	+3.048e+03	+9.694e+03	+0.264
78.700	+5.716e+03	+3.367e+03	+9.686e+03	+0.371
78.800	+7.282e+03	+2.558e+03	+1.000e+04	+0.260
78.900	+7.929e+03	+3.300e+03	+1.009e+04	+0.294
79.000	+5.475e+03	+4.030e+03	+1.044e+04	+0.424
79.100	+6.563e+03	+2.823e+03	+1.066e+04	+0.301
79.200	+6.903e+03	+4.866e+03	+9.351e+03	+0.413
79.300	+7.894e+03	+2.005e+03	+1.007e+04	+0.203
79.400	+7.053e+03	+1.062e+03	+1.064e+04	+0.131
79.500	+6.999e+03	+3.583e+03	+1.097e+04	+0.339
79.600	+2.582e+03	+5.740e+03	+1.045e+04	+0.690
79.700	+3.674e+03	+7.229e+03	+9.947e+03	+0.663
79.800	+3.116e+03	+7.484e+03	+8.798e+03	+0.706
79.900	+2.069e+03	+7.776e+03	+1.025e+04	+0.790
80.000	+2.524e+03	+7.308e+03	+1.034e+04	+0.743
80.100	+3.205e+03	+7.136e+03	+1.002e+04	+0.690
80.200	+2.869e+03	+7.799e+03	+9.813e+03	+0.731
80.300	+4.369e+03	+7.557e+03	+1.014e+04	+0.634
80.400	+3.223e+03	+6.431e+03	+9.647e+03	+0.666
80.500	+2.906e+03	+7.182e+03	+1.017e+04	+0.712
80.600	+3.424e+03	+7.122e+03	+9.355e+03	+0.675
80.700	+3.545e+03	+6.367e+03	+1.051e+04	+0.642
80.800	+4.525e+03	+6.623e+03	+9.515e+03	+0.594
80.900	+2.166e+03	+7.682e+03	+1.089e+04	+0.780
81.000	+2.737e+03	+6.602e+03	+9.053e+03	+0.707
81.100	+4.126e+03	+6.183e+03	+1.062e+04	+0.600
81.200	+3.515e+03	+7.271e+03	+9.201e+03	+0.674
81.300	+3.771e+03	+5.249e+03	+1.074e+04	+0.582
81.400	+6.930e+03	+2.521e+03	+1.079e+04	+0.267
81.500	+6.367e+03	+3.206e+03	+1.085e+04	+0.335
81.600	+7.557e+03	+2.495e+03	+1.048e+04	+0.248
81.700	+6.698e+03	+2.681e+03	+1.001e+04	+0.286
81.800	+7.296e+03	+4.196e+03	+1.026e+04	+0.365
81.900	+5.579e+03	+2.832e+03	+1.080e+04	+0.337
82.000	+6.714e+03	+1.907e+03	+9.982e+03	+0.221
82.100	+6.711e+03	+2.828e+03	+9.875e+03	+0.296
82.200	+6.347e+03	+3.096e+03	+1.044e+04	+0.328
82.300	+6.293e+03	+3.821e+03	+8.483e+03	+0.378
82.400	+7.392e+03	+4.669e+03	+1.102e+04	+0.387
82.500	+7.511e+03	+1.593e+03	+1.120e+04	+0.175
82.600	+7.389e+03	+3.288e+03	+1.008e+04	+0.308
82.700	+6.177e+03	+2.586e+03	+1.038e+04	+0.295
82.800	+6.284e+03	+1.417e+03	+1.002e+04	+0.184
82.900	+6.334e+03	+4.308e+03	+1.045e+04	+0.405
83.000	+6.256e+03	+3.598e+03	+9.533e+03	+0.365
83.100	+7.756e+03	+3.357e+03	+9.691e+03	+0.302
83.200	+5.795e+03	+2.639e+03	+1.062e+04	+0.313
83.300	+7.048e+03	+3.397e+03	+9.598e+03	+0.325
83.400	+6.037e+03	+4.152e+03	+9.565e+03	+0.407
83.500	+8.038e+03	+1.829e+03	+1.142e+04	+0.185
83.600	+7.053e+03	+3.424e+03	+1.018e+04	+0.327
83.700	+7.662e+03	+2.967e+03	+8.402e+03	+0.279
83.800	+7.656e+03	+4.003e+03	+8.088e+03	+0.343
83.900	+5.824e+03	+4.118e+03	+9.583e+03	+0.414
84.000	+3.764e+03	+7.555e+03	+1.017e+04	+0.667
84.100	+4.500e+03	+8.832e+03	+9.607e+03	+0.662
84.200	+2.576e+03	+7.210e+03	+9.745e+03	+0.737
84.300	+3.466e+03	+6.360e+03	+1.006e+04	+0.647
84.400	+3.852e+03	+8.075e+03	+9.430e+03	+0.677
84.500	+4.623e+03	+5.952e+03	+9.621e+03	+0.563
84.600	+3.361e+03	+6.979e+03	+1.113e+04	+0.675
84.700	+3.114e+03	+8.140e+03	+9.841e+03	+0.723
84.800	+3.326e+03	+7.369e+03	+8.954e+03	+0.689
84.900	+2.488e+03	+7.554e+03	+1.043e+04	+0.752
85.000	+3.376e+03	+6.052e+03	+9.326e+03	+0.642
85.100	+3.441e+03	+7.405e+03	+8.707e+03	+0.683
85.200	+1.180e+03	+7.036e+03	+9.440e+03	+0.856
85.300	+3.586e+03	+6.942e+03	+9.390e+03	+0.659
85.400	+2.879e+03	+7.204e+03	+9.786e+03	+0.714
85.500	+2.381e+03	+6.145e+03	+1.065e+04	+0.721
85.600	+4.507e+03	+7.640e+03	+1.068e+04	+0.629
85.700	+2.730e+03	+7.153e+03	+1.131e+04	+0.724
85.800	+4.076e+03	+5.459e+03	+9.573e+03	+0.573
85.900	+6.107e+03	+4.829e+03	+9.460e+03	+0.442
86.000	+3.340e+03	+7.024e+03	+9.650e+03	+0.678
86.100	+2.953e+03	+6.316e+03	+1.044e+04	+0.681
86.200	+2.287e+03	+8.175e+03	+9.339e+03	+0.781
86.300	+1.984e+03	+6.336e+03	+1.110e+04	+0.762
86.400	+3.673e+03	+5.655e+03	+8.931e+03	+0.606
86.500	+3.089e+03	+7.756e+03	+9.322e+03	+0.715
86.600	+2.355e+03	+6.886e+03	+8.506e+03	+0.745
86.700	+2.161e+03	+7.353e+03	+9.834e+03	+0.773
86.800	+1.728e+03	+8.404e+03	+9.698e+03	+0.829
86.900	+4.545e+03	+7.154e+03	+1.015e+04	+0.611
87.000	+4.915e+03	+6.231e+03	+1.131e+04	+0.559
87.100	+2.819e+03	+7.124e+03	+1.009e+04	+0.717
87.200	+2.218e+03	+7.863e+03	+9.987e+03	+0.780
87.300	+4.984e+03	+7.122e+03	+8.343e+03	+0.588
87.400	+3.687e+03	+6.625e+03	+8.498e+03	+0.642
87.500	+4.345e+03	+6.376e+03	+9.886e+03	+0.595
87.600	+3.185e+03	+5.860e+03	+1.070e+04	+0.648
87.700	+7.784e+03	+2.164e+03	+1.099e+04	+0.217
87.800	+7.511e+03	+2.715e+03	+1.035e+04	+0.265
87.900	+7.619e+03	+2.802e+03	+1.003e+04	+0.269
88.000	+7.815e+03	+4.037e+03	+9.686e+03	+0.341
88.100	+7.886e+03	+2.319e+03	+8.323e+03	+0.227
88.200	+7.450e+03	+3.923e+03	+1.092e+04	+0.345
88.300	+5.899e+03	+1.881e+03	+9.191e+03	+0.242
88.400	+3.737e+03	+6.518e+03	+9.244e+03	+0.636
88.500	+3.524e+03	+6.587e+03	+1.156e+04	+0.651
88.600	+2.899e+03	+6.455e+03	+1.008e+04	+0.690
88.700	+4.200e+03	+4.285e+03	+9.966e+03	+0.505
88.800	+2.470e+03	+8.573e+03	+9.333e+03	+0.776
88.900	+4.627e+03	+8.369e+03	+9.822e+03	+0.644
89.000	+4.428e+03	+6.455e+03	+1.019e+04	+0.593
89.100	+2.670e+03	+6.555e+03	+1.013e+04	+0.711
89.200	+2.401e+03	+6.392e+03	+9.537e+03	+0.727
89.300	+3.575e+03	+6.913e+03	+1.131e+04	+0.659
89.400	+2.861e+03	+7.654e+03	+9.836e+03	+0.728
89.500	+1.774e+03	+7.092e+03	+9.516e+03	+0.800
89.600	+4.217e+03	+5.339e+03	+9.293e+03	+0.559
89.700	+3.245e+03	+4.917e+03	+1.062e+04	+0.602
89.800	+2.984e+03	+7.088e+03	+1.138e+04	+0.704
89.900	+4.078e+03	+7.972e+03	+1.062e+04	+0.662
90.000	+3.385e+03	+7.178e+03	+1.035e+04	+0.680
90.100	+2.238e+03	+6.581e+03	+1.003e+04	+0.746
90.200	+2.187e+03	+6.371e+03	+9.927e+03	+0.744
90.300	+3.148e+03	+7.779e+03	+1.039e+04	+0.712
90.400	+4.222e+03	+6.092e+03	+1.015e+04	+0.591
90.500	+6.956e+03	+4.175e+03	+1.078e+04	+0.375
90.600	+5.919e+03	+2.915e+03	+9.668e+03	+0.330
90.700	+6.895e+03	+2.928e+03	+1.085e+04	+0.298
90.800	+7.903e+03	+2.866e+03	+9.873e+03	+0.266
90.900	+8.749e+03	+3.756e+03	+1.000e+04	+0.300
91.000	+7.457e+03	+5.097e+03	+9.741e+03	+0.406
91.100	+6.351e+03	+2.445e+03	+1.054e+04	+0.278
91.200	+7.369e+03	+1.148e+03	+1.116e+04	+0.135
91.300	+7.304e+03	+2.577e+03	+9.351e+03	+0.261
91.400	+5.688e+03	+3.098e+03	+1.102e+04	+0.353
91.500	+7.930e+03	+4.488e+03	+9.113e+03	+0.361
91.600	+7.053e+03	+2.386e+03	+9.102e+03	+0.253
91.700	+6.650e+03	+2.758e+03	+1.067e+04	+0.293
91.800	+7.018e+03	+3.040e+03	+1.008e+04	+0.302
91.900	+7.237e+03	+1.839e+03	+9.977e+03	+0.203
92.000	+6.851e+03	+2.717e+03	+9.750e+03	+0.284
92.100	+7.546e+03	+3.083e+03	+9.995e+03	+0.290
92.200	+7.671e+03	+2.535e+03	+9.393e+03	+0.248
92.300	+7.915e+03	+3.006e+03	+1.039e+04	+0.275
92.400	+7.612e+03	+3.505e+03	+1.002e+04	+0.315
92.500	+6.476e+03	+2.309e+03	+8.748e+03	+0.263
92.600	+7.128e+03	+2.170e+03	+1.100e+04	+0.233
92.700	+7.195e+03	+3.002e+03	+9.924e+03	+0.294
92.800	+6.627e+03	+1.623e+03	+1.158e+04	+0.197
92.900	+7.790e+03	+3.465e+03	+9.998e+03	+0.308
93.000	+6.350e+03	+3.292e+03	+1.012e+04	+0.341
93.100	+7.314e+03	+2.908e+03	+1.061e+04	+0.284
93.200	+3.328e+03	+5.233e+03	+8.806e+03	+0.611
93.300	+2.301e+03	+6.339e+03	+9.197e+03	+0.734
93.400	+4.067e+03	+5.163e+03	+9.966e+03	+0.559
93.500	+6.206e+03	+2.991e+03	+9.787e+03	+0.325
93.600	+7.321e+03	+3.671e+03	+8.554e+03	+0.334
93.700	+5.622e+03	+3.427e+03	+1.029e+04	+0.379
93.800	+7.316e+03	+2.789e+03	+8.198e+03	+0.276
93.900	+6.503e+03	+3.438e+03	+1.062e+04	+0.346
94.000	+7.549e+03	+3.262e+03	+1.002e+04	+0.302
94.100	+7.839e+03	+2.648e+03	+8.733e+03	+0.252
94.200	+6.355e+03	+3.936e+03	+9.125e+03	+0.382
94.300	+7.636e+03	+3.110e+03	+9.758e+03	+0.289
94.400	+7.116e+03	+2.239e+03	+1.092e+04	+0.239
94.500	+4.843e+03	+4.876e+03	+1.071e+04	+0.502
94.600	+2.786e+03	+6.567e+03	+1.010e+04	+0.702
94.700	+1.833e+03	+6.549e+03	+1.068e+04	+0.781
94.800	+2.342e+03	+6.200e+03	+1.034e+04	+0.726
94.900	+3.688e+03	+7.116e+03	+9.623e+03	+0.659
95.000	+3.124e+03	+7.567e+03	+1.115e+04	+0.708
95.100	+2.168e+03	+6.987e+03	+1.080e+04	+0.763
95.200	+2.383e+03	+6.116e+03	+1.078e+04	+0.720
95.300	+2.048e+03	+6.179e+03	+1.083e+04	+0.751
95.400	+5.214e+03	+5.521e+03	+1.060e+04	+0.514
95.500	+2.469e+03	+7.547e+03	+9.819e+03	+0.753
95.600	+2.828e+03	+6.424e+03	+9.601e+03	+0.694
95.700	+3.048e+03	+6.864e+03	+9.687e+03	+0.692
95.800	+2.160e+03	+6.574e+03	+9.420e+03	+0.753
95.900	+3.511e+03	+7.414e+03	+9.354e+03	+0.679
96.000	+4.697e+03	+7.409e+03	+1.126e+04	+0.612
96.100	+2.840e+03	+8.118e+03	+9.991e+03	+0.741
96.200	+2.335e+03	+7.705e+03	+1.011e+04	+0.767
96.300	+3.395e+03	+6.177e+03	+9.409e+03	+0.645
96.400	+1.888e+03	+5.510e+03	+9.469e+03	+0.745
96.500	+2.891e+03	+7.475e+03	+9.419e+03	+0.721
96.600	+4.095e+03	+7.146e+03	+1.108e+04	+0.636
96.700	+2.393e+03	+7.458e+03	+1.046e+04	+0.757
96.800	+2.928e+03	+7.487e+03	+1.118e+04	+0.719
96.900	+3.338e+03	+7.020e+03	+9.779e+03	+0.678
97.000	+3.055e+03	+7.313e+03	+9.648e+03	+0.705
97.100	+3.473e+03	+7.841e+03	+9.306e+03	+0.693
97.200	+3.063e+03	+6.538e+03	+1.151e+04	+0.681
97.300	+3.522e+03	+5.681e+03	+1.040e+04	+0.617
97.400	+3.353e+03	+6.617e+03	+1.066e+04	+0.664
97.500	+3.180e+03	+7.048e+03	+1.019e+04	+0.689
97.600	+4.167e+03	+7.516e+03	+1.042e+04	+0.643
97.700	+3.014e+03	+6.004e+03	+1.043e+04	+0.666
97.800	+2.627e+03	+6.718e+03	+8.670e+03	+0.719
97.900	+2.760e+03	+6.249e+03	+1.054e+04	+0.694
98.000	+3.751e+03	+5.450e+03	+9.811e+03	+0.592
98.100	+3.474e+03	+7.120e+03	+8.916e+03	+0.672
98.200	+1.682e+03	+7.557e+03	+1.152e+04	+0.818
98.300	+3.812e+03	+8.051e+03	+8.724e+03	+0.679
98.400	+1.979e+03	+7.550e+03	+9.435e+03	+0.792
98.500	+2.772e+03	+7.953e+03	+1.081e+04	+0.742
98.600	+3.196e+03	+6.695e+03	+9.380e+03	+0.677
98.700	+3.414e+03	+6.383e+03	+1.072e+04	+0.651
98.800	+4.664e+03	+7.878e+03	+9.729e+03	+0.628
98.900	+2.912e+03	+6.187e+03	+1.038e+04	+0.680
99.000	+2.436e+03	+6.765e+03	+1.016e+04	+0.735
99.100	+2.837e+03	+8.026e+03	+9.743e+03	+0.739
99.200	+2.665e+03	+6.404e+03	+1.130e+04	+0.706
99.300	+3.031e+03	+6.904e+03	+1.049e+04	+0.695
99.400	+3.318e+03	+6.097e+03	+8.346e+03	+0.648
99.500	+3.341e+03	+7.088e+03	+9.346e+03	+0.680
99.600	+3.700e+03	+8.674e+03	+9.462e+03	+0.701
99.700	+2.557e+03	+7.908e+03	+9.949e+03	+0.756
99.800	+2.676e+03	+7.705e+03	+8.793e+03	+0.742
99.900	+3.697e+03	+5.660e+03	+1.102e+04	+0.605
100.000	+1.158e+03	+6.452e+03	+9.022e+03	+0.848
100.100	+2.513e+03	+6.731e+03	+1.012e+04	+0.728
100.200	+4.807e+03	+4.465e+03	+1.030e+04	+0.482
100.300	+3.340e+03	+7.029e+03	+9.114e+03	+0.678
100.400	+5.013e+03	+5.189e+03	+1.009e+04	+0.509
100.500	+7.879e+03	+9.030e+02	+1.093e+04	+0.103
100.600	+7.392e+03	+3.546e+03	+1.049e+04	+0.324
100.700	+6.051e+03	+3.612e+03	+9.566e+03	+0.374
100.800	+7.263e+03	+3.020e+03	+9.982e+03	+0.294
100.900	+6.524e+03	+3.457e+03	+1.028e+04	+0.346
101.000	+1.819e+03	+6.495e+03	+9.243e+03	+0.781
101.100	+3.411e+03	+5.531e+03	+9.924e+03	+0.619
101.200	+1.938e+03	+5.717e+03	+1.046e+04	+0.747
101.300	+3.436e+03	+6.931e+03	+9.633e+03	+0.669
101.400	+3.158e+03	+6.902e+03	+1.057e+04	+0.686
101.500	+2.858e+03	+7.895e+03	+9.325e+03	+0.734
101.600	+1.385e+03	+7.086e+03	+1.029e+04	+0.836
101.700	+3.316e+03	+6.378e+03	+1.003e+04	+0.658
101.800	+2.051e+03	+7.531e+03	+1.024e+04	+0.786
101.900	+1.357e+03	+6.342e+03	+9.947e+03	+0.824
102.000	+2.247e+03	+6.598e+03	+1.037e+04	+0.746
102.100	+3.290e+03	+7.396e+03	+9.169e+03	+0.692
102.200	+2.499e+03	+6.819e+03	+1.121e+04	+0.732
102.300	+3.256e+03	+8.041e+03	+9.813e+03	+0.712
102.400	+3.525e+03	+8.494e+03	+1.106e+04	+0.707
102.500	+4.596e+03	+7.558e+03	+1.060e+04	+0.622
102.600	+2.169e+03	+6.018e+03	+9.793e+03	+0.735
102.700	+2.191e+03	+8.534e+03	+1.032e+04	+0.796
102.800	+2.071e+03	+8.129e+03	+8.489e+03	+0.797
102.900	+2.697e+03	+6.410e+03	+1.021e+04	+0.704
103.000	+2.590e+03	+6.442e+03	+1.010e+04	+0.713
103.100	+3.672e+03	+7.051e+03	+1.007e+04	+0.658
103.200	+2.987e+03	+7.517e+03	+9.655e+03	+0.716
103.300	+2.024e+03	+6.942e+03	+1.006e+04	+0.774
103.400	+2.614e+03	+7.159e+03	+8.226e+03	+0.733
103.500	+4.288e+03	+6.890e+03	+9.393e+03	+0.616
103.600	+2.616e+03	+6.876e+03	+9.814e+03	+0.724
103.700	+3.463e+03	+7.326e+03	+9.559e+03	+0.679
103.800	+3.384e+03	+7.202e+03	+9.319e+03	+0.680
103.900	+3.873e+03	+7.441e+03	+1.031e+04	+0.658
104.000	+4.390e+03	+5.485e+03	+9.356e+03	+0.555
104.100	+7.652e+03	+3.106e+03	+8.934e+03	+0.289
104.200	+6.354e+03	+3.392e+03	+1.075e+04	+0.348
104.300	+5.019e+03	+5.965e+03	+8.455e+03	+0.543
104.400	+1.877e+03	+7.591e+03	+1.223e+04	+0.802
104.500	+5.868e+03	+3.845e+03	+1.026e+04	+0.396
104.600	+6.128e+03	+2.682e+03	+1.042e+04	+0.304
104.700	+7.191e+03	+3.864e+03	+9.944e+03	+0.350
104.800	+6.010e+03	+3.991e+03	+9.301e+03	+0.399
104.900	+7.724e+03	+2.110e+03	+8.613e+03	+0.215
105.000	+5.735e+03	+2.172e+03	+9.791e+03	+0.275
105.100	+8.020e+03	+2.597e+03	+1.026e+04	+0.245
105.200	+6.606e+03	+3.231e+03	+1.051e+04	+0.328
105.300	+6.685e+03	+3.142e+03	+9.819e+03	+0.320
105.400	+6.473e+03	+3.149e+03	+9.923e+03	+0.327
105.500	+6.654e+03	+3.332e+03	+1.083e+04	+0.334
105.600	+7.701e+03	+3.438e+03	+9.722e+03	+0.309
105.700	+7.255e+03	+3.743e+03	+1.128e+04	+0.340
105.800	+7.019e+03	+2.784e+03	+1.134e+04	+0.284
105.900	+7.361e+03	+3.037e+03	+9.346e+03	+0.292
106.000	+6.990e+03	+3.445e+03	+9.724e+03	+0.330
106.100	+6.572e+03	+1.650e+03	+9.807e+03	+0.201
106.200	+5.333e+03	+2.801e+03	+1.106e+04	+0.344
106.300	+7.720e+03	+2.514e+03	+8.760e+03	+0.246
106.400	+7.876e+03	+3.342e+03	+1.092e+04	+0.298
106.500	+7.692e+03	+2.498e+03	+8.490e+03	+0.245
106.600	+6.198e+03	+2.880e+03	+9.976e+03	+0.317
106.700	+6.595e+03	+1.622e+03	+1.093e+04	+0.197
106.800	+6.439e+03	+5.188e+03	+1.091e+04	+0.446
106.900	+3.848e+03	+7.184e+03	+9.538e+03	+0.651
107.000	+2.929e+03	+6.122e+03	+9.998e+03	+0.676
107.100	+3.646e+03	+6.916e+03	+9.398e+03	+0.655
107.200	+3.069e+03	+5.622e+03	+9.937e+03	+0.647
107.300	+3.097e+03	+8.158e+03	+1.047e+04	+0.725
107.400	+3.988e+03	+6.860e+03	+1.144e+04	+0.632
107.500	+3.557e+03	+6.544e+03	+9.516e+03	+0.648
107.600	+2.817e+03	+7.057e+03	+1.039e+04	+0.715
107.700	+3.197e+03	+6.562e+03	+9.836e+03	+0.672
107.800	+3.744e+03	+7.698e+03	+9.791e+03	+0.673
107.900	+2.767e+03	+6.670e+03	+1.024e+04	+0.707
108.000	+4.100e+03	+7.291e+03	+9.374e+03	+0.640
108.100	+4.902e+03	+4.820e+03	+1.016e+04	+0.496
108.200	+8.659e+03	+2.888e+03	+9.193e+03	+0.250
108.300	+7.315e+03	+3.090e+03	+1.005e+04	+0.297
108.400	+4.467e+03	+3.134e+03	+1.011e+04	+0.412
108.500	+4.532e+03	+5.197e+03	+9.939e+03	+0.534
108.600	+6.598e+03	+3.193e+03	+1.115e+04	+0.326
108.700	+6.274e+03	+4.426e+03	+9.270e+03	+0.414
108.800	+7.449e+03	+3.144e+03	+1.073e+04	+0.297
108.900	+6.807e+03	+2.513e+03	+9.499e+03	+0.270
109.000	+6.341e+03	+3.112e+03	+1.047e+04	+0.329
109.100	+7.554e+03	+1.743e+03	+1.069e+04	+0.187
109.200	+7.248e+03	+3.897e+03	+9.443e+03	+0.350
109.300	+6.576e+03	+2.786e+03	+1.136e+04	+0.298
109.400	+4.793e+03	+5.482e+03	+9.936e+03	+0.534
109.500	+1.723e+03	+7.160e+03	+8.756e+03	+0.806
109.600	+3.497e+03	+7.800e+03	+9.202e+03	+0.690
109.700	+2.189e+03	+7.079e+03	+7.789e+03	+0.764
109.800	+2.662e+03	+5.040e+03	+1.090e+04	+0.654
109.900	+2.915e+03	+7.469e+03	+9.343e+03	+0.719
110.000	+3.151e+03	+7.659e+03	+9.310e+03	+0.709
110.100	+4.568e+03	+6.857e+03	+1.048e+04	+0.600
110.200	+4.761e+03	+5.504e+03	+1.044e+04	+0.536
110.300	+7.817e+03	+3.148e+03	+9.648e+03	+0.287
110.400	+9.085e+03	+2.907e+03	+7.872e+03	+0.242
110.500	+7.315e+03	+3.182e+03	+9.856e+03	+0.303
110.600	+6.521e+03	+2.990e+03	+1.065e+04	+0.314
110.700	+8.091e+03	+3.882e+03	+9.897e+03	+0.324
110.800	+7.298e+03	+3.184e+03	+1.036e+04	+0.304
110.900	+7.064e+03	+2.917e+03	+1.007e+04	+0.292
111.000	+7.424e+03	+3.844e+03	+1.024e+04	+0.341
111.100	+6.358e+03	+4.173e+03	+9.905e+03	+0.396
111.200	+6.540e+03	+3.087e+03	+1.167e+04	+0.321
111.300	+8.575e+03	+2.283e+03	+9.086e+03	+0.210
111.400	+8.266e+03	+2.689e+03	+9.121e+03	+0.245
111.500	+6.204e+03	+2.709e+03	+9.816e+03	+0.304
111.600	+6.382e+03	+2.326e+03	+1.128e+04	+0.267
111.700	+7.560e+03	+3.466e+03	+9.898e+03	+0.314
111.800	+6.936e+03	+3.337e+03	+1.017e+04	+0.325
111.900	+7.671e+03	+3.875e+03	+1.096e+04	+0.336
112.000	+7.502e+03	+2.973e+03	+8.626e+03	+0.284
112.100	+7.572e+03	+2.570e+03	+8.541e+03	+0.253
112.200	+6.989e+03	+2.810e+03	+9.967e+03	+0.287
112.300	+6.257e+03	+3.584e+03	+9.435e+03	+0.364
112.400	+7.008e+03	+2.206e+03	+1.175e+04	+0.239
112.500	+6.935e+03	+1.630e+03	+9.082e+03	+0.190
112.600	+7.263e+03	+2.783e+03	+9.987e+03	+0.277
112.700	+5.643e+03	+2.325e+03	+1.051e+04	+0.292
112.800	+8.226e+03	+5.009e+03	+9.511e+03	+0.378
112.900	+6.462e+03	+2.998e+03	+1.100e+04	+0.317
113.000	+7.063e+03	+4.318e+03	+1.096e+04	+0.379
113.100	+7.123e+03	+2.417e+03	+1.040e+04	+0.253
113.200	+6.796e+03	+3.287e+03	+9.511e+03	+0.326
113.300	+7.142e+03	+3.467e+03	+1.060e+04	+0.327
113.400	+6.860e+03	+3.251e+03	+1.105e+04	+0.322
113.500	+6.203e+03	+3.379e+03	+1.113e+04	+0.353
113.600	+6.998e+03	+2.888e+03	+9.748e+03	+0.292
113.700	+5.850e+03	+3.502e+03	+1.130e+04	+0.374
113.800	+5.072e+03	+5.159e+03	+9.304e+03	+0.504
113.900	+2.190e+03	+6.010e+03	+8.844e+03	+0.733
114.000	+2.455e+03	+6.576e+03	+1.049e+04	+0.728
114.100	+2.302e+03	+7.015e+03	+8.475e+03	+0.753
114.200	+3.386e+03	+7.171e+03	+1.119e+04	+0.679
114.300	+6.038e+03	+4.582e+03	+1.034e+04	+0.431
114.400	+6.425e+03	+3.320e+03	+9.455e+03	+0.341
114.500	+2.699e+03	+7.586e+03	+1.094e+04	+0.738
114.600	+3.044e+03	+7.011e+03	+8.335e+03	+0.697
114.700	+3.701e+03	+7.785e+03	+1.007e+04	+0.678
114.800	+3.197e+03	+6.945e+03	+8.565e+03	+0.685
114.900	+3.407e+03	+6.862e+03	+1.002e+04	+0.668
115.000	+2.940e+03	+6.042e+03	+9.960e+03	+0.673
115.100	+4.879e+03	+6.009e+03	+9.936e+03	+0.552
115.200	+2.945e+03	+8.801e+03	+9.521e+03	+0.749
115.300	+4.076e+03	+7.870e+03	+1.048e+04	+0.659
115.400	+3.036e+03	+6.442e+03	+1.034e+04	+0.680
115.500	+4.378e+03	+6.311e+03	+1.053e+04	+0.590
115.600	+2.629e+03	+6.377e+03	+1.041e+04	+0.708
115.700	+3.173e+03	+5.868e+03	+1.002e+04	+0.649
115.800	+3.081e+03	+7.131e+03	+8.739e+03	+0.698
115.900	+3.719e+03	+7.005e+03	+9.610e+03	+0.653
116.000	+1.372e+03	+5.544e+03	+9.291e+03	+0.802
116.100	+4.468e+03	+6.320e+03	+9.224e+03	+0.586
116.200	+4.362e+03	+7.256e+03	+8.726e+03	+0.625
116.300	+3.668e+03	+7.704e+03	+9.916e+03	+0.677
116.400	+4.193e+03	+6.987e+03	+1.056e+04	+0.625
116.500	+3.445e+03	+6.810e+03	+1.094e+04	+0.664
116.600	+2.375e+03	+5.204e+03	+9.918e+03	+0.687
116.700	+2.742e+03	+6.780e+03	+9.872e+03	+0.712
116.800	+4.073e+03	+7.925e+03	+1.032e+04	+0.661
116.900	+3.982e+03	+6.858e+03	+1.020e+04	+0.633
117.000	+3.297e+03	+8.509e+03	+9.536e+03	+0.721
117.100	+1.958e+03	+8.058e+03	+8.977e+03	+0.805
117.200	+2.002e+03	+7.022e+03	+1.213e+04	+0.778
117.300	+2.413e+03	+7.725e+03	+9.216e+03	+0.762
117.400	+4.078e+03	+7.527e+03	+1.114e+04	+0.649
117.500	+2.574e+03	+6.669e+03	+9.653e+03	+0.722
117.600	+3.009e+03	+6.981e+03	+8.997e+03	+0.699
117.700	+3.164e+03	+7.236e+03	+1.016e+04	+0.696
117.800	+2.890e+03	+8.638e+03	+1.029e+04	+0.749
117.900	+1.794e+03	+7.637e+03	+8.987e+03	+0.810
118.000	+1.446e+03	+6.401e+03	+8.963e+03	+0.816
118.100	+3.200e+03	+6.727e+03	+1.084e+04	+0.678
118.200	+3.618e+03	+7.636e+03	+9.855e+03	+0.678
118.300	+3.528e+03	+6.018e+03	+1.062e+04	+0.630
118.400	+2.080e+03	+8.237e+03	+1.035e+04	+0.798
118.500	+3.627e+03	+7.718e+03	+9.860e+03	+0.680
118.600	+2.961e+03	+6.779e+03	+9.169e+03	+0.696
118.700	+4.835e+03	+7.689e+03	+1.009e+04	+0.614
118.800	+5.003e+03	+8.116e+03	+9.852e+03	+0.619
118.900	+1.572e+03	+6.703e+03	+1.077e+04	+0.810
119.000	+3.334e+03	+6.923e+03	+1.120e+04	+0.675
119.100	+3.082e+03	+7.544e+03	+9.276e+03	+0.710
119.200	+3.085e+03	+7.685e+03	+1.051e+04	+0.714
119.300	+2.683e+03	+6.466e+03	+9.821e+03	+0.707
119.400	+4.285e+03	+7.095e+03	+1.170e+04	+0.623
119.500	+4.238e+03	+6.366e+03	+9.679e+03	+0.600
119.600	+2.944e+03	+7.377e+03	+1.143e+04	+0.715
119.700	+3.197e+03	+7.126e+03	+1.147e+04	+0.690
119.800	+2.959e+03	+5.889e+03	+1.072e+04	+0.666
119.900	+5.462e+03	+4.354e+03	+9.881e+03	+0.444
120.000	+7.198e+03	+2.488e+03	+1.122e+04	+0.257
120.100	+6.750e+03	+3.009e+03	+1.019e+04	+0.308
120.200	+7.997e+03	+3.215e+03	+9.923e+03	+0.287
120.300	+6.096e+03	+3.050e+03	+1.026e+04	+0.333
120.400	+7.195e+03	+2.312e+03	+9.853e+03	+0.243
120.500	+2.782e+03	+6.129e+03	+1.105e+04	+0.688
120.600	+2.675e+03	+7.824e+03	+9.283e+03	+0.745
120.700	+4.006e+03	+5.976e+03	+1.049e+04	+0.599
120.800	+2.724e+03	+7.032e+03	+9.991e+03	+0.721
120.900	+4.094e+03	+6.542e+03	+8.719e+03	+0.615
121.000	+2.732e+03	+6.497e+03	+1.037e+04	+0.704
121.100	+2.825e+03	+7.827e+03	+1.016e+04	+0.735
121.200	+2.063e+03	+6.547e+03	+9.649e+03	+0.760
121.300	+2.576e+03	+5.838e+03	+1.043e+04	+0.694
121.400	+2.198e+03	+6.731e+03	+9.566e+03	+0.754
121.500	+2.108e+03	+8.111e+03	+9.649e+03	+0.794
121.600	+4.657e+03	+8.756e+03	+9.561e+03	+0.653
121.700	+3.190e+03	+7.151e+03	+9.966e+03	+0.692
121.800	+7.623e+03	+4.633e+03	+1.036e+04	+0.378
121.900	+7.217e+03	+3.290e+03	+9.887e+03	+0.313
122.000	+6.973e+03	+2.522e+03	+8.689e+03	+0.266
122.100	+7.481e+03	+4.246e+03	+9.889e+03	+0.362
122.200	+7.384e+03	+2.559e+03	+1.052e+04	+0.257
122.300	+6.313e+03	+4.720e+03	+1.088e+04	+0.428
122.400	+6.129e+03	+4.452e+03	+9.964e+03	+0.421
122.500	+3.159e+03	+6.529e+03	+9.097e+03	+0.674
122.600	+3.820e+03	+6.941e+03	+9.510e+03	+0.645
122.700	+3.444e+03	+8.192e+03	+9.742e+03	+0.704
122.800	+2.191e+03	+7.875e+03	+9.573e+03	+0.782
122.900	+2.149e+03	+5.106e+03	+1.067e+04	+0.704
123.000	+3.524e+03	+7.197e+03	+8.058e+03	+0.671
123.100	+1.871e+03	+7.180e+03	+7.278e+03	+0.793
