%t (s)	Idd (a.u.)	Ida (a.u.)	Iaa (a.u.)	FRET E
0.000	+6.754e+03	+3.101e+03	+8.892e+03	+0.315
0.100	+6.669e+03	+2.555e+03	+1.013e+04	+0.277
0.200	+7.570e+03	+1.327e+03	+1.018e+04	+0.149
0.300	+7.044e+03	+2.295e+03	+1.039e+04	+0.246
0.400	+6.156e+03	+2.123e+03	+1.071e+04	+0.256
0.500	+7.392e+03	+3.864e+03	+1.110e+04	+0.343
0.600	+6.599e+03	+2.640e+03	+9.990e+03	+0.286
0.700	+7.061e+03	+2.629e+03	+1.031e+04	+0.271
0.800	+7.113e+03	+2.395e+03	+9.003e+03	+0.252
0.900	+4.437e+03	+4.224e+03	+1.010e+04	+0.488
1.000	+2.302e+03	+6.870e+03	+9.876e+03	+0.749
1.100	+3.556e+03	+6.401e+03	+1.012e+04	+0.643
1.200	+3.912e+03	+6.154e+03	+9.116e+03	+0.611
1.300	+3.044e+03	+6.437e+03	+9.764e+03	+0.679
1.400	+2.099e+03	+6.905e+03	+1.059e+04	+0.767
1.500	+3.300e+03	+7.415e+03	+1.012e+04	+0.692
1.600	+3.137e+03	+6.539e+03	+1.003e+04	+0.676
1.700	+3.705e+03	+6.489e+03	+9.685e+03	+0.637
1.800	+3.141e+03	+7.057e+03	+1.036e+04	+0.692
1.900	+4.720e+03	+6.635e+03	+9.631e+03	+0.584
2.000	+3.393e+03	+6.991e+03	+9.144e+03	+0.673
2.100	+3.095e+03	+5.767e+03	+9.890e+03	+0.651
2.200	+3.537e+03	+6.540e+03	+1.112e+04	+0.649
2.300	+1.827e+03	+6.069e+03	+9.842e+03	+0.769
2.400	+3.701e+03	+7.072e+03	+1.006e+04	+0.656
2.500	+3.751e+03	+6.747e+03	+9.660e+03	+0.643
2.600	+2.394e+03	+7.275e+03	+1.070e+04	+0.752
2.700	+2.889e+03	+7.503e+03	+1.136e+04	+0.722
2.800	+2.979e+03	+7.211e+03	+1.021e+04	+0.708
2.900	+1.923e+03	+7.123e+03	+1.094e+04	+0.787
3.000	+2.803e+03	+7.460e+03	+9.730e+03	+0.727
3.100	+3.579e+03	+8.222e+03	+1.037e+04	+0.697
3.200	+3.768e+03	+6.916e+03	+9.791e+03	+0.647
3.300	+4.156e+03	+7.719e+03	+9.033e+03	+0.650
3.400	+2.628e+03	+7.084e+03	+9.082e+03	+0.729
3.500	+3.199e+03	+7.163e+03	+9.064e+03	+0.691
3.600	+3.303e+03	+5.952e+03	+1.170e+04	+0.643
3.700	+1.647e+03	+7.537e+03	+9.852e+03	+0.821
3.800	+3.724e+03	+6.785e+03	+9.291e+03	+0.646
3.900	+2.203e+03	+7.466e+03	+9.405e+03	+0.772
4.000	+3.022e+03	+6.564e+03	+1.007e+04	+0.685
4.100	+1.867e+03	+7.192e+03	+1.053e+04	+0.794
4.200	+2.941e+03	+9.091e+03	+1.124e+04	+0.756
4.300	+3.335e+03	+6.218e+03	+9.935e+03	+0.651
4.400	+2.718e+03	+7.534e+03	+9.058e+03	+0.735
4.500	+3.495e+03	+6.886e+03	+9.198e+03	+0.663
4.600	+4.383e+03	+7.452e+03	+8.877e+03	+0.630
4.700	+2.581e+03	+5.790e+03	+1.005e+04	+0.692
4.800	+4.554e+03	+8.173e+03	+9.424e+03	+0.642
4.900	+4.111e+03	+8.997e+03	+1.090e+04	+0.686
5.000	+2.436e+03	+8.201e+03	+1.025e+04	+0.771
5.100	+1.621e+03	+6.642e+03	+9.373e+03	+0.804
5.200	+2.537e+03	+7.582e+03	+9.223e+03	+0.749
5.300	+2.318e+03	+8.808e+03	+1.039e+04	+0.792
5.400	+9.685e+02	+6.827e+03	+1.029e+04	+0.876
5.500	+3.604e+03	+6.444e+03	+9.230e+03	+0.641
5.600	+2.991e+03	+6.890e+03	+9.492e+03	+0.697
5.700	+3.877e+03	+7.145e+03	+9.635e+03	+0.648
5.800	+7.893e+03	+2.531e+03	+1.038e+04	+0.243
5.900	+6.434e+03	+2.492e+03	+1.124e+04	+0.279
6.000	+5.251e+03	+2.315e+03	+8.976e+03	+0.306
6.100	+7.162e+03	+3.723e+03	+9.944e+03	+0.342
6.200	+6.447e+03	+2.171e+03	+9.680e+03	+0.252
6.300	+7.760e+03	+1.998e+03	+8.485e+03	+0.205
6.400	+7.688e+03	+2.627e+03	+1.069e+04	+0.255
6.500	+7.209e+03	+4.848e+03	+9.147e+03	+0.402
6.600	+7.900e+03	+3.748e+03	+9.783e+03	+0.322
6.700	+6.444e+03	+7.856e+02	+8.544e+03	+0.109
6.800	+6.494e+03	+4.049e+03	+9.351e+03	+0.384
6.900	+6.544e+03	+2.110e+03	+1.171e+04	+0.244
7.000	+6.160e+03	+2.401e+03	+9.462e+03	+0.280
7.100	+7.219e+03	+3.857e+03	+9.454e+03	+0.348
7.200	+7.022e+03	+2.698e+03	+9.336e+03	+0.278
7.300	+7.171e+03	+3.112e+03	+8.827e+03	+0.303
7.400	+6.249e+03	+3.116e+03	+1.015e+04	+0.333
7.500	+6.122e+03	+2.856e+03	+1.133e+04	+0.318
7.600	+6.066e+03	+3.410e+03	+1.145e+04	+0.360
7.700	+7.415e+03	+3.406e+03	+1.082e+04	+0.315
7.800	+6.547e+03	+2.938e+03	+9.657e+03	+0.310
7.900	+6.962e+03	+3.277e+03	+8.551e+03	+0.320
8.000	+6.976e+03	+3.623e+03	+1.076e+04	+0.342
8.100	+6.028e+03	+1.841e+03	+8.887e+03	+0.234
8.200	+7.253e+03	+3.736e+03	+1.048e+04	+0.340
8.300	+6.286e+03	+2.844e+03	+9.334e+03	+0.312
8.400	+6.864e+03	+3.474e+03	+8.283e+03	+0.336
8.500	+7.499e+03	+2.562e+03	+1.008e+04	+0.255
8.600	+2.090e+03	+7.433e+03	+9.915e+03	+0.781
8.700	+1.528e+03	+6.756e+03	+9.758e+03	+0.816
8.800	+3.414e+03	+7.467e+03	+1.065e+04	+0.686
8.900	+6.057e+03	+4.533e+03	+9.791e+03	+0.428
9.000	+7.341e+03	+1.664e+03	+1.046e+04	+0.185
9.100	+7.120e+03	+3.076e+03	+9.828e+03	+0.302
9.200	+8.431e+03	+3.241e+03	+1.004e+04	+0.278
9.300	+8.107e+03	+3.758e+03	+1.044e+04	+0.317
9.400	+9.014e+03	+2.240e+03	+9.994e+03	+0.199
9.500	+6.625e+03	+1.678e+03	+9.685e+03	+0.202
9.600	+6.839e+03	+2.474e+03	+1.057e+04	+0.266
9.700	+8.132e+03	+2.940e+03	+8.043e+03	+0.266
9.800	+6.651e+03	+3.042e+03	+8.346e+03	+0.314
9.900	+7.655e+03	+3.398e+03	+9.836e+03	+0.307
10.000	+7.327e+03	+3.419e+03	+9.087e+03	+0.318
10.100	+6.730e+03	+3.267e+03	+1.029e+04	+0.327
10.200	+5.590e+03	+6.628e+02	+9.138e+03	+0.106
10.300	+7.167e+03	+2.224e+03	+8.473e+03	+0.237
10.400	+6.822e+03	+1.255e+03	+9.671e+03	+0.155
10.500	+6.138e+03	+2.908e+03	+1.052e+04	+0.321
10.600	+7.400e+03	+2.757e+03	+9.848e+03	+0.271
10.700	+6.530e+03	+1.586e+03	+1.105e+04	+0.195
10.800	+7.056e+03	+4.115e+03	+1.026e+04	+0.368
10.900	+5.333e+03	+5.174e+03	+1.033e+04	+0.492
11.000	+7.213e+03	+3.478e+03	+9.141e+03	+0.325
11.100	+7.244e+03	+3.290e+03	+9.057e+03	+0.312
11.200	+7.762e+03	+1.882e+03	+1.040e+04	+0.195
11.300	+4.850e+03	+6.543e+03	+9.967e+03	+0.574
11.400	+3.372e+03	+6.129e+03	+1.066e+04	+0.645
11.500	+3.954e+03	+7.157e+03	+8.509e+03	+0.644
11.600	+2.632e+03	+5.966e+03	+9.634e+03	+0.694
11.700	+3.263e+03	+7.143e+03	+1.121e+04	+0.686
11.800	+2.753e+03	+6.521e+03	+8.850e+03	+0.703
11.900	+4.170e+03	+6.617e+03	+9.315e+03	+0.613
12.000	+3.285e+03	+7.411e+03	+1.013e+04	+0.693
12.100	+3.860e+03	+6.882e+03	+8.652e+03	+0.641
12.200	+3.036e+03	+6.291e+03	+8.837e+03	+0.674
12.300	+3.189e+03	+5.782e+03	+1.068e+04	+0.645
12.400	+2.961e+03	+6.103e+03	+1.056e+04	+0.673
12.500	+2.753e+03	+6.656e+03	+1.005e+04	+0.707
12.600	+3.489e+03	+6.936e+03	+9.934e+03	+0.665
12.700	+2.329e+03	+6.820e+03	+9.985e+03	+0.745
12.800	+2.824e+03	+6.609e+03	+8.590e+03	+0.701
12.900	+3.342e+03	+7.645e+03	+1.092e+04	+0.696
13.000	+2.222e+03	+6.937e+03	+1.063e+04	+0.757
13.100	+3.754e+03	+7.338e+03	+1.019e+04	+0.662
13.200	+2.975e+03	+7.431e+03	+8.351e+03	+0.714
13.300	+3.144e+03	+5.720e+03	+1.009e+04	+0.645
13.400	+4.185e+03	+5.011e+03	+9.678e+03	+0.545
13.500	+3.177e+03	+6.110e+03	+1.046e+04	+0.658
13.600	+3.169e+03	+7.354e+03	+1.040e+04	+0.699
13.700	+3.313e+03	+5.820e+03	+1.003e+04	+0.637
13.800	+4.311e+03	+8.281e+03	+1.068e+04	+0.658
13.900	+2.639e+03	+7.149e+03	+9.123e+03	+0.730
14.000	+3.899e+03	+6.958e+03	+1.021e+04	+0.641
14.100	+2.130e+03	+7.312e+03	+1.049e+04	+0.774
14.200	+3.630e+03	+6.023e+03	+1.024e+04	+0.624
14.300	+3.223e+03	+6.829e+03	+9.253e+03	+0.679
14.400	+3.569e+03	+6.647e+03	+1.024e+04	+0.651
14.500	+2.575e+03	+7.225e+03	+9.725e+03	+0.737
14.600	+4.353e+03	+7.552e+03	+1.102e+04	+0.634
14.700	+3.191e+03	+7.934e+03	+1.018e+04	+0.713
14.800	+4.152e+03	+7.751e+03	+1.068e+04	+0.651
14.900	+3.090e+03	+5.951e+03	+1.126e+04	+0.658
15.000	+2.898e+03	+6.142e+03	+1.053e+04	+0.679
15.100	+2.607e+03	+7.852e+03	+8.862e+03	+0.751
15.200	+2.354e+03	+6.710e+03	+1.023e+04	+0.740
15.300	+2.989e+03	+6.654e+03	+1.092e+04	+0.690
15.400	+3.136e+03	+5.914e+03	+9.664e+03	+0.653
15.500	+2.807e+03	+7.866e+03	+1.183e+04	+0.737
15.600	+3.270e+03	+6.752e+03	+1.054e+04	+0.674
15.700	+2.685e+03	+7.277e+03	+9.937e+03	+0.731
15.800	+2.914e+03	+6.876e+03	+1.045e+04	+0.702
15.900	+3.070e+03	+8.179e+03	+1.102e+04	+0.727
16.000	+3.864e+03	+8.502e+03	+1.057e+04	+0.688
16.100	+2.145e+03	+8.489e+03	+1.056e+04	+0.798
16.200	+3.934e+03	+7.038e+03	+9.256e+03	+0.641
16.300	+3.306e+03	+7.872e+03	+9.904e+03	+0.704
16.400	+3.870e+03	+6.892e+03	+1.087e+04	+0.640
16.500	+2.112e+03	+6.156e+03	+9.764e+03	+0.745
16.600	+2.439e+03	+6.733e+03	+1.000e+04	+0.734
16.700	+2.442e+03	+6.799e+03	+8.093e+03	+0.736
16.800	+3.075e+03	+7.056e+03	+1.109e+04	+0.697
16.900	+6.465e+03	+4.092e+03	+1.032e+04	+0.388
17.000	+6.112e+03	+2.708e+03	+1.018e+04	+0.307
17.100	+5.763e+03	+3.285e+03	+9.901e+03	+0.363
17.200	+4.796e+03	+5.760e+03	+1.063e+04	+0.546
17.300	+2.460e+03	+5.434e+03	+1.018e+04	+0.688
17.400	+4.179e+03	+7.935e+03	+9.890e+03	+0.655
17.500	+4.665e+03	+6.811e+03	+1.067e+04	+0.594
17.600	+3.451e+03	+6.655e+03	+9.680e+03	+0.658
17.700	+2.624e+03	+6.527e+03	+1.065e+04	+0.713
17.800	+3.550e+03	+7.627e+03	+1.041e+04	+0.682
17.900	+4.633e+03	+5.849e+03	+9.226e+03	+0.558
18.000	+1.742e+03	+8.345e+03	+8.577e+03	+0.827
18.100	+2.856e+03	+5.857e+03	+1.077e+04	+0.672
18.200	+4.017e+03	+7.451e+03	+1.187e+04	+0.650
18.300	+3.140e+03	+8.257e+03	+1.107e+04	+0.724
18.400	+1.713e+03	+7.706e+03	+8.796e+03	+0.818
18.500	+5.346e+03	+5.833e+03	+1.028e+04	+0.522
18.600	+7.748e+03	+2.760e+03	+8.322e+03	+0.263
18.700	+7.869e+03	+2.798e+03	+1.106e+04	+0.262
18.800	+7.825e+03	+2.440e+03	+8.934e+03	+0.238
18.900	+7.278e+03	+1.934e+03	+9.598e+03	+0.210
19.000	+7.910e+03	+2.672e+03	+1.005e+04	+0.252
19.100	+6.454e+03	+4.635e+03	+1.106e+04	+0.418
19.200	+7.158e+03	+3.745e+03	+1.178e+04	+0.344
19.300	+6.273e+03	+4.809e+03	+9.496e+03	+0.434
19.400	+8.383e+03	+4.154e+03	+9.972e+03	+0.331
19.500	+6.236e+03	+2.652e+03	+1.077e+04	+0.298
19.600	+6.714e+03	+3.279e+03	+1.041e+04	+0.328
19.700	+6.557e+03	+3.526e+03	+1.014e+04	+0.350
19.800	+6.612e+03	+3.401e+03	+1.082e+04	+0.340
19.900	+7.572e+03	+3.020e+03	+9.499e+03	+0.285
20.000	+7.274e+03	+4.982e+03	+1.100e+04	+0.406
20.100	+6.019e+03	+2.912e+03	+9.354e+03	+0.326
20.200	+6.281e+03	+3.549e+03	+1.126e+04	+0.361
20.300	+6.878e+03	+2.545e+03	+1.023e+04	+0.270
20.400	+6.398e+03	+1.381e+03	+1.139e+04	+0.178
20.500	+7.066e+03	+3.045e+03	+9.488e+03	+0.301
20.600	+7.840e+03	+2.904e+03	+1.022e+04	+0.270
20.700	+7.697e+03	+3.905e+03	+9.299e+03	+0.337
20.800	+6.674e+03	+2.488e+03	+9.665e+03	+0.272
20.900	+7.887e+03	+4.385e+03	+1.054e+04	+0.357
21.000	+8.016e+03	+3.560e+03	+1.002e+04	+0.308
21.100	+7.981e+03	+3.790e+03	+1.048e+04	+0.322
21.200	+6.220e+03	+3.048e+03	+9.957e+03	+0.329
21.300	+8.361e+03	+1.921e+03	+8.906e+03	+0.187
21.400	+6.552e+03	+3.283e+03	+9.993e+03	+0.334
21.500	+7.643e+03	+4.725e+03	+1.049e+04	+0.382
21.600	+6.742e+03	+2.163e+03	+1.101e+04	+0.243
21.700	+8.271e+03	+2.147e+03	+1.046e+04	+0.206
21.800	+7.739e+03	+3.560e+03	+9.370e+03	+0.315
21.900	+6.185e+03	+3.542e+03	+1.010e+04	+0.364
22.000	+7.102e+03	+2.982e+03	+9.883e+03	+0.296
22.100	+7.426e+03	+4.301e+03	+1.002e+04	+0.367
22.200	+6.092e+03	+1.871e+03	+1.167e+04	+0.235
22.300	+7.913e+03	+2.580e+03	+1.025e+04	+0.246
22.400	+7.830e+03	+3.417e+03	+1.002e+04	+0.304
22.500	+6.844e+03	+4.304e+03	+1.003e+04	+0.386
22.600	+6.798e+03	+1.561e+03	+9.733e+03	+0.187
22.700	+3.671e+03	+6.792e+03	+1.015e+04	+0.649
22.800	+3.965e+03	+7.779e+03	+1.077e+04	+0.662
22.900	+3.905e+03	+7.378e+03	+9.320e+03	+0.654
23.000	+1.862e+03	+6.550e+03	+9.944e+03	+0.779
23.100	+2.476e+03	+5.448e+03	+1.150e+04	+0.687
23.200	+2.330e+03	+7.345e+03	+9.911e+03	+0.759
23.300	+1.848e+03	+6.791e+03	+9.406e+03	+0.786
23.400	+2.577e+03	+7.163e+03	+1.028e+04	+0.735
23.500	+2.226e+03	+7.353e+03	+9.682e+03	+0.768
23.600	+1.982e+03	+5.206e+03	+1.050e+04	+0.724
23.700	+2.883e+03	+6.948e+03	+1.065e+04	+0.707
23.800	+2.561e+03	+6.947e+03	+9.396e+03	+0.731
23.900	+2.638e+03	+5.631e+03	+1.002e+04	+0.681
24.000	+2.465e+03	+8.773e+03	+1.092e+04	+0.781
24.100	+3.115e+03	+7.000e+03	+1.071e+04	+0.692
24.200	+3.785e+03	+6.866e+03	+1.000e+04	+0.645
24.300	+2.412e+03	+7.106e+03	+1.072e+04	+0.747
24.400	+4.337e+03	+6.638e+03	+9.434e+03	+0.605
24.500	+4.254e+03	+6.276e+03	+1.038e+04	+0.596
24.600	+2.836e+03	+7.594e+03	+1.134e+04	+0.728
24.700	+1.770e+03	+7.942e+03	+1.062e+04	+0.818
24.800	+2.962e+03	+7.804e+03	+9.025e+03	+0.725
24.900	+3.260e+03	+7.491e+03	+9.947e+03	+0.697
25.000	+3.217e+03	+7.457e+03	+1.045e+04	+0.699
25.100	+9.969e+02	+6.964e+03	+9.441e+03	+0.875
25.200	+2.195e+03	+6.859e+03	+1.102e+04	+0.758
25.300	+9.609e+02	+6.962e+03	+1.086e+04	+0.879
25.400	+5.016e+03	+5.220e+03	+9.664e+03	+0.510
25.500	+6.567e+03	+1.987e+03	+1.087e+04	+0.232
25.600	+8.067e+03	+1.896e+03	+9.172e+03	+0.190
25.700	+7.017e+03	+3.116e+03	+9.440e+03	+0.307
25.800	+7.670e+03	+3.107e+03	+1.051e+04	+0.288
25.900	+5.769e+03	+4.490e+03	+9.813e+03	+0.438
26.000	+2.555e+03	+6.574e+03	+1.089e+04	+0.720
26.100	+6.850e+03	+4.354e+03	+1.186e+04	+0.389
26.200	+6.779e+03	+2.683e+03	+1.023e+04	+0.284
26.300	+6.302e+03	+1.566e+03	+1.090e+04	+0.199
26.400	+6.449e+03	+1.624e+03	+8.644e+03	+0.201
26.500	+5.854e+03	+2.745e+03	+1.069e+04	+0.319
26.600	+7.191e+03	+4.018e+03	+1.108e+04	+0.358
26.700	+4.150e+03	+7.708e+03	+1.013e+04	+0.650
26.800	+2.672e+03	+6.139e+03	+1.014e+04	+0.697
26.900	+2.243e+03	+7.099e+03	+9.773e+03	+0.760
27.000	+3.232e+03	+6.915e+03	+9.970e+03	+0.681
27.100	+5.230e+03	+8.032e+03	+1.027e+04	+0.606
27.200	+3.838e+03	+7.033e+03	+1.071e+04	+0.647
27.300	+3.380e+03	+7.949e+03	+9.902e+03	+0.702
27.400	+2.841e+03	+6.939e+03	+1.052e+04	+0.709
27.500	+3.017e+03	+6.359e+03	+9.339e+03	+0.678
27.600	+2.744e+03	+8.130e+03	+9.096e+03	+0.748
27.700	+5.309e+03	+5.654e+03	+1.090e+04	+0.516
27.800	+1.839e+03	+5.992e+03	+1.124e+04	+0.765
27.900	+3.423e+03	+5.903e+03	+9.584e+03	+0.633
28.000	+1.049e+03	+5.886e+03	+8.607e+03	+0.849
28.100	+4.187e+03	+5.144e+03	+1.022e+04	+0.551
28.200	+3.534e+03	+7.561e+03	+1.018e+04	+0.681
28.300	+2.754e+03	+6.415e+03	+1.011e+04	+0.700
28.400	+3.443e+03	+5.969e+03	+1.031e+04	+0.634
28.500	+3.471e+03	+8.912e+03	+9.420e+03	+0.720
28.600	+1.685e+03	+6.779e+03	+9.235e+03	+0.801
28.700	+1.428e+03	+7.816e+03	+9.491e+03	+0.846
28.800	+2.227e+03	+8.857e+03	+9.700e+03	+0.799
28.900	+3.391e+03	+5.203e+03	+1.098e+04	+0.605
29.000	+3.164e+03	+7.984e+03	+1.089e+04	+0.716
29.100	+2.962e+03	+7.202e+03	+1.221e+04	+0.709
29.200	+2.917e+03	+5.315e+03	+1.015e+04	+0.646
29.300	+2.810e+03	+6.517e+03	+9.151e+03	+0.699
29.400	+2.838e+03	+6.748e+03	+1.068e+04	+0.704
29.500	+3.369e+03	+7.132e+03	+9.748e+03	+0.679
29.600	+3.064e+03	+5.791e+03	+9.096e+03	+0.654
29.700	+2.745e+03	+5.868e+03	+1.179e+04	+0.681
29.800	+4.395e+03	+7.526e+03	+9.675e+03	+0.631
29.900	+3.236e+03	+7.197e+03	+9.742e+03	+0.690
30.000	+1.199e+03	+5.975e+03	+1.002e+04	+0.833
30.100	+1.863e+03	+6.485e+03	+9.266e+03	+0.777
30.200	+2.946e+03	+8.079e+03	+8.494e+03	+0.733
30.300	+3.900e+03	+7.601e+03	+1.075e+04	+0.661
30.400	+3.971e+03	+6.478e+03	+9.649e+03	+0.620
30.500	+3.302e+03	+6.131e+03	+1.165e+04	+0.650
30.600	+3.269e+03	+6.211e+03	+8.603e+03	+0.655
30.700	+2.132e+03	+5.771e+03	+1.038e+04	+0.730
30.800	+2.845e+03	+6.858e+03	+9.661e+03	+0.707
30.900	+2.604e+03	+6.997e+03	+1.154e+04	+0.729
31.000	+1.372e+03	+7.176e+03	+1.067e+04	+0.840
31.100	+3.865e+03	+6.029e+03	+9.844e+03	+0.609
31.200	+1.690e+03	+6.069e+03	+9.852e+03	+0.782
31.300	+4.411e+03	+5.881e+03	+8.757e+03	+0.571
31.400	+3.693e+03	+7.744e+03	+1.150e+04	+0.677
31.500	+2.860e+03	+7.144e+03	+8.454e+03	+0.714
31.600	+3.231e+03	+6.363e+03	+1.024e+04	+0.663
31.700	+3.052e+03	+7.682e+03	+9.296e+03	+0.716
31.800	+4.303e+03	+7.485e+03	+1.027e+04	+0.635
31.900	+3.115e+03	+8.059e+03	+9.051e+03	+0.721
32.000	+1.928e+03	+7.383e+03	+1.006e+04	+0.793
32.100	+2.991e+03	+5.915e+03	+1.019e+04	+0.664
32.200	+2.901e+03	+5.848e+03	+1.007e+04	+0.668
32.300	+2.974e+03	+7.644e+03	+1.086e+04	+0.720
32.400	+4.137e+03	+7.884e+03	+1.165e+04	+0.656
32.500	+2.756e+03	+6.823e+03	+9.894e+03	+0.712
32.600	+6.000e+03	+2.856e+03	+9.323e+03	+0.322
32.700	+6.648e+03	+3.043e+03	+1.042e+04	+0.314
32.800	+6.578e+03	+4.377e+03	+1.062e+04	+0.400
32.900	+3.667e+03	+6.030e+03	+1.097e+04	+0.622
33.000	+4.273e+03	+8.286e+03	+1.098e+04	+0.660
33.100	+2.794e+03	+7.691e+03	+8.984e+03	+0.734
33.200	+6.471e+03	+2.631e+03	+9.596e+03	+0.289
33.300	+6.396e+03	+2.745e+03	+9.909e+03	+0.300
33.400	+5.935e+03	+2.540e+03	+1.020e+04	+0.300
33.500	+4.828e+03	+5.784e+03	+9.172e+03	+0.545
33.600	+4.302e+03	+4.938e+03	+1.110e+04	+0.534
33.700	+8.215e+03	+1.568e+03	+9.773e+03	+0.160
33.800	+6.784e+03	+2.147e+03	+8.807e+03	+0.240
33.900	+6.739e+03	+2.832e+03	+1.086e+04	+0.296
34.000	+6.441e+03	+3.534e+03	+1.022e+04	+0.354
34.100	+6.411e+03	+1.866e+03	+9.385e+03	+0.225
34.200	+6.786e+03	+4.603e+03	+9.889e+03	+0.404
34.300	+7.784e+03	+3.459e+03	+9.611e+03	+0.308
34.400	+7.219e+03	+2.430e+03	+9.469e+03	+0.252
34.500	+5.812e+03	+3.159e+03	+9.935e+03	+0.352
34.600	+8.082e+03	+4.524e+03	+9.593e+03	+0.359
34.700	+8.155e+03	+4.588e+03	+1.167e+04	+0.360
34.800	+6.492e+03	+4.088e+03	+1.098e+04	+0.386
34.900	+6.861e+03	+3.458e+03	+1.043e+04	+0.335
35.000	+7.047e+03	+3.735e+03	+1.021e+04	+0.346
35.100	+7.761e+03	+2.159e+03	+1.023e+04	+0.218
35.200	+6.762e+03	+2.060e+03	+9.595e+03	+0.234
35.300	+6.104e+03	+4.872e+03	+1.169e+04	+0.444
35.400	+2.704e+03	+6.536e+03	+1.025e+04	+0.707
35.500	+3.155e+03	+7.517e+03	+1.031e+04	+0.704
35.600	+1.527e+03	+6.755e+03	+9.786e+03	+0.816
35.700	+2.516e+03	+6.911e+03	+1.114e+04	+0.733
35.800	+3.171e+03	+7.117e+03	+1.024e+04	+0.692
35.900	+3.241e+03	+5.922e+03	+1.027e+04	+0.646
36.000	+4.273e+03	+6.081e+03	+8.843e+03	+0.587
36.100	+4.334e+03	+7.010e+03	+1.048e+04	+0.618
36.200	+3.968e+03	+7.643e+03	+1.051e+04	+0.658
36.300	+4.466e+03	+5.455e+03	+1.042e+04	+0.550
36.400	+7.628e+03	+3.332e+03	+1.008e+04	+0.304
36.500	+8.253e+03	+4.249e+03	+8.509e+03	+0.340
36.600	+5.507e+03	+4.991e+03	+9.596e+03	+0.475
36.700	+2.271e+03	+7.229e+03	+9.762e+03	+0.761
36.800	+2.747e+03	+7.194e+03	+1.157e+04	+0.724
36.900	+3.619e+03	+7.030e+03	+1.222e+04	+0.660
37.000	+1.675e+03	+6.825e+03	+9.338e+03	+0.803
37.100	+1.511e+03	+5.721e+03	+9.440e+03	+0.791
37.200	+2.606e+03	+6.844e+03	+1.081e+04	+0.724
37.300	+2.417e+03	+6.692e+03	+9.400e+03	+0.735
37.400	+2.678e+03	+7.276e+03	+9.587e+03	+0.731
37.500	+1.874e+03	+6.819e+03	+1.179e+04	+0.784
37.600	+3.877e+03	+5.182e+03	+8.202e+03	+0.572
37.700	+3.018e+03	+7.067e+03	+9.302e+03	+0.701
37.800	+3.224e+03	+6.540e+03	+1.085e+04	+0.670
37.900	+1.827e+03	+5.378e+03	+1.026e+04	+0.746
38.000	+3.717e+03	+6.771e+03	+8.366e+03	+0.646
38.100	+2.494e+03	+6.812e+03	+1.150e+04	+0.732
38.200	+2.961e+03	+6.723e+03	+9.404e+03	+0.694
38.300	+4.750e+03	+6.553e+03	+9.127e+03	+0.580
38.400	+4.176e+03	+4.953e+03	+9.901e+03	+0.543
38.500	+7.297e+03	+2.599e+03	+1.105e+04	+0.263
38.600	+6.468e+03	+1.737e+03	+9.773e+03	+0.212
38.700	+6.213e+03	+2.962e+03	+1.022e+04	+0.323
38.800	+6.357e+03	+2.393e+03	+1.082e+04	+0.274
38.900	+6.335e+03	+3.600e+03	+1.133e+04	+0.362
39.000	+7.572e+03	+2.668e+03	+8.811e+03	+0.261
39.100	+7.583e+03	+3.173e+03	+9.296e+03	+0.295
39.200	+6.418e+03	+2.905e+03	+1.096e+04	+0.312
39.300	+2.177e+03	+6.627e+03	+9.188e+03	+0.753
39.400	+2.759e+03	+7.026e+03	+9.279e+03	+0.718
39.500	+1.859e+03	+7.783e+03	+9.875e+03	+0.807
39.600	+2.063e+03	+7.600e+03	+1.199e+04	+0.787
39.700	+2.647e+03	+8.019e+03	+1.082e+04	+0.752
39.800	+5.130e+03	+7.232e+03	+8.852e+03	+0.585
39.900	+1.839e+03	+6.031e+03	+1.029e+04	+0.766
40.000	+2.264e+03	+7.681e+03	+1.071e+04	+0.772
40.100	+6.743e+03	+3.690e+03	+1.022e+04	+0.354
40.200	+5.710e+03	+2.703e+03	+8.477e+03	+0.321
40.300	+7.537e+03	+2.909e+03	+1.051e+04	+0.278
40.400	+7.500e+03	+2.832e+03	+9.501e+03	+0.274
40.500	+6.037e+03	+1.444e+03	+9.605e+03	+0.193
40.600	+6.407e+03	+2.680e+03	+1.045e+04	+0.295
40.700	+6.687e+03	+3.019e+03	+9.777e+03	+0.311
40.800	+5.647e+03	+2.225e+03	+9.878e+03	+0.283
40.900	+6.543e+03	+2.140e+03	+9.879e+03	+0.246
41.000	+7.282e+03	+2.887e+03	+1.024e+04	+0.284
41.100	+7.166e+03	+3.322e+03	+1.123e+04	+0.317
41.200	+7.397e+03	+2.369e+03	+1.102e+04	+0.243
41.300	+7.011e+03	+3.116e+03	+9.097e+03	+0.308
41.400	+7.881e+03	+2.833e+02	+1.135e+04	+0.035
41.500	+5.896e+03	+3.291e+03	+1.036e+04	+0.358
41.600	+6.337e+03	+1.573e+03	+9.489e+03	+0.199
41.700	+8.598e+03	+3.383e+03	+1.039e+04	+0.282
41.800	+6.661e+03	+2.780e+03	+1.115e+04	+0.294
41.900	+6.517e+03	+3.410e+03	+1.163e+04	+0.344
42.000	+6.745e+03	+3.444e+03	+9.563e+03	+0.338
42.100	+6.917e+03	+1.709e+03	+1.002e+04	+0.198
42.200	+7.974e+03	+2.775e+03	+9.767e+03	+0.258
42.300	+7.646e+03	+4.164e+03	+8.711e+03	+0.353
42.400	+7.269e+03	+3.437e+03	+1.044e+04	+0.321
42.500	+7.757e+03	+3.212e+03	+1.045e+04	+0.293
42.600	+6.612e+03	+1.756e+03	+9.070e+03	+0.210
42.700	+6.598e+03	+3.124e+03	+1.012e+04	+0.321
42.800	+7.705e+03	+2.872e+03	+7.202e+03	+0.272
42.900	+7.656e+03	+2.260e+03	+1.083e+04	+0.228
43.000	+7.249e+03	+2.971e+03	+9.749e+03	+0.291
43.100	+7.406e+03	+3.500e+03	+9.231e+03	+0.321
43.200	+7.199e+03	+2.370e+03	+9.828e+03	+0.248
43.300	+8.647e+03	+2.992e+03	+1.092e+04	+0.257
43.400	+7.819e+03	+3.003e+03	+1.025e+04	+0.278
43.500	+6.119e+03	+1.290e+03	+1.004e+04	+0.174
43.600	+6.125e+03	+2.533e+03	+1.039e+04	+0.293
43.700	+7.479e+03	+2.084e+03	+9.959e+03	+0.218
43.800	+6.968e+03	+3.297e+03	+8.094e+03	+0.321
43.900	+5.860e+03	+3.911e+03	+1.119e+04	+0.400
44.000	+6.313e+03	+3.203e+03	+9.855e+03	+0.337
44.100	+7.518e+03	+3.506e+03	+9.419e+03	+0.318
44.200	+3.999e+03	+4.347e+03	+1.141e+04	+0.521
44.300	+3.230e+03	+6.188e+03	+9.672e+03	+0.657
44.400	+1.606e+03	+5.800e+03	+1.002e+04	+0.783
44.500	+2.221e+03	+7.180e+03	+1.113e+04	+0.764
44.600	+1.456e+03	+7.109e+03	+9.810e+03	+0.830
44.700	+3.528e+03	+6.625e+03	+1.022e+04	+0.652
44.800	+2.644e+03	+6.831e+03	+9.530e+03	+0.721
44.900	+3.603e+03	+5.053e+03	+8.432e+03	+0.584
45.000	+3.868e+03	+7.078e+03	+1.074e+04	+0.647
45.100	+2.725e+03	+6.412e+03	+9.978e+03	+0.702
45.200	+3.318e+03	+6.094e+03	+9.706e+03	+0.647
45.300	+2.791e+03	+7.878e+03	+9.825e+03	+0.738
45.400	+2.387e+03	+7.144e+03	+9.617e+03	+0.750
45.500	+3.478e+03	+6.363e+03	+9.784e+03	+0.647
45.600	+3.604e+03	+5.867e+03	+9.095e+03	+0.619
45.700	+3.797e+03	+6.048e+03	+1.010e+04	+0.614
45.800	+5.627e+03	+3.962e+03	+1.052e+04	+0.413
45.900	+8.546e+03	+2.602e+03	+9.705e+03	+0.233
46.000	+6.600e+03	+2.700e+03	+1.044e+04	+0.290
46.100	+7.948e+03	+3.166e+03	+1.088e+04	+0.285
46.200	+4.863e+03	+2.948e+03	+1.047e+04	+0.377
46.300	+3.495e+03	+5.652e+03	+1.110e+04	+0.618
46.400	+2.678e+03	+6.522e+03	+9.305e+03	+0.709
46.500	+2.930e+03	+7.642e+03	+9.783e+03	+0.723
46.600	+2.872e+03	+7.302e+03	+1.068e+04	+0.718
46.700	+2.223e+03	+8.927e+03	+1.107e+04	+0.801
46.800	+2.912e+03	+6.515e+03	+1.108e+04	+0.691
46.900	+1.779e+03	+6.790e+03	+8.889e+03	+0.792
47.000	+3.433e+03	+7.398e+03	+9.756e+03	+0.683
47.100	+2.350e+03	+7.782e+03	+9.807e+03	+0.768
47.200	+5.177e+03	+4.825e+03	+1.034e+04	+0.482
47.300	+6.702e+03	+3.705e+03	+1.099e+04	+0.356
47.400	+6.099e+03	+3.145e+03	+1.068e+04	+0.340
47.500	+7.202e+03	+3.213e+03	+8.768e+03	+0.308
47.600	+6.803e+03	+4.132e+03	+1.062e+04	+0.378
47.700	+6.852e+03	+3.074e+03	+9.410e+03	+0.310
47.800	+7.174e+03	+1.543e+03	+1.152e+04	+0.177
47.900	+6.026e+03	+2.960e+03	+9.104e+03	+0.329
48.000	+7.376e+03	+3.835e+03	+1.041e+04	+0.342
48.100	+6.440e+03	+3.395e+03	+9.136e+03	+0.345
48.200	+8.462e+03	+2.271e+03	+1.025e+04	+0.212
48.300	+7.144e+03	+3.852e+03	+9.462e+03	+0.350
48.400	+7.979e+03	+1.578e+03	+1.015e+04	+0.165
48.500	+4.215e+03	+6.004e+03	+1.005e+04	+0.588
48.600	+1.708e+03	+5.209e+03	+9.022e+03	+0.753
48.700	+2.657e+03	+7.455e+03	+9.144e+03	+0.737
48.800	+3.245e+03	+6.156e+03	+9.761e+03	+0.655
48.900	+2.895e+03	+8.127e+03	+1.100e+04	+0.737
49.000	+2.457e+03	+6.267e+03	+8.445e+03	+0.718
49.100	+2.992e+03	+5.321e+03	+1.116e+04	+0.640
49.200	+7.967e+03	+3.174e+03	+1.097e+04	+0.285
49.300	+5.113e+03	+3.639e+03	+1.035e+04	+0.416
49.400	+6.105e+03	+3.935e+03	+1.165e+04	+0.392
49.500	+7.540e+03	+4.113e+03	+1.046e+04	+0.353
49.600	+7.344e+03	+2.946e+03	+9.923e+03	+0.286
49.700	+6.021e+03	+3.480e+03	+1.003e+04	+0.366
49.800	+5.774e+03	+3.616e+03	+9.361e+03	+0.385
49.900	+6.661e+03	+1.185e+03	+1.052e+04	+0.151
50.000	+7.422e+03	+3.214e+03	+9.714e+03	+0.302
50.100	+6.050e+03	+2.463e+03	+9.721e+03	+0.289
50.200	+5.836e+03	+2.345e+03	+1.048e+04	+0.287
50.300	+7.869e+03	+3.674e+03	+1.028e+04	+0.318
50.400	+4.192e+03	+7.172e+03	+9.962e+03	+0.631
50.500	+4.085e+03	+6.046e+03	+9.875e+03	+0.597
50.600	+3.615e+03	+6.944e+03	+1.122e+04	+0.658
50.700	+6.300e+03	+3.847e+03	+1.022e+04	+0.379
50.800	+5.619e+03	+4.060e+03	+9.750e+03	+0.419
50.900	+2.933e+03	+7.766e+03	+9.953e+03	+0.726
51.000	+1.650e+03	+6.673e+03	+1.021e+04	+0.802
51.100	+1.887e+03	+6.415e+03	+1.006e+04	+0.773
51.200	+6.195e+03	+3.449e+03	+1.049e+04	+0.358
51.300	+7.027e+03	+3.348e+03	+9.543e+03	+0.323
51.400	+7.795e+03	+4.160e+03	+1.020e+04	+0.348
51.500	+6.193e+03	+3.232e+03	+1.099e+04	+0.343
51.600	+7.851e+03	+2.096e+03	+9.846e+03	+0.211
51.700	+6.980e+03	+2.949e+03	+1.021e+04	+0.297
51.800	+6.707e+03	+3.503e+03	+9.643e+03	+0.343
51.900	+5.666e+03	+3.233e+03	+1.059e+04	+0.363
52.000	+7.562e+03	+4.944e+03	+1.001e+04	+0.395
52.100	+7.054e+03	+3.889e+03	+9.368e+03	+0.355
52.200	+6.544e+03	+2.066e+03	+8.903e+03	+0.240
52.300	+6.792e+03	+4.317e+03	+9.722e+03	+0.389
52.400	+7.399e+03	+3.054e+03	+1.159e+04	+0.292
52.500	+8.009e+03	+4.094e+03	+1.015e+04	+0.338
52.600	+6.807e+03	+3.685e+03	+1.041e+04	+0.351
52.700	+7.525e+03	+3.673e+03	+9.935e+03	+0.328
52.800	+7.236e+03	+2.409e+03	+9.307e+03	+0.250
52.900	+6.021e+03	+3.383e+03	+9.782e+03	+0.360
53.000	+2.575e+03	+5.593e+03	+9.706e+03	+0.685
53.100	+3.540e+03	+6.579e+03	+1.095e+04	+0.650
53.200	+1.309e+03	+8.811e+03	+1.133e+04	+0.871
53.300	+3.186e+03	+6.582e+03	+8.704e+03	+0.674
53.400	+2.852e+03	+6.601e+03	+9.887e+03	+0.698
53.500	+3.971e+03	+8.742e+03	+9.190e+03	+0.688
53.600	+3.187e+03	+6.672e+03	+1.045e+04	+0.677
53.700	+3.667e+03	+5.715e+03	+9.694e+03	+0.609
53.800	+3.883e+03	+6.665e+03	+9.705e+03	+0.632
53.900	+2.781e+03	+7.530e+03	+1.160e+04	+0.730
54.000	+5.650e+03	+2.602e+03	+9.686e+03	+0.315
54.100	+5.826e+03	+2.311e+03	+1.146e+04	+0.284
54.200	+6.262e+03	+2.461e+03	+1.042e+04	+0.282
54.300	+4.250e+03	+7.472e+03	+8.500e+03	+0.637
54.400	+2.599e+03	+7.466e+03	+9.764e+03	+0.742
54.500	+3.035e+03	+7.530e+03	+1.041e+04	+0.713
54.600	+3.357e+03	+7.400e+03	+9.279e+03	+0.688
54.700	+3.389e+03	+7.293e+03	+9.120e+03	+0.683
54.800	+3.813e+03	+8.245e+03	+1.092e+04	+0.684
54.900	+2.666e+03	+6.475e+03	+1.032e+04	+0.708
55.000	+3.439e+03	+6.388e+03	+1.051e+04	+0.650
55.100	+4.247e+03	+7.676e+03	+1.021e+04	+0.644
55.200	+2.642e+03	+6.004e+03	+1.066e+04	+0.694
55.300	+4.291e+03	+7.323e+03	+9.566e+03	+0.631
55.400	+4.277e+03	+6.279e+03	+1.034e+04	+0.595
55.500	+3.801e+03	+7.054e+03	+1.020e+04	+0.650
55.600	+2.949e+03	+8.152e+03	+9.988e+03	+0.734
55.700	+4.132e+03	+7.398e+03	+1.027e+04	+0.642
55.800	+2.311e+03	+5.757e+03	+1.109e+04	+0.714
55.900	+2.254e+03	+6.374e+03	+9.208e+03	+0.739
56.000	+2.644e+03	+6.236e+03	+8.190e+03	+0.702
56.100	+2.107e+03	+7.268e+03	+9.503e+03	+0.775
56.200	+3.178e+03	+6.900e+03	+8.441e+03	+0.685
56.300	+3.517e+03	+6.587e+03	+9.879e+03	+0.652
56.400	+4.213e+03	+7.004e+03	+9.243e+03	+0.624
56.500	+3.876e+03	+6.698e+03	+1.082e+04	+0.633
56.600	+4.273e+03	+8.932e+03	+9.706e+03	+0.676
56.700	+4.014e+03	+7.635e+03	+9.677e+03	+0.655
56.800	+2.928e+03	+5.913e+03	+9.828e+03	+0.669
56.900	+2.556e+03	+7.544e+03	+9.877e+03	+0.747
57.000	+3.327e+03	+6.600e+03	+1.098e+04	+0.665
57.100	+1.444e+03	+6.279e+03	+1.093e+04	+0.813
57.200	+3.144e+03	+6.831e+03	+1.003e+04	+0.685
57.300	+2.862e+03	+7.117e+03	+1.001e+04	+0.713
57.400	+3.164e+03	+7.611e+03	+1.009e+04	+0.706
57.500	+3.325e+03	+6.843e+03	+1.034e+04	+0.673
57.600	+2.654e+03	+7.624e+03	+1.156e+04	+0.742
57.700	+4.121e+03	+6.346e+03	+8.818e+03	+0.606
57.800	+3.183e+03	+6.806e+03	+1.211e+04	+0.681
57.900	+3.391e+03	+6.760e+03	+1.044e+04	+0.666
58.000	+4.663e+03	+8.100e+03	+1.143e+04	+0.635
58.100	+4.131e+03	+6.430e+03	+9.939e+03	+0.609
58.200	+3.283e+03	+7.047e+03	+9.581e+03	+0.682
58.300	+3.233e+03	+4.762e+03	+9.701e+03	+0.596
58.400	+2.997e+03	+7.693e+03	+1.066e+04	+0.720
58.500	+4.107e+03	+7.151e+03	+1.002e+04	+0.635
58.600	+1.818e+03	+6.551e+03	+1.002e+04	+0.783
58.700	+2.938e+03	+6.872e+03	+1.057e+04	+0.700
58.800	+3.983e+03	+5.436e+03	+1.068e+04	+0.577
58.900	+2.098e+03	+6.927e+03	+1.010e+04	+0.768
59.000	+3.809e+03	+8.313e+03	+1.088e+04	+0.686
59.100	+2.924e+03	+8.022e+03	+1.100e+04	+0.733
59.200	+3.291e+03	+7.787e+03	+8.666e+03	+0.703
59.300	+3.256e+03	+7.813e+03	+1.046e+04	+0.706
59.400	+3.752e+03	+7.142e+03	+9.681e+03	+0.656
59.500	+3.020e+03	+6.488e+03	+1.088e+04	+0.682
59.600	+1.741e+03	+8.150e+03	+1.039e+04	+0.824
59.700	+1.993e+03	+5.706e+03	+9.587e+03	+0.741
59.800	+3.794e+03	+7.036e+03	+9.530e+03	+0.650
59.900	+2.436e+03	+8.154e+03	+9.805e+03	+0.770
60.000	+1.951e+03	+5.726e+03	+1.125e+04	+0.746
60.100	+3.088e+03	+7.167e+03	+9.561e+03	+0.699
60.200	+2.920e+03	+8.419e+03	+1.048e+04	+0.743
60.300	+3.221e+03	+6.294e+03	+1.008e+04	+0.661
60.400	+1.647e+03	+8.347e+03	+8.972e+03	+0.835
60.500	+5.099e+03	+7.028e+03	+1.065e+04	+0.580
60.600	+3.264e+03	+7.824e+03	+1.061e+04	+0.706
60.700	+3.890e+03	+6.006e+03	+9.023e+03	+0.607
60.800	+2.945e+03	+6.406e+03	+9.805e+03	+0.685
60.900	+2.318e+03	+6.701e+03	+1.008e+04	+0.743
61.000	+4.333e+03	+5.948e+03	+9.734e+03	+0.579
61.100	+3.094e+03	+6.264e+03	+8.931e+03	+0.669
61.200	+9.177e+02	+7.742e+03	+1.033e+04	+0.894
61.300	+3.454e+03	+6.402e+03	+1.103e+04	+0.650
61.400	+3.063e+03	+5.699e+03	+9.636e+03	+0.650
61.500	+1.417e+03	+7.890e+03	+9.803e+03	+0.848
61.600	+2.976e+03	+7.099e+03	+9.982e+03	+0.705
61.700	+3.859e+03	+7.864e+03	+1.000e+04	+0.671
61.800	+2.953e+03	+7.266e+03	+1.109e+04	+0.711
61.900	+3.594e+03	+5.385e+03	+1.160e+04	+0.600
62.000	+1.856e+03	+7.278e+03	+1.006e+04	+0.797
62.100	+1.306e+03	+7.242e+03	+9.394e+03	+0.847
62.200	+2.497e+03	+8.438e+03	+9.016e+03	+0.772
62.300	+2.135e+03	+5.387e+03	+9.698e+03	+0.716
62.400	+1.790e+03	+6.373e+03	+8.683e+03	+0.781
62.500	+1.890e+03	+7.446e+03	+1.002e+04	+0.798
62.600	+2.693e+03	+7.874e+03	+8.864e+03	+0.745
62.700	+3.951e+03	+7.271e+03	+1.016e+04	+0.648
62.800	+4.296e+03	+7.462e+03	+1.028e+04	+0.635
62.900	+1.994e+03	+6.623e+03	+1.050e+04	+0.769
63.000	+2.378e+03	+6.591e+03	+1.079e+04	+0.735
63.100	+3.061e+03	+8.142e+03	+9.710e+03	+0.727
63.200	+3.041e+03	+7.144e+03	+9.779e+03	+0.701
63.300	+3.754e+03	+6.090e+03	+1.050e+04	+0.619
63.400	+3.328e+03	+6.515e+03	+1.097e+04	+0.662
63.500	+2.078e+03	+6.554e+03	+1.078e+04	+0.759
63.600	+3.307e+03	+6.087e+03	+9.184e+03	+0.648
63.700	+2.920e+03	+7.879e+03	+1.048e+04	+0.730
63.800	+4.171e+03	+6.787e+03	+9.847e+03	+0.619
63.900	+2.315e+03	+6.850e+03	+9.565e+03	+0.747
64.000	+2.965e+03	+6.471e+03	+9.235e+03	+0.686
64.100	+2.957e+03	+8.049e+03	+9.983e+03	+0.731
64.200	+2.968e+03	+5.834e+03	+8.893e+03	+0.663
64.300	+3.372e+03	+6.189e+03	+8.829e+03	+0.647
64.400	+4.581e+03	+8.712e+03	+9.248e+03	+0.655
64.500	+3.956e+03	+6.444e+03	+9.579e+03	+0.620
64.600	+4.330e+03	+7.773e+03	+1.001e+04	+0.642
64.700	+4.497e+03	+5.851e+03	+9.761e+03	+0.565
64.800	+3.168e+03	+8.376e+03	+1.101e+04	+0.726
64.900	+1.975e+03	+6.341e+03	+9.591e+03	+0.763
65.000	+4.270e+03	+6.287e+03	+1.027e+04	+0.596
65.100	+2.647e+03	+7.087e+03	+1.033e+04	+0.728
65.200	+3.787e+03	+8.462e+03	+1.089e+04	+0.691
65.300	+3.580e+03	+5.704e+03	+9.154e+03	+0.614
65.400	+3.539e+03	+5.819e+03	+9.475e+03	+0.622
65.500	+3.573e+03	+6.018e+03	+1.072e+04	+0.627
65.600	+3.785e+03	+7.595e+03	+9.876e+03	+0.667
65.700	+2.017e+03	+6.061e+03	+1.049e+04	+0.750
65.800	+3.887e+03	+7.950e+03	+9.282e+03	+0.672
65.900	+2.220e+03	+7.483e+03	+7.938e+03	+0.771
66.000	+3.961e+03	+7.324e+03	+1.113e+04	+0.649
66.100	+3.153e+03	+6.047e+03	+8.436e+03	+0.657
66.200	+3.300e+03	+7.210e+03	+9.211e+03	+0.686
66.300	+3.190e+03	+6.205e+03	+9.694e+03	+0.660
66.400	+3.179e+03	+9.259e+03	+9.024e+03	+0.744
66.500	+1.370e+03	+5.808e+03	+9.671e+03	+0.809
66.600	+1.638e+03	+6.691e+03	+9.663e+03	+0.803
66.700	+2.833e+03	+5.964e+03	+9.816e+03	+0.678
66.800	+6.507e+03	+3.877e+03	+9.631e+03	+0.373
66.900	+6.494e+03	+3.618e+03	+8.193e+03	+0.358
67.000	+6.857e+03	+3.388e+03	+9.183e+03	+0.331
67.100	+7.756e+03	+2.445e+03	+9.502e+03	+0.240
67.200	+7.093e+03	+2.997e+03	+1.136e+04	+0.297
67.300	+6.700e+03	+2.638e+03	+1.028e+04	+0.282
67.400	+7.532e+03	+2.806e+03	+1.098e+04	+0.271
67.500	+5.296e+03	+2.099e+03	+1.026e+04	+0.284
67.600	+6.746e+03	+9.555e+02	+9.519e+03	+0.124
67.700	+2.868e+03	+5.440e+03	+1.076e+04	+0.655
67.800	+3.462e+03	+7.954e+03	+1.036e+04	+0.697
67.900	+4.572e+03	+5.683e+03	+8.963e+03	+0.554
68.000	+1.982e+03	+8.151e+03	+1.025e+04	+0.804
68.100	+2.595e+03	+8.548e+03	+1.023e+04	+0.767
68.200	+3.344e+03	+6.764e+03	+1.106e+04	+0.669
68.300	+3.585e+03	+8.201e+03	+1.143e+04	+0.696
68.400	+2.517e+03	+8.001e+03	+1.036e+04	+0.761
68.500	+1.989e+03	+7.176e+03	+1.104e+04	+0.783
68.600	+3.817e+03	+7.132e+03	+1.018e+04	+0.651
68.700	+2.984e+03	+6.491e+03	+1.043e+04	+0.685
68.800	+3.777e+03	+5.559e+03	+1.069e+04	+0.595
68.900	+3.036e+03	+6.288e+03	+1.025e+04	+0.674
69.000	+5.359e+03	+4.535e+03	+9.480e+03	+0.458
69.100	+7.104e+03	+2.308e+03	+1.024e+04	+0.245
69.200	+5.888e+03	+4.318e+03	+9.944e+03	+0.423
69.300	+3.975e+03	+6.950e+03	+9.177e+03	+0.636
69.400	+4.165e+03	+6.156e+03	+9.992e+03	+0.596
69.500	+4.598e+03	+6.939e+03	+9.399e+03	+0.601
69.600	+3.277e+03	+7.917e+03	+1.034e+04	+0.707
69.700	+1.606e+03	+7.131e+03	+8.999e+03	+0.816
69.800	+3.076e+03	+7.778e+03	+1.119e+04	+0.717
69.900	+1.855e+03	+8.083e+03	+1.111e+04	+0.813
70.000	+3.322e+03	+8.054e+03	+1.190e+04	+0.708
70.100	+3.284e+03	+6.254e+03	+1.020e+04	+0.656
70.200	+2.382e+03	+8.867e+03	+1.006e+04	+0.788
70.300	+3.343e+03	+6.481e+03	+1.058e+04	+0.660
70.400	+3.121e+03	+6.129e+03	+9.594e+03	+0.663
70.500	+1.225e+03	+8.190e+03	+7.777e+03	+0.870
70.600	+4.274e+03	+7.335e+03	+8.570e+03	+0.632
70.700	+3.235e+03	+7.294e+03	+9.690e+03	+0.693
70.800	+3.211e+03	+8.106e+03	+9.557e+03	+0.716
70.900	+4.276e+03	+8.029e+03	+9.828e+03	+0.652
71.000	+2.806e+03	+6.401e+03	+9.984e+03	+0.695
71.100	+4.231e+03	+6.603e+03	+9.342e+03	+0.609
71.200	+2.514e+03	+6.197e+03	+9.251e+03	+0.711
71.300	+3.773e+03	+8.650e+03	+1.101e+04	+0.696
71.400	+2.400e+03	+7.335e+03	+1.030e+04	+0.753
71.500	+3.374e+03	+7.177e+03	+1.095e+04	+0.680
71.600	+3.215e+03	+7.211e+03	+8.011e+03	+0.692
71.700	+6.879e+03	+3.555e+03	+1.041e+04	+0.341
71.800	+5.445e+03	+5.332e+03	+9.956e+03	+0.495
71.900	+2.574e+03	+8.525e+03	+1.023e+04	+0.768
72.000	+2.535e+03	+7.251e+03	+1.052e+04	+0.741
72.100	+1.554e+03	+7.845e+03	+9.161e+03	+0.835
72.200	+4.080e+03	+6.602e+03	+9.466e+03	+0.618
72.300	+3.391e+03	+6.613e+03	+8.899e+03	+0.661
72.400	+3.388e+03	+6.444e+03	+1.108e+04	+0.655
72.500	+4.680e+03	+6.316e+03	+9.996e+03	+0.574
72.600	+3.884e+03	+7.190e+03	+1.150e+04	+0.649
72.700	+3.982e+03	+8.400e+03	+1.019e+04	+0.678
72.800	+2.965e+03	+7.830e+03	+1.003e+04	+0.725
72.900	+2.351e+03	+7.491e+03	+1.058e+04	+0.761
73.000	+2.867e+03	+7.665e+03	+9.752e+03	+0.728
73.100	+3.639e+03	+7.286e+03	+9.394e+03	+0.667
73.200	+3.140e+03	+5.938e+03	+1.023e+04	+0.654
73.300	+3.513e+03	+7.422e+03	+1.083e+04	+0.679
73.400	+3.143e+03	+6.995e+03	+9.951e+03	+0.690
73.500	+3.165e+03	+7.255e+03	+1.099e+04	+0.696
73.600	+2.533e+03	+7.125e+03	+1.104e+04	+0.738
73.700	+7.065e+03	+4.095e+03	+1.028e+04	+0.367
73.800	+6.448e+03	+3.796e+03	+9.091e+03	+0.371
73.900	+6.091e+03	+3.351e+03	+9.574e+03	+0.355
74.000	+5.825e+03	+2.375e+03	+8.874e+03	+0.290
74.100	+5.266e+03	+4.320e+03	+1.053e+04	+0.451
74.200	+6.770e+03	+2.308e+03	+8.646e+03	+0.254
74.300	+5.678e+03	+3.402e+03	+1.018e+04	+0.375
74.400	+3.780e+03	+6.071e+03	+1.038e+04	+0.616
74.500	+7.246e+03	+3.675e+03	+9.283e+03	+0.337
74.600	+6.239e+03	+4.422e+03	+1.039e+04	+0.415
74.700	+6.541e+03	+2.557e+03	+1.009e+04	+0.281
74.800	+7.111e+03	+3.546e+03	+8.067e+03	+0.333
74.900	+7.250e+03	+2.359e+03	+1.056e+04	+0.246
75.000	+4.906e+03	+5.284e+03	+1.051e+04	+0.519
75.100	+2.085e+03	+7.835e+03	+8.232e+03	+0.790
75.200	+2.126e+03	+6.530e+03	+9.314e+03	+0.754
75.300	+3.292e+03	+7.168e+03	+9.727e+03	+0.685
75.400	+1.952e+03	+5.852e+03	+9.944e+03	+0.750
75.500	+3.494e+03	+8.030e+03	+7.775e+03	+0.697
75.600	+3.766e+03	+7.393e+03	+1.002e+04	+0.663
75.700	+4.223e+03	+5.706e+03	+1.057e+04	+0.575
75.800	+6.884e+03	+3.156e+03	+9.391e+03	+0.314
75.900	+7.484e+03	+3.581e+03	+1.267e+04	+0.324
76.000	+6.031e+03	+2.944e+03	+8.950e+03	+0.328
76.100	+7.816e+03	+4.012e+03	+1.017e+04	+0.339
76.200	+6.486e+03	+2.642e+03	+1.114e+04	+0.289
76.300	+6.378e+03	+1.660e+03	+1.084e+04	+0.206
76.400	+7.604e+03	+4.189e+03	+1.145e+04	+0.355
76.500	+5.616e+03	+2.893e+03	+1.024e+04	+0.340
76.600	+7.612e+03	+3.222e+03	+9.965e+03	+0.297
76.700	+5.632e+03	+2.118e+03	+9.454e+03	+0.273
76.800	+6.670e+03	+2.202e+03	+9.845e+03	+0.248
76.900	+7.050e+03	+3.099e+03	+1.171e+04	+0.305
77.000	+7.567e+03	+3.443e+03	+1.058e+04	+0.313
77.100	+5.342e+03	+5.914e+03	+1.119e+04	+0.525
77.200	+1.555e+03	+6.932e+03	+1.126e+04	+0.817
77.300	+2.172e+03	+8.078e+03	+9.618e+03	+0.788
77.400	+2.964e+03	+8.222e+03	+1.055e+04	+0.735
77.500	+3.221e+03	+7.471e+03	+9.471e+03	+0.699
77.600	+2.154e+03	+6.578e+03	+1.032e+04	+0.753
77.700	+3.331e+03	+6.538e+03	+1.067e+04	+0.662
77.800	+5.196e+03	+5.612e+03	+1.053e+04	+0.519
77.900	+6.436e+03	+3.636e+03	+9.172e+03	+0.361
78.000	+7.546e+03	+2.265e+03	+1.040e+04	+0.231
78.100	+7.723e+03	+9.973e+02	+9.846e+03	+0.114
78.200	+6.528e+03	+2.746e+03	+1.025e+04	+0.296
78.300	+7.143e+03	+5.347e+03	+1.002e+04	+0.428
78.400	+7.164e+03	+2.329e+03	+9.232e+03	+0.245
78.500	+6.771e+03	+1.117e+03	+1.034e+04	+0.142
78.600	+6.818e+03	+2.753e+03	+9.546e+03	+0.288
78.700	+6.640e+03	+2.062e+03	+9.334e+03	+0.237
78.800	+8.296e+03	+3.156e+03	+9.808e+03	+0.276
78.900	+8.776e+03	+3.514e+03	+9.917e+03	+0.286
79.000	+7.319e+03	+3.323e+03	+9.094e+03	+0.312
79.100	+8.406e+03	+3.403e+03	+1.050e+04	+0.288
79.200	+6.232e+03	+3.120e+03	+1.104e+04	+0.334
79.300	+5.707e+03	+3.195e+03	+9.014e+03	+0.359
79.400	+6.054e+03	+2.276e+03	+1.002e+04	+0.273
79.500	+8.388e+03	+3.782e+03	+1.125e+04	+0.311
79.600	+5.944e+03	+3.189e+03	+1.053e+04	+0.349
79.700	+6.420e+03	+2.335e+03	+8.823e+03	+0.267
79.800	+6.872e+03	+2.793e+03	+9.965e+03	+0.289
79.900	+5.409e+03	+2.682e+03	+1.082e+04	+0.331
80.000	+7.807e+03	+3.366e+03	+9.221e+03	+0.301
80.100	+7.303e+03	+2.853e+03	+1.093e+04	+0.281
80.200	+6.207e+03	+1.441e+03	+1.054e+04	+0.188
80.300	+6.429e+03	+2.761e+03	+1.055e+04	+0.300
80.400	+6.895e+03	+3.391e+03	+1.089e+04	+0.330
80.500	+7.826e+03	+3.631e+03	+8.432e+03	+0.317
80.600	+6.108e+03	+3.469e+03	+1.136e+04	+0.362
80.700	+6.751e+03	+3.393e+03	+1.074e+04	+0.334
80.800	+7.211e+03	+3.430e+03	+9.281e+03	+0.322
80.900	+7.043e+03	+2.685e+03	+8.571e+03	+0.276
81.000	+4.608e+03	+5.470e+03	+1.003e+04	+0.543
81.100	+3.008e+03	+7.635e+03	+1.149e+04	+0.717
81.200	+2.144e+03	+7.917e+03	+9.732e+03	+0.787
81.300	+2.313e+03	+7.531e+03	+9.587e+03	+0.765
81.400	+3.082e+03	+6.854e+03	+9.914e+03	+0.690
81.500	+2.829e+03	+5.714e+03	+9.260e+03	+0.669
81.600	+4.443e+03	+6.752e+03	+1.096e+04	+0.603
81.700	+3.406e+03	+7.216e+03	+1.030e+04	+0.679
81.800	+2.889e+03	+8.234e+03	+8.627e+03	+0.740
81.900	+2.876e+03	+7.709e+03	+1.038e+04	+0.728
82.000	+3.268e+03	+5.773e+03	+9.769e+03	+0.639
82.100	+3.458e+03	+7.106e+03	+8.389e+03	+0.673
82.200	+2.720e+03	+6.197e+03	+9.928e+03	+0.695
82.300	+6.524e+03	+3.486e+03	+1.010e+04	+0.348
82.400	+2.457e+03	+6.246e+03	+9.041e+03	+0.718
82.500	+2.167e+03	+4.682e+03	+9.439e+03	+0.684
82.600	+2.205e+03	+6.567e+03	+1.089e+04	+0.749
82.700	+3.089e+03	+6.195e+03	+7.635e+03	+0.667
82.800	+3.767e+03	+8.863e+03	+1.130e+04	+0.702
82.900	+2.741e+03	+8.073e+03	+8.737e+03	+0.747
83.000	+3.799e+03	+5.583e+03	+1.011e+04	+0.595
83.100	+7.070e+03	+4.188e+03	+1.006e+04	+0.372
83.200	+7.572e+03	+2.184e+03	+1.084e+04	+0.224
83.300	+6.592e+03	+1.420e+03	+9.841e+03	+0.177
83.400	+6.842e+03	+2.497e+03	+9.854e+03	+0.267
83.500	+6.278e+03	+3.601e+03	+9.203e+03	+0.364
83.600	+6.976e+03	+4.260e+03	+1.120e+04	+0.379
83.700	+7.521e+03	+2.929e+03	+1.095e+04	+0.280
83.800	+3.603e+03	+5.930e+03	+9.499e+03	+0.622
83.900	+3.583e+03	+8.341e+03	+9.766e+03	+0.700
84.000	+1.904e+03	+6.735e+03	+9.100e+03	+0.780
84.100	+3.378e+03	+7.672e+03	+1.012e+04	+0.694
84.200	+3.819e+03	+7.316e+03	+1.101e+04	+0.657
84.300	+3.286e+03	+6.780e+03	+1.049e+04	+0.674
84.400	+7.092e+03	+2.243e+03	+1.009e+04	+0.240
84.500	+5.968e+03	+2.884e+03	+1.065e+04	+0.326
84.600	+6.587e+03	+3.796e+03	+1.154e+04	+0.366
84.700	+8.405e+03	+3.492e+03	+9.681e+03	+0.293
84.800	+7.057e+03	+2.654e+03	+1.068e+04	+0.273
84.900	+6.799e+03	+1.438e+03	+1.049e+04	+0.175
85.000	+7.128e+03	+3.260e+03	+9.540e+03	+0.314
85.100	+5.865e+03	+3.660e+03	+1.128e+04	+0.384
85.200	+6.135e+03	+2.519e+03	+9.615e+03	+0.291
85.300	+7.697e+03	+2.534e+03	+1.087e+04	+0.248
85.400	+7.413e+03	+3.118e+03	+9.917e+03	+0.296
85.500	+6.169e+03	+4.460e+03	+9.939e+03	+0.420
85.600	+6.684e+03	+3.679e+03	+9.691e+03	+0.355
85.700	+6.367e+03	+1.960e+03	+9.878e+03	+0.235
85.800	+6.852e+03	+4.017e+03	+1.043e+04	+0.370
85.900	+6.711e+03	+3.263e+03	+1.054e+04	+0.327
86.000	+7.994e+03	+3.359e+03	+9.434e+03	+0.296
86.100	+5.199e+03	+3.062e+03	+9.838e+03	+0.371
86.200	+8.221e+03	+1.472e+03	+9.666e+03	+0.152
86.300	+7.920e+03	+3.825e+03	+1.004e+04	+0.326
86.400	+2.306e+03	+6.081e+03	+9.466e+03	+0.725
86.500	+2.162e+03	+9.584e+03	+9.847e+03	+0.816
86.600	+1.643e+03	+7.578e+03	+9.013e+03	+0.822
86.700	+2.589e+03	+6.342e+03	+1.072e+04	+0.710
86.800	+1.699e+03	+6.315e+03	+9.811e+03	+0.788
86.900	+3.778e+03	+6.672e+03	+1.028e+04	+0.638
87.000	+2.280e+03	+6.110e+03	+9.376e+03	+0.728
87.100	+2.427e+03	+7.341e+03	+9.266e+03	+0.752
87.200	+2.239e+03	+6.613e+03	+9.734e+03	+0.747
87.300	+3.066e+03	+8.116e+03	+1.001e+04	+0.726
87.400	+2.902e+03	+7.001e+03	+1.048e+04	+0.707
87.500	+2.802e+03	+7.866e+03	+9.585e+03	+0.737
87.600	+3.677e+03	+6.743e+03	+1.149e+04	+0.647
87.700	+3.490e+03	+6.735e+03	+9.168e+03	+0.659
87.800	+2.367e+03	+6.527e+03	+1.035e+04	+0.734
87.900	+4.026e+03	+8.137e+03	+1.023e+04	+0.669
88.000	+3.442e+03	+7.504e+03	+1.144e+04	+0.686
88.100	+3.214e+03	+6.533e+03	+1.026e+04	+0.670
88.200	+6.375e+03	+4.684e+03	+1.071e+04	+0.424
88.300	+7.743e+03	+3.409e+03	+1.035e+04	+0.306
88.400	+6.367e+03	+2.777e+03	+9.548e+03	+0.304
88.500	+7.330e+03	+3.988e+03	+9.370e+03	+0.352
88.600	+6.573e+03	+3.765e+03	+1.071e+04	+0.364
88.700	+8.290e+03	+3.304e+03	+1.126e+04	+0.285
88.800	+7.712e+03	+3.848e+03	+9.847e+03	+0.333
88.900	+6.628e+03	+4.465e+03	+1.060e+04	+0.402
89.000	+6.497e+03	+2.978e+03	+9.469e+03	+0.314
89.100	+6.825e+03	+2.790e+03	+9.959e+03	+0.290
89.200	+7.534e+03	+2.876e+03	+1.137e+04	+0.276
89.300	+6.441e+03	+3.406e+03	+9.051e+03	+0.346
89.400	+7.011e+03	+3.596e+03	+1.037e+04	+0.339
89.500	+7.364e+03	+3.106e+03	+1.185e+04	+0.297
89.600	+5.817e+03	+3.019e+03	+1.194e+04	+0.342
89.700	+6.383e+03	+3.103e+03	+1.010e+04	+0.327
89.800	+6.766e+03	+3.803e+03	+1.056e+04	+0.360
89.900	+7.067e+03	+2.621e+03	+1.013e+04	+0.271
90.000	+7.235e+03	+1.380e+03	+1.023e+04	+0.160
90.100	+7.537e+03	+2.762e+03	+1.068e+04	+0.268
90.200	+3.172e+03	+5.937e+03	+9.443e+03	+0.652
90.300	+3.502e+03	+6.821e+03	+8.886e+03	+0.661
90.400	+2.631e+03	+7.813e+03	+1.100e+04	+0.748
90.500	+3.906e+03	+7.770e+03	+1.000e+04	+0.665
90.600	+3.965e+03	+6.192e+03	+1.049e+04	+0.610
90.700	+2.290e+03	+6.903e+03	+1.138e+04	+0.751
90.800	+3.423e+03	+7.051e+03	+1.025e+04	+0.673
90.900	+3.360e+03	+7.898e+03	+1.128e+04	+0.702
91.000	+2.659e+03	+7.310e+03	+1.002e+04	+0.733
91.100	+1.230e+03	+5.847e+03	+1.177e+04	+0.826
91.200	+3.278e+03	+8.330e+03	+1.092e+04	+0.718
91.300	+2.315e+03	+7.194e+03	+1.092e+04	+0.757
91.400	+2.711e+03	+5.637e+03	+9.461e+03	+0.675
91.500	+2.213e+03	+7.413e+03	+9.396e+03	+0.770
91.600	+2.678e+03	+8.114e+03	+9.747e+03	+0.752
91.700	+2.619e+03	+8.042e+03	+1.029e+04	+0.754
91.800	+5.655e+03	+2.451e+03	+1.011e+04	+0.302
91.900	+6.837e+03	+2.341e+03	+1.013e+04	+0.255
92.000	+6.210e+03	+3.686e+03	+9.814e+03	+0.372
92.100	+7.228e+03	+4.281e+03	+1.054e+04	+0.372
92.200	+7.047e+03	+2.832e+03	+1.033e+04	+0.287
92.300	+6.730e+03	+4.567e+03	+1.051e+04	+0.404
92.400	+5.611e+03	+2.483e+03	+9.088e+03	+0.307
92.500	+8.324e+03	+2.845e+03	+1.081e+04	+0.255
92.600	+7.186e+03	+5.001e+03	+9.789e+03	+0.410
92.700	+6.560e+03	+2.996e+03	+1.031e+04	+0.313
92.800	+7.924e+03	+1.895e+03	+8.880e+03	+0.193
92.900	+6.941e+03	+1.519e+03	+1.165e+04	+0.180
93.000	+6.370e+03	+2.605e+03	+1.087e+04	+0.290
93.100	+6.538e+03	+2.092e+03	+9.252e+03	+0.242
93.200	+6.363e+03	+2.596e+03	+1.036e+04	+0.290
93.300	+5.960e+03	+4.150e+03	+1.002e+04	+0.411
93.400	+2.689e+03	+6.373e+03	+8.662e+03	+0.703
93.500	+2.995e+03	+8.103e+03	+8.565e+03	+0.730
93.600	+2.660e+03	+6.951e+03	+1.011e+04	+0.723
93.700	+3.040e+03	+8.227e+03	+1.118e+04	+0.730
93.800	+1.207e+03	+6.901e+03	+9.736e+03	+0.851
93.900	+4.729e+03	+6.884e+03	+1.040e+04	+0.593
94.000	+2.377e+03	+5.843e+03	+1.063e+04	+0.711
94.100	+2.870e+03	+7.470e+03	+1.041e+04	+0.722
94.200	+3.743e+03	+7.244e+03	+8.019e+03	+0.659
94.300	+3.611e+03	+6.913e+03	+1.038e+04	+0.657
94.400	+2.868e+03	+7.313e+03	+1.048e+04	+0.718
94.500	+1.528e+03	+7.179e+03	+9.881e+03	+0.824
94.600	+2.473e+03	+7.163e+03	+8.531e+03	+0.743
94.700	+2.083e+03	+7.248e+03	+9.049e+03	+0.777
94.800	+2.110e+03	+7.357e+03	+1.026e+04	+0.777
94.900	+3.520e+03	+6.642e+03	+9.888e+03	+0.654
95.000	+5.404e+03	+3.274e+03	+9.861e+03	+0.377
95.100	+7.605e+03	+3.649e+03	+1.069e+04	+0.324
95.200	+7.196e+03	+3.287e+03	+9.723e+03	+0.314
95.300	+6.538e+03	+3.551e+03	+1.194e+04	+0.352
95.400	+6.351e+03	+1.442e+03	+1.021e+04	+0.185
95.500	+7.035e+03	+1.362e+03	+9.583e+03	+0.162
95.600	+7.442e+03	+3.902e+03	+9.776e+03	+0.344
95.700	+6.657e+03	+3.587e+03	+1.049e+04	+0.350
95.800	+6.324e+03	+3.608e+03	+9.745e+03	+0.363
95.900	+7.727e+03	+2.493e+03	+9.705e+03	+0.244
96.000	+5.973e+03	+4.504e+03	+9.981e+03	+0.430
96.100	+7.526e+03	+3.450e+03	+9.405e+03	+0.314
96.200	+8.036e+03	+3.966e+03	+9.525e+03	+0.330
96.300	+6.697e+03	+3.780e+03	+9.771e+03	+0.361
96.400	+6.971e+03	+2.258e+03	+9.609e+03	+0.245
96.500	+7.147e+03	+4.560e+03	+9.643e+03	+0.389
96.600	+7.827e+03	+3.108e+03	+9.081e+03	+0.284
96.700	+7.015e+03	+2.491e+03	+8.842e+03	+0.262
96.800	+7.210e+03	+3.192e+03	+9.960e+03	+0.307
96.900	+5.621e+03	+3.227e+03	+1.083e+04	+0.365
97.000	+6.816e+03	+3.308e+03	+1.007e+04	+0.327
97.100	+7.159e+03	+3.523e+03	+9.811e+03	+0.330
97.200	+2.001e+03	+8.135e+03	+1.032e+04	+0.803
97.300	+2.859e+03	+7.190e+03	+8.791e+03	+0.715
97.400	+3.310e+03	+8.004e+03	+9.833e+03	+0.707
97.500	+3.664e+03	+7.075e+03	+1.129e+04	+0.659
97.600	+2.698e+03	+5.916e+03	+1.059e+04	+0.687
97.700	+2.660e+03	+6.703e+03	+1.096e+04	+0.716
97.800	+3.351e+03	+5.501e+03	+9.804e+03	+0.621
97.900	+7.148e+03	+3.200e+03	+1.032e+04	+0.309
98.000	+5.698e+03	+3.899e+03	+9.304e+03	+0.406
98.100	+3.019e+03	+7.265e+03	+8.038e+03	+0.706
98.200	+2.924e+03	+7.399e+03	+1.048e+04	+0.717
98.300	+1.268e+03	+6.150e+03	+9.475e+03	+0.829
98.400	+2.622e+03	+8.767e+03	+1.016e+04	+0.770
98.500	+3.185e+03	+6.225e+03	+8.900e+03	+0.662
98.600	+2.586e+03	+7.675e+03	+1.051e+04	+0.748
98.700	+3.350e+03	+8.245e+03	+9.043e+03	+0.711
98.800	+3.659e+03	+6.265e+03	+9.394e+03	+0.631
98.900	+2.450e+03	+8.654e+03	+1.117e+04	+0.779
99.000	+3.532e+03	+6.110e+03	+1.075e+04	+0.634
99.100	+3.230e+03	+7.938e+03	+8.505e+03	+0.711
99.200	+3.715e+03	+9.028e+03	+8.424e+03	+0.708
99.300	+1.084e+03	+7.749e+03	+1.203e+04	+0.877
99.400	+3.717e+03	+5.963e+03	+9.219e+03	+0.616
99.500	+2.624e+03	+6.795e+03	+1.037e+04	+0.721
99.600	+2.182e+03	+7.239e+03	+1.035e+04	+0.768
99.700	+1.593e+03	+7.973e+03	+1.087e+04	+0.833
99.800	+1.543e+03	+7.405e+03	+1.054e+04	+0.828
99.900	+4.073e+03	+7.440e+03	+9.356e+03	+0.646
100.000	+3.567e+03	+5.625e+03	+9.398e+03	+0.612
100.100	+4.130e+03	+7.295e+03	+9.733e+03	+0.639
100.200	+3.065e+03	+8.446e+03	+1.047e+04	+0.734
100.300	+2.821e+03	+7.044e+03	+9.703e+03	+0.714
100.400	+3.900e+03	+7.630e+03	+1.051e+04	+0.662
100.500	+2.528e+03	+5.894e+03	+1.004e+04	+0.700
100.600	+4.585e+03	+5.238e+03	+1.002e+04	+0.533
100.700	+3.724e+03	+5.793e+03	+8.604e+03	+0.609
100.800	+2.268e+03	+5.302e+03	+1.065e+04	+0.700
100.900	+2.850e+03	+6.704e+03	+1.117e+04	+0.702
101.000	+1.298e+03	+6.449e+03	+1.001e+04	+0.832
101.100	+2.569e+03	+7.273e+03	+9.854e+03	+0.739
101.200	+6.590e+03	+3.395e+03	+1.082e+04	+0.340
101.300	+7.562e+03	+2.866e+03	+1.031e+04	+0.275
101.400	+6.032e+03	+2.426e+03	+1.090e+04	+0.287
101.500	+6.421e+03	+3.506e+03	+1.083e+04	+0.353
101.600	+5.331e+03	+2.857e+03	+9.782e+03	+0.349
101.700	+5.615e+03	+2.317e+03	+8.655e+03	+0.292
101.800	+6.765e+03	+1.696e+03	+1.107e+04	+0.200
101.900	+3.116e+03	+6.590e+03	+1.001e+04	+0.679
102.000	+2.556e+03	+8.372e+03	+9.601e+03	+0.766
102.100	+3.544e+03	+7.172e+03	+1.120e+04	+0.669
102.200	+2.277e+03	+4.653e+03	+1.059e+04	+0.671
102.300	+3.414e+03	+8.082e+03	+9.023e+03	+0.703
102.400	+2.257e+03	+6.694e+03	+9.370e+03	+0.748
102.500	+2.371e+03	+7.962e+03	+9.566e+03	+0.771
102.600	+2.002e+03	+7.287e+03	+1.044e+04	+0.785
102.700	+3.766e+03	+7.554e+03	+1.015e+04	+0.667
102.800	+5.783e+03	+3.769e+03	+9.663e+03	+0.395
102.900	+3.889e+03	+5.121e+03	+9.724e+03	+0.568
103.000	+2.937e+03	+7.920e+03	+9.779e+03	+0.729
103.100	+1.507e+03	+7.571e+03	+8.573e+03	+0.834
103.200	+3.487e+03	+8.225e+03	+1.012e+04	+0.702
103.300	+3.930e+03	+5.999e+03	+1.174e+04	+0.604
103.400	+1.122e+03	+7.251e+03	+9.287e+03	+0.866
103.500	+3.815e+03	+8.982e+03	+9.785e+03	+0.702
103.600	+1.446e+03	+6.305e+03	+8.693e+03	+0.813
103.700	+3.816e+03	+7.439e+03	+1.069e+04	+0.661
103.800	+2.550e+03	+6.753e+03	+1.092e+04	+0.726
103.900	+5.265e+02	+6.990e+03	+1.051e+04	+0.930
104.000	+3.242e+03	+7.656e+03	+9.305e+03	+0.702
104.100	+3.421e+03	+7.651e+03	+1.024e+04	+0.691
104.200	+1.865e+03	+7.342e+03	+1.106e+04	+0.797
104.300	+2.789e+03	+4.521e+03	+1.034e+04	+0.618
104.400	+3.005e+03	+7.945e+03	+9.821e+03	+0.726
104.500	+4.041e+03	+7.204e+03	+1.009e+04	+0.641
104.600	+3.303e+03	+5.629e+03	+1.033e+04	+0.630
104.700	+4.120e+03	+8.100e+03	+1.018e+04	+0.663
104.800	+3.554e+03	+7.773e+03	+9.396e+03	+0.686
104.900	+2.124e+03	+7.080e+03	+9.721e+03	+0.769
105.000	+3.492e+03	+6.836e+03	+1.040e+04	+0.662
105.100	+2.279e+03	+7.342e+03	+1.002e+04	+0.763
105.200	+3.008e+03	+6.504e+03	+9.898e+03	+0.684
105.300	+2.236e+03	+6.609e+03	+1.069e+04	+0.747
105.400	+1.262e+03	+7.596e+03	+9.757e+03	+0.858
105.500	+3.813e+03	+6.053e+03	+1.001e+04	+0.614
105.600	+2.379e+03	+6.052e+03	+1.011e+04	+0.718
105.700	+2.479e+03	+6.913e+03	+1.013e+04	+0.736
105.800	+1.641e+03	+6.582e+03	+9.975e+03	+0.800
105.900	+4.280e+03	+5.290e+03	+8.567e+03	+0.553
106.000	+5.744e+03	+4.124e+03	+9.586e+03	+0.418
106.100	+8.142e+03	+2.612e+03	+9.729e+03	+0.243
106.200	+6.815e+03	+2.420e+03	+1.062e+04	+0.262
106.300	+5.958e+03	+4.262e+03	+1.056e+04	+0.417
106.400	+7.669e+03	+2.193e+03	+1.112e+04	+0.222
106.500	+6.803e+03	+3.308e+03	+1.038e+04	+0.327
106.600	+6.986e+03	+3.267e+03	+8.837e+03	+0.319
106.700	+6.775e+03	+4.272e+03	+1.043e+04	+0.387
106.800	+6.754e+03	+3.319e+03	+1.031e+04	+0.330
106.900	+7.594e+03	+4.408e+03	+1.063e+04	+0.367
107.000	+6.102e+03	+2.359e+03	+8.588e+03	+0.279
107.100	+8.004e+03	+1.931e+03	+1.043e+04	+0.194
107.200	+7.737e+03	+3.123e+03	+9.544e+03	+0.288
107.300	+7.001e+03	+2.694e+03	+1.022e+04	+0.278
107.400	+6.766e+03	+2.613e+03	+9.291e+03	+0.279
107.500	+8.687e+03	+4.052e+03	+9.515e+03	+0.318
107.600	+5.662e+03	+3.267e+03	+9.444e+03	+0.366
107.700	+6.428e+03	+2.155e+03	+1.064e+04	+0.251
107.800	+7.166e+03	+3.573e+03	+1.141e+04	+0.333
107.900	+7.176e+03	+2.386e+03	+1.027e+04	+0.250
108.000	+5.025e+03	+6.143e+03	+1.022e+04	+0.550
108.100	+3.923e+03	+6.331e+03	+9.500e+03	+0.617
108.200	+1.688e+03	+7.215e+03	+9.513e+03	+0.810
108.300	+3.406e+03	+8.937e+03	+1.002e+04	+0.724
108.400	+4.867e+03	+5.327e+03	+9.320e+03	+0.523
108.500	+7.606e+03	+3.480e+03	+9.752e+03	+0.314
108.600	+6.400e+03	+3.983e+03	+1.088e+04	+0.384
108.700	+8.138e+03	+2.317e+03	+9.910e+03	+0.222
108.800	+8.420e+03	+3.082e+03	+1.005e+04	+0.268
108.900	+3.764e+03	+7.809e+03	+8.776e+03	+0.675
109.000	+1.723e+03	+5.372e+03	+8.916e+03	+0.757
109.100	+3.361e+03	+7.494e+03	+9.210e+03	+0.690
109.200	+6.656e+03	+3.260e+03	+1.026e+04	+0.329
109.300	+7.369e+03	+4.045e+03	+1.168e+04	+0.354
109.400	+6.500e+03	+3.037e+03	+1.058e+04	+0.318
109.500	+7.629e+03	+2.810e+03	+9.486e+03	+0.269
109.600	+6.144e+03	+3.340e+03	+1.015e+04	+0.352
109.700	+6.774e+03	+3.314e+03	+1.137e+04	+0.328
109.800	+7.342e+03	+1.974e+03	+1.040e+04	+0.212
109.900	+8.068e+03	+3.109e+03	+9.922e+03	+0.278
110.000	+7.822e+03	+4.390e+03	+1.115e+04	+0.360
110.100	+7.130e+03	+1.854e+03	+1.018e+04	+0.206
110.200	+6.727e+03	+3.007e+03	+9.250e+03	+0.309
110.300	+7.851e+03	+2.806e+03	+9.604e+03	+0.263
110.400	+6.782e+03	+4.020e+03	+1.105e+04	+0.372
110.500	+7.466e+03	+4.031e+03	+1.047e+04	+0.351
110.600	+7.232e+03	+3.885e+03	+8.736e+03	+0.349
110.700	+6.915e+03	+2.154e+03	+1.048e+04	+0.237
110.800	+7.753e+03	+3.339e+03	+8.429e+03	+0.301
110.900	+6.589e+03	+3.358e+03	+7.808e+03	+0.338
111.000	+7.458e+03	+1.979e+03	+9.788e+03	+0.210
111.100	+6.301e+03	+3.706e+03	+1.080e+04	+0.370
111.200	+7.126e+03	+2.725e+03	+8.303e+03	+0.277
111.300	+7.730e+03	+2.756e+03	+1.053e+04	+0.263
111.400	+6.141e+03	+3.409e+03	+9.907e+03	+0.357
111.500	+6.262e+03	+3.235e+03	+8.515e+03	+0.341
111.600	+7.448e+03	+4.835e+03	+9.174e+03	+0.394
111.700	+6.600e+03	+3.543e+03	+9.536e+03	+0.349
111.800	+7.195e+03	+2.814e+03	+1.035e+04	+0.281
111.900	+6.549e+03	+3.338e+03	+9.763e+03	+0.338
112.000	+8.349e+03	+2.385e+03	+8.969e+03	+0.222
112.100	+7.379e+03	+3.454e+03	+1.109e+04	+0.319
112.200	+6.196e+03	+3.427e+03	+1.087e+04	+0.356
112.300	+5.259e+03	+4.433e+03	+9.413e+03	+0.457
112.400	+4.231e+03	+7.797e+03	+9.597e+03	+0.648
112.500	+1.749e+03	+6.218e+03	+8.857e+03	+0.780
112.600	+3.947e+03	+6.580e+03	+9.963e+03	+0.625
112.700	+4.001e+03	+7.412e+03	+9.986e+03	+0.649
112.800	+3.135e+03	+6.545e+03	+8.442e+03	+0.676
112.900	+3.642e+03	+6.753e+03	+9.631e+03	+0.650
113.000	+6.451e+03	+3.416e+03	+1.196e+04	+0.346
113.100	+6.550e+03	+2.798e+03	+1.005e+04	+0.299
113.200	+5.683e+03	+6.258e+03	+9.585e+03	+0.524
