%t (s)	Idd (a.u.)	Ida (a.u.)	Iaa (a.u.)	FRET E
0.000	+2.692e+03	+6.814e+03	+1.150e+04	+0.717
0.100	+2.575e+03	+6.098e+03	+9.239e+03	+0.703
0.200	+3.643e+03	+7.625e+03	+9.587e+03	+0.677
0.300	+2.405e+03	+8.007e+03	+9.031e+03	+0.769
0.400	+2.282e+03	+7.548e+03	+9.863e+03	+0.768
0.500	+3.242e+03	+7.344e+03	+8.941e+03	+0.694
0.600	+2.267e+03	+6.304e+03	+9.423e+03	+0.735
0.700	+3.863e+03	+7.256e+03	+1.001e+04	+0.653
0.800	+3.317e+03	+7.882e+03	+9.204e+03	+0.704
0.900	+2.438e+03	+7.177e+03	+1.030e+04	+0.746
1.000	+7.706e+03	+2.448e+03	+1.082e+04	+0.241
1.100	+6.932e+03	+3.200e+03	+9.047e+03	+0.316
1.200	+6.716e+03	+3.918e+03	+9.380e+03	+0.368
1.300	+7.537e+03	+2.681e+03	+1.029e+04	+0.262
1.400	+6.865e+03	+1.624e+03	+9.874e+03	+0.191
1.500	+7.260e+03	+2.068e+03	+1.122e+04	+0.222
1.600	+6.223e+03	+3.258e+03	+9.952e+03	+0.344
1.700	+7.801e+03	+4.262e+03	+9.647e+03	+0.353
1.800	+6.665e+03	+4.946e+03	+9.756e+03	+0.426
1.900	+6.757e+03	+2.269e+03	+9.214e+03	+0.251
2.000	+6.987e+03	+2.807e+03	+1.080e+04	+0.287
2.100	+3.489e+03	+8.801e+03	+1.020e+04	+0.716
2.200	+1.867e+03	+7.272e+03	+9.839e+03	+0.796
2.300	+2.837e+03	+8.598e+03	+1.022e+04	+0.752
2.400	+3.232e+03	+7.685e+03	+1.021e+04	+0.704
2.500	+2.883e+03	+8.082e+03	+1.059e+04	+0.737
2.600	+2.498e+03	+7.549e+03	+1.168e+04	+0.751
2.700	+2.930e+03	+7.589e+03	+9.362e+03	+0.721
2.800	+3.953e+03	+7.726e+03	+1.006e+04	+0.662
2.900	+3.403e+03	+7.454e+03	+9.336e+03	+0.687
3.000	+3.548e+03	+7.000e+03	+9.490e+03	+0.664
3.100	+3.746e+03	+7.043e+03	+9.635e+03	+0.653
3.200	+2.569e+03	+6.382e+03	+1.161e+04	+0.713
3.300	+3.296e+03	+6.364e+03	+1.026e+04	+0.659
3.400	+3.393e+03	+6.578e+03	+9.342e+03	+0.660
3.500	+2.279e+03	+6.636e+03	+1.046e+04	+0.744
3.600	+3.713e+03	+7.576e+03	+8.841e+03	+0.671
3.700	+3.046e+03	+6.913e+03	+1.005e+04	+0.694
3.800	+4.677e+03	+7.391e+03	+9.652e+03	+0.612
3.900	+2.390e+03	+7.510e+03	+9.888e+03	+0.759
4.000	+3.519e+03	+7.656e+03	+1.021e+04	+0.685
4.100	+2.912e+03	+7.135e+03	+9.807e+03	+0.710
4.200	+2.604e+03	+7.786e+03	+1.099e+04	+0.749
4.300	+1.585e+03	+6.382e+03	+1.139e+04	+0.801
4.400	+2.285e+03	+6.617e+03	+9.455e+03	+0.743
4.500	+3.330e+03	+8.818e+03	+8.889e+03	+0.726
4.600	+4.717e+03	+3.935e+03	+1.019e+04	+0.455
4.700	+8.456e+03	+2.920e+03	+9.313e+03	+0.257
4.800	+8.171e+03	+2.957e+03	+8.766e+03	+0.266
4.900	+7.405e+03	+3.326e+03	+1.046e+04	+0.310
5.000	+6.167e+03	+3.687e+03	+1.195e+04	+0.374
5.100	+7.093e+03	+2.217e+03	+7.953e+03	+0.238
5.200	+7.615e+03	+3.844e+03	+8.265e+03	+0.335
5.300	+6.725e+03	+2.757e+03	+9.505e+03	+0.291
5.400	+5.570e+03	+4.011e+03	+1.061e+04	+0.419
5.500	+4.006e+03	+7.440e+03	+1.003e+04	+0.650
5.600	+3.353e+03	+6.633e+03	+1.035e+04	+0.664
5.700	+4.500e+03	+7.203e+03	+9.243e+03	+0.615
5.800	+4.545e+03	+6.733e+03	+1.103e+04	+0.597
5.900	+2.450e+03	+7.823e+03	+1.056e+04	+0.761
6.000	+3.985e+03	+7.001e+03	+1.122e+04	+0.637
6.100	+3.277e+03	+7.797e+03	+8.841e+03	+0.704
6.200	+2.578e+03	+6.618e+03	+1.008e+04	+0.720
6.300	+3.024e+03	+6.441e+03	+9.552e+03	+0.680
6.400	+1.627e+03	+6.664e+03	+9.689e+03	+0.804
6.500	+2.716e+03	+7.170e+03	+1.084e+04	+0.725
6.600	+3.944e+03	+5.372e+03	+1.011e+04	+0.577
6.700	+4.273e+03	+5.394e+03	+1.061e+04	+0.558
6.800	+2.734e+03	+6.529e+03	+1.109e+04	+0.705
6.900	+3.345e+03	+7.234e+03	+1.033e+04	+0.684
7.000	+9.542e+02	+7.765e+03	+1.070e+04	+0.891
7.100	+2.773e+03	+7.051e+03	+1.052e+04	+0.718
7.200	+5.461e+03	+4.990e+03	+8.753e+03	+0.477
7.300	+6.058e+03	+3.033e+03	+1.008e+04	+0.334
7.400	+8.390e+03	+1.995e+03	+9.426e+03	+0.192
7.500	+6.412e+03	+2.337e+03	+9.269e+03	+0.267
7.600	+3.931e+03	+6.871e+03	+1.085e+04	+0.636
7.700	+3.567e+03	+7.493e+03	+1.005e+04	+0.677
7.800	+2.506e+03	+7.361e+03	+8.729e+03	+0.746
7.900	+2.988e+03	+6.267e+03	+9.703e+03	+0.677
8.000	+2.236e+03	+5.789e+03	+1.067e+04	+0.721
8.100	+4.608e+03	+6.345e+03	+1.080e+04	+0.579
8.200	+2.318e+03	+7.814e+03	+9.003e+03	+0.771
8.300	+3.118e+03	+7.719e+03	+9.193e+03	+0.712
8.400	+3.067e+03	+9.168e+03	+9.992e+03	+0.749
8.500	+1.958e+03	+6.489e+03	+8.295e+03	+0.768
8.600	+3.365e+03	+6.901e+03	+9.386e+03	+0.672
8.700	+3.968e+03	+6.966e+03	+1.124e+04	+0.637
8.800	+2.835e+03	+6.070e+03	+1.075e+04	+0.682
8.900	+2.012e+03	+7.256e+03	+1.081e+04	+0.783
9.000	+3.661e+03	+5.000e+03	+1.006e+04	+0.577
9.100	+6.835e+03	+2.625e+03	+1.045e+04	+0.277
9.200	+5.703e+03	+3.008e+03	+9.992e+03	+0.345
9.300	+3.590e+03	+7.728e+03	+1.063e+04	+0.683
9.400	+2.189e+03	+6.286e+03	+1.036e+04	+0.742
9.500	+3.586e+03	+7.009e+03	+1.134e+04	+0.662
9.600	+2.237e+03	+7.408e+03	+1.005e+04	+0.768
9.700	+2.486e+03	+6.814e+03	+9.955e+03	+0.733
9.800	+2.166e+03	+7.705e+03	+1.092e+04	+0.781
9.900	+2.000e+03	+6.823e+03	+9.669e+03	+0.773
10.000	+2.793e+03	+6.096e+03	+1.033e+04	+0.686
10.100	+2.982e+03	+6.191e+03	+1.015e+04	+0.675
10.200	+4.079e+03	+6.676e+03	+9.761e+03	+0.621
10.300	+4.045e+03	+6.295e+03	+1.059e+04	+0.609
10.400	+4.014e+03	+7.944e+03	+8.897e+03	+0.664
10.500	+3.897e+03	+4.784e+03	+1.012e+04	+0.551
10.600	+2.831e+03	+7.497e+03	+1.032e+04	+0.726
10.700	+1.810e+03	+7.142e+03	+9.196e+03	+0.798
10.800	+3.614e+03	+6.449e+03	+1.003e+04	+0.641
10.900	+2.669e+03	+6.514e+03	+1.063e+04	+0.709
11.000	+3.041e+03	+6.725e+03	+1.024e+04	+0.689
11.100	+3.038e+03	+6.789e+03	+1.054e+04	+0.691
11.200	+2.027e+03	+5.949e+03	+9.913e+03	+0.746
11.300	+3.767e+03	+6.640e+03	+9.405e+03	+0.638
11.400	+4.245e+03	+7.223e+03	+1.066e+04	+0.630
11.500	+5.051e+03	+8.423e+03	+1.004e+04	+0.625
11.600	+3.083e+03	+5.363e+03	+9.021e+03	+0.635
11.700	+3.603e+03	+7.957e+03	+8.575e+03	+0.688
11.800	+1.995e+03	+7.758e+03	+8.495e+03	+0.795
11.900	+4.494e+03	+6.519e+03	+1.102e+04	+0.592
12.000	+2.997e+03	+6.287e+03	+1.029e+04	+0.677
12.100	+2.160e+03	+5.997e+03	+7.967e+03	+0.735
12.200	+3.668e+03	+7.169e+03	+1.046e+04	+0.661
12.300	+2.682e+03	+5.495e+03	+1.062e+04	+0.672
12.400	+2.428e+03	+6.132e+03	+9.396e+03	+0.716
12.500	+3.406e+03	+6.455e+03	+1.089e+04	+0.655
12.600	+3.171e+03	+6.527e+03	+8.656e+03	+0.673
12.700	+3.838e+03	+6.075e+03	+1.174e+04	+0.613
12.800	+2.632e+03	+8.170e+03	+1.008e+04	+0.756
12.900	+3.424e+03	+7.771e+03	+9.663e+03	+0.694
13.000	+2.971e+03	+7.375e+03	+1.143e+04	+0.713
13.100	+3.308e+03	+6.492e+03	+9.153e+03	+0.662
13.200	+1.953e+03	+7.070e+03	+9.330e+03	+0.784
13.300	+3.702e+03	+7.036e+03	+8.834e+03	+0.655
13.400	+5.640e+03	+4.726e+03	+1.047e+04	+0.456
13.500	+7.932e+03	+2.845e+03	+9.412e+03	+0.264
13.600	+5.400e+03	+4.986e+03	+9.511e+03	+0.480
13.700	+3.672e+03	+6.538e+03	+9.293e+03	+0.640
13.800	+1.894e+03	+7.179e+03	+1.000e+04	+0.791
13.900	+1.677e+03	+7.101e+03	+8.321e+03	+0.809
14.000	+2.138e+03	+6.645e+03	+1.049e+04	+0.757
14.100	+2.415e+03	+7.262e+03	+1.043e+04	+0.750
14.200	+3.142e+02	+8.387e+03	+9.098e+03	+0.964
14.300	+1.889e+03	+7.649e+03	+1.102e+04	+0.802
14.400	+3.599e+03	+6.940e+03	+9.481e+03	+0.659
14.500	+2.983e+03	+6.221e+03	+9.715e+03	+0.676
14.600	+6.814e+03	+3.502e+03	+9.562e+03	+0.339
14.700	+5.758e+03	+1.292e+03	+1.089e+04	+0.183
14.800	+6.951e+03	+3.529e+03	+1.040e+04	+0.337
14.900	+8.208e+03	+3.691e+03	+9.669e+03	+0.310
15.000	+7.859e+03	+2.707e+03	+1.027e+04	+0.256
15.100	+6.327e+03	+1.200e+03	+1.084e+04	+0.159
15.200	+6.327e+03	+3.012e+03	+1.014e+04	+0.323
15.300	+6.846e+03	+2.018e+03	+1.083e+04	+0.228
15.400	+7.473e+03	+3.016e+03	+9.172e+03	+0.288
15.500	+6.573e+03	+2.118e+03	+8.276e+03	+0.244
15.600	+7.386e+03	+2.859e+03	+8.724e+03	+0.279
15.700	+4.090e+03	+6.380e+03	+8.870e+03	+0.609
15.800	+3.859e+03	+7.954e+03	+9.123e+03	+0.673
15.900	+3.031e+03	+7.437e+03	+1.050e+04	+0.710
16.000	+3.162e+03	+6.391e+03	+9.691e+03	+0.669
16.100	+3.202e+03	+6.638e+03	+9.053e+03	+0.675
16.200	+2.727e+03	+7.996e+03	+1.061e+04	+0.746
16.300	+2.677e+03	+6.293e+03	+8.877e+03	+0.702
16.400	+3.420e+03	+6.265e+03	+9.052e+03	+0.647
16.500	+3.533e+03	+7.630e+03	+8.798e+03	+0.684
16.600	+2.582e+03	+6.396e+03	+1.036e+04	+0.712
16.700	+3.100e+03	+7.639e+03	+9.389e+03	+0.711
16.800	+2.296e+03	+8.472e+03	+1.088e+04	+0.787
16.900	+4.131e+03	+6.576e+03	+1.064e+04	+0.614
17.000	+1.408e+03	+7.468e+03	+9.762e+03	+0.841
17.100	+4.013e+03	+6.291e+03	+9.142e+03	+0.611
17.200	+2.898e+03	+7.141e+03	+9.255e+03	+0.711
17.300	+2.998e+03	+5.981e+03	+9.561e+03	+0.666
17.400	+3.263e+03	+6.158e+03	+1.046e+04	+0.654
17.500	+3.263e+03	+5.395e+03	+1.103e+04	+0.623
17.600	+6.162e+03	+3.991e+03	+1.096e+04	+0.393
17.700	+6.458e+03	+2.107e+03	+8.814e+03	+0.246
17.800	+5.079e+03	+7.951e+03	+9.985e+03	+0.610
17.900	+3.430e+03	+7.316e+03	+9.826e+03	+0.681
18.000	+3.382e+03	+5.415e+03	+1.036e+04	+0.616
18.100	+2.314e+03	+7.862e+03	+1.005e+04	+0.773
18.200	+2.621e+03	+7.889e+03	+1.079e+04	+0.751
18.300	+2.765e+03	+6.918e+03	+1.097e+04	+0.714
18.400	+2.236e+03	+6.979e+03	+9.902e+03	+0.757
18.500	+3.458e+03	+6.700e+03	+1.064e+04	+0.660
18.600	+4.268e+03	+7.848e+03	+1.119e+04	+0.648
18.700	+3.252e+03	+7.125e+03	+8.895e+03	+0.687
18.800	+2.840e+03	+7.018e+03	+9.357e+03	+0.712
18.900	+2.732e+03	+7.483e+03	+8.364e+03	+0.733
19.000	+3.620e+03	+6.206e+03	+9.717e+03	+0.632
19.100	+3.911e+03	+5.482e+03	+1.052e+04	+0.584
19.200	+4.011e+03	+8.497e+03	+1.006e+04	+0.679
19.300	+3.911e+03	+7.886e+03	+1.065e+04	+0.668
19.400	+2.862e+03	+5.974e+03	+1.030e+04	+0.676
19.500	+2.945e+03	+5.558e+03	+9.457e+03	+0.654
19.600	+2.758e+03	+7.182e+03	+1.175e+04	+0.722
19.700	+1.964e+03	+7.366e+03	+1.051e+04	+0.790
19.800	+4.764e+03	+5.017e+03	+9.888e+03	+0.513
19.900	+8.175e+03	+2.576e+03	+1.076e+04	+0.240
20.000	+9.282e+03	+2.509e+03	+1.046e+04	+0.213
20.100	+6.467e+03	+2.486e+03	+9.479e+03	+0.278
20.200	+2.010e+03	+6.813e+03	+1.056e+04	+0.772
20.300	+2.485e+03	+5.096e+03	+1.037e+04	+0.672
20.400	+2.205e+03	+8.103e+03	+9.594e+03	+0.786
20.500	+3.644e+03	+6.822e+03	+1.004e+04	+0.652
20.600	+1.783e+03	+7.239e+03	+9.071e+03	+0.802
20.700	+3.979e+03	+7.265e+03	+1.166e+04	+0.646
20.800	+2.580e+03	+7.325e+03	+1.099e+04	+0.740
20.900	+2.265e+03	+6.590e+03	+1.006e+04	+0.744
21.000	+3.746e+03	+7.622e+03	+1.087e+04	+0.670
21.100	+3.006e+03	+6.100e+03	+9.601e+03	+0.670
21.200	+4.101e+03	+6.208e+03	+9.836e+03	+0.602
21.300	+3.334e+03	+7.139e+03	+8.908e+03	+0.682
21.400	+3.221e+03	+6.128e+03	+1.165e+04	+0.655
21.500	+3.161e+03	+7.046e+03	+1.109e+04	+0.690
21.600	+2.665e+03	+7.024e+03	+8.651e+03	+0.725
21.700	+1.824e+03	+5.817e+03	+9.670e+03	+0.761
21.800	+3.080e+03	+7.357e+03	+9.189e+03	+0.705
21.900	+4.152e+03	+6.748e+03	+1.147e+04	+0.619
22.000	+1.634e+03	+7.217e+03	+1.078e+04	+0.815
22.100	+3.622e+03	+6.552e+03	+1.070e+04	+0.644
22.200	+3.830e+03	+6.956e+03	+8.982e+03	+0.645
22.300	+2.125e+03	+7.680e+03	+9.798e+03	+0.783
22.400	+2.433e+03	+6.756e+03	+1.031e+04	+0.735
22.500	+2.334e+03	+7.906e+03	+1.062e+04	+0.772
22.600	+2.666e+03	+6.994e+03	+9.775e+03	+0.724
22.700	+2.997e+03	+7.038e+03	+8.670e+03	+0.701
22.800	+3.208e+03	+7.901e+03	+9.572e+03	+0.711
22.900	+3.895e+03	+7.667e+03	+9.468e+03	+0.663
23.000	+2.408e+03	+8.027e+03	+1.058e+04	+0.769
23.100	+3.856e+03	+7.515e+03	+9.839e+03	+0.661
23.200	+2.191e+03	+6.574e+03	+1.073e+04	+0.750
23.300	+4.062e+03	+6.952e+03	+8.677e+03	+0.631
23.400	+3.456e+03	+6.508e+03	+9.634e+03	+0.653
23.500	+3.022e+03	+6.258e+03	+9.069e+03	+0.674
23.600	+3.849e+03	+7.036e+03	+8.715e+03	+0.646
23.700	+2.212e+03	+6.227e+03	+9.564e+03	+0.738
23.800	+3.690e+03	+7.285e+03	+9.808e+03	+0.664
23.900	+2.712e+03	+7.391e+03	+9.664e+03	+0.732
24.000	+4.117e+03	+6.478e+03	+1.205e+04	+0.611
24.100	+3.081e+03	+7.225e+03	+1.071e+04	+0.701
24.200	+1.917e+03	+6.685e+03	+9.825e+03	+0.777
24.300	+3.940e+03	+7.897e+03	+1.069e+04	+0.667
24.400	+1.897e+03	+7.643e+03	+1.008e+04	+0.801
24.500	+2.300e+03	+7.458e+03	+9.448e+03	+0.764
24.600	+3.085e+03	+7.100e+03	+9.732e+03	+0.697
24.700	+5.037e+03	+5.465e+03	+1.046e+04	+0.520
24.800	+1.414e+03	+6.641e+03	+1.119e+04	+0.824
24.900	+1.663e+03	+5.968e+03	+9.119e+03	+0.782
25.000	+2.813e+03	+6.581e+03	+8.715e+03	+0.701
25.100	+1.870e+03	+6.627e+03	+9.262e+03	+0.780
25.200	+2.582e+03	+6.692e+03	+1.121e+04	+0.722
25.300	+2.040e+03	+6.661e+03	+9.743e+03	+0.766
25.400	+3.116e+03	+7.388e+03	+9.155e+03	+0.703
25.500	+3.925e+03	+6.076e+03	+1.119e+04	+0.608
25.600	+7.445e+03	+3.799e+03	+1.003e+04	+0.338
25.700	+8.334e+03	+2.552e+03	+9.843e+03	+0.234
25.800	+5.780e+03	+3.027e+03	+9.790e+03	+0.344
25.900	+7.333e+03	+3.596e+03	+9.843e+03	+0.329
26.000	+7.151e+03	+2.802e+03	+1.018e+04	+0.282
26.100	+7.692e+03	+2.266e+03	+9.383e+03	+0.228
26.200	+6.483e+03	+2.894e+03	+9.668e+03	+0.309
26.300	+7.518e+03	+2.103e+03	+9.281e+03	+0.219
26.400	+6.215e+03	+3.915e+03	+1.099e+04	+0.386
26.500	+6.530e+03	+4.790e+03	+6.767e+03	+0.423
26.600	+7.380e+03	+3.396e+03	+9.781e+03	+0.315
26.700	+7.733e+03	+3.773e+03	+1.063e+04	+0.328
26.800	+7.482e+03	+3.248e+03	+9.642e+03	+0.303
26.900	+7.365e+03	+4.053e+03	+8.973e+03	+0.355
27.000	+6.432e+03	+3.765e+03	+1.143e+04	+0.369
27.100	+7.689e+03	+9.717e+02	+7.329e+03	+0.112
27.200	+7.383e+03	+3.070e+03	+8.813e+03	+0.294
27.300	+7.654e+03	+1.635e+03	+9.602e+03	+0.176
27.400	+8.315e+03	+4.249e+03	+1.029e+04	+0.338
27.500	+6.149e+03	+2.903e+03	+1.098e+04	+0.321
27.600	+6.952e+03	+3.314e+03	+9.501e+03	+0.323
27.700	+6.044e+03	+3.227e+03	+9.403e+03	+0.348
27.800	+7.494e+03	+3.065e+03	+8.505e+03	+0.290
27.900	+6.719e+03	+4.579e+03	+1.026e+04	+0.405
28.000	+8.407e+03	+3.445e+03	+9.068e+03	+0.291
28.100	+6.593e+03	+2.907e+03	+1.083e+04	+0.306
28.200	+7.626e+03	+2.807e+03	+1.022e+04	+0.269
28.300	+6.183e+03	+4.612e+03	+1.006e+04	+0.427
28.400	+8.038e+03	+3.922e+03	+1.064e+04	+0.328
28.500	+4.026e+03	+6.397e+03	+1.003e+04	+0.614
28.600	+3.395e+03	+5.598e+03	+9.868e+03	+0.622
28.700	+3.141e+03	+7.331e+03	+1.026e+04	+0.700
28.800	+3.875e+03	+7.044e+03	+9.639e+03	+0.645
28.900	+4.641e+03	+6.965e+03	+8.250e+03	+0.600
29.000	+3.790e+03	+7.442e+03	+9.288e+03	+0.663
29.100	+4.745e+03	+7.908e+03	+9.479e+03	+0.625
29.200	+3.179e+03	+7.400e+03	+9.990e+03	+0.699
29.300	+2.701e+03	+5.448e+03	+1.010e+04	+0.669
29.400	+3.482e+03	+7.850e+03	+1.182e+04	+0.693
29.500	+1.823e+03	+7.337e+03	+1.027e+04	+0.801
29.600	+3.458e+03	+7.073e+03	+1.049e+04	+0.672
29.700	+3.523e+03	+6.392e+03	+9.173e+03	+0.645
29.800	+2.661e+03	+7.977e+03	+1.152e+04	+0.750
29.900	+4.282e+03	+7.751e+03	+1.079e+04	+0.644
30.000	+2.907e+03	+6.532e+03	+1.091e+04	+0.692
30.100	+2.202e+03	+7.652e+03	+9.989e+03	+0.777
30.200	+3.192e+03	+6.286e+03	+8.780e+03	+0.663
30.300	+3.120e+03	+7.488e+03	+1.142e+04	+0.706
30.400	+3.597e+03	+5.356e+03	+1.035e+04	+0.598
30.500	+3.190e+03	+6.652e+03	+9.993e+03	+0.676
30.600	+3.537e+03	+7.759e+03	+1.020e+04	+0.687
30.700	+3.924e+03	+6.666e+03	+9.281e+03	+0.629
30.800	+2.467e+03	+7.567e+03	+1.015e+04	+0.754
30.900	+5.752e+03	+3.946e+03	+9.392e+03	+0.407
31.000	+3.675e+03	+6.217e+03	+9.544e+03	+0.628
31.100	+3.141e+03	+7.400e+03	+1.036e+04	+0.702
31.200	+2.863e+03	+6.749e+03	+1.100e+04	+0.702
31.300	+4.303e+03	+6.008e+03	+1.026e+04	+0.583
31.400	+3.685e+03	+6.866e+03	+1.050e+04	+0.651
31.500	+2.468e+03	+8.123e+03	+9.172e+03	+0.767
31.600	+2.816e+03	+6.943e+03	+1.111e+04	+0.711
31.700	+2.704e+03	+7.140e+03	+9.975e+03	+0.725
31.800	+2.446e+03	+6.395e+03	+9.922e+03	+0.723
31.900	+5.026e+03	+7.651e+03	+1.001e+04	+0.604
32.000	+2.941e+03	+6.415e+03	+1.019e+04	+0.686
32.100	+6.258e+03	+4.706e+03	+1.041e+04	+0.429
32.200	+7.159e+03	+4.020e+03	+1.084e+04	+0.360
32.300	+7.658e+03	+3.083e+03	+1.016e+04	+0.287
32.400	+5.414e+03	+4.528e+03	+9.589e+03	+0.455
32.500	+2.101e+03	+6.902e+03	+1.210e+04	+0.767
32.600	+3.335e+03	+7.069e+03	+1.031e+04	+0.679
32.700	+2.800e+03	+6.418e+03	+9.874e+03	+0.696
32.800	+3.258e+03	+7.429e+03	+9.752e+03	+0.695
32.900	+2.902e+03	+5.609e+03	+1.086e+04	+0.659
33.000	+3.799e+03	+6.403e+03	+9.715e+03	+0.628
33.100	+5.493e+03	+3.011e+03	+1.001e+04	+0.354
33.200	+6.107e+03	+3.320e+03	+9.906e+03	+0.352
33.300	+6.525e+03	+2.914e+03	+1.116e+04	+0.309
33.400	+6.847e+03	+2.790e+03	+9.147e+03	+0.290
33.500	+3.332e+03	+6.579e+03	+1.014e+04	+0.664
33.600	+2.119e+03	+5.896e+03	+1.005e+04	+0.736
33.700	+3.716e+03	+5.587e+03	+1.018e+04	+0.601
33.800	+2.012e+03	+6.870e+03	+9.359e+03	+0.774
33.900	+4.698e+03	+7.287e+03	+8.582e+03	+0.608
34.000	+4.102e+03	+7.292e+03	+9.315e+03	+0.640
34.100	+7.272e+03	+3.716e+03	+9.496e+03	+0.338
34.200	+7.288e+03	+2.922e+03	+1.022e+04	+0.286
34.300	+7.699e+03	+3.682e+03	+8.784e+03	+0.323
34.400	+6.721e+03	+1.725e+03	+9.752e+03	+0.204
34.500	+7.085e+03	+3.218e+03	+1.018e+04	+0.312
34.600	+6.390e+03	+1.029e+03	+9.766e+03	+0.139
34.700	+6.333e+03	+3.068e+03	+9.109e+03	+0.326
34.800	+6.436e+03	+3.367e+03	+9.949e+03	+0.343
34.900	+4.098e+03	+5.848e+03	+9.026e+03	+0.588
35.000	+2.888e+03	+7.630e+03	+1.100e+04	+0.725
35.100	+3.757e+03	+7.122e+03	+1.006e+04	+0.655
35.200	+2.363e+03	+6.779e+03	+9.393e+03	+0.741
35.300	+1.953e+03	+7.534e+03	+1.019e+04	+0.794
35.400	+3.350e+03	+6.766e+03	+1.089e+04	+0.669
35.500	+3.416e+03	+7.219e+03	+1.066e+04	+0.679
35.600	+3.266e+03	+7.569e+03	+1.088e+04	+0.699
35.700	+1.594e+03	+7.693e+03	+1.021e+04	+0.828
35.800	+4.082e+03	+6.132e+03	+9.974e+03	+0.600
35.900	+2.502e+03	+7.646e+03	+1.048e+04	+0.753
36.000	+2.036e+03	+7.731e+03	+1.104e+04	+0.792
36.100	+9.615e+02	+6.568e+03	+1.082e+04	+0.872
36.200	+4.061e+03	+5.780e+03	+1.140e+04	+0.587
36.300	+2.060e+03	+7.590e+03	+1.081e+04	+0.786
36.400	+3.653e+03	+5.998e+03	+1.006e+04	+0.622
36.500	+3.200e+03	+7.576e+03	+1.097e+04	+0.703
36.600	+2.936e+03	+7.667e+03	+1.095e+04	+0.723
36.700	+3.504e+03	+6.647e+03	+8.620e+03	+0.655
36.800	+3.712e+03	+6.856e+03	+8.816e+03	+0.649
36.900	+4.341e+03	+7.092e+03	+1.038e+04	+0.620
37.000	+2.596e+03	+7.701e+03	+8.884e+03	+0.748
37.100	+2.782e+03	+6.392e+03	+1.084e+04	+0.697
37.200	+3.302e+03	+6.760e+03	+9.144e+03	+0.672
37.300	+2.404e+03	+6.186e+03	+9.204e+03	+0.720
37.400	+2.883e+03	+7.253e+03	+1.016e+04	+0.716
37.500	+2.740e+03	+5.444e+03	+8.844e+03	+0.665
37.600	+1.954e+03	+7.290e+03	+1.130e+04	+0.789
37.700	+2.121e+03	+7.725e+03	+1.032e+04	+0.785
37.800	+1.728e+03	+6.278e+03	+9.883e+03	+0.784
37.900	+2.602e+03	+7.066e+03	+1.021e+04	+0.731
38.000	+4.049e+03	+7.227e+03	+1.091e+04	+0.641
38.100	+1.726e+03	+7.964e+03	+1.008e+04	+0.822
38.200	+2.916e+03	+8.016e+03	+1.019e+04	+0.733
38.300	+3.271e+03	+6.855e+03	+9.630e+03	+0.677
38.400	+3.789e+03	+6.082e+03	+8.660e+03	+0.616
38.500	+2.701e+03	+7.968e+03	+1.016e+04	+0.747
38.600	+2.076e+03	+7.327e+03	+9.937e+03	+0.779
38.700	+2.653e+03	+7.850e+03	+1.010e+04	+0.747
38.800	+3.428e+03	+7.935e+03	+1.007e+04	+0.698
38.900	+2.923e+03	+6.070e+03	+1.048e+04	+0.675
39.000	+2.676e+03	+7.467e+03	+9.593e+03	+0.736
39.100	+3.080e+03	+6.519e+03	+1.017e+04	+0.679
39.200	+8.112e+03	+3.026e+03	+1.007e+04	+0.272
39.300	+3.250e+03	+5.232e+03	+1.057e+04	+0.617
39.400	+3.365e+03	+5.540e+03	+1.115e+04	+0.622
39.500	+2.283e+03	+6.439e+03	+1.156e+04	+0.738
39.600	+2.194e+03	+6.237e+03	+9.728e+03	+0.740
39.700	+3.696e+03	+6.803e+03	+9.214e+03	+0.648
39.800	+2.260e+03	+7.921e+03	+9.346e+03	+0.778
39.900	+4.735e+03	+6.309e+03	+1.023e+04	+0.571
40.000	+2.992e+03	+6.344e+03	+1.182e+04	+0.679
40.100	+4.081e+03	+6.029e+03	+1.058e+04	+0.596
40.200	+3.411e+03	+7.132e+03	+9.777e+03	+0.676
40.300	+2.951e+03	+7.411e+03	+9.646e+03	+0.715
40.400	+3.060e+03	+6.192e+03	+1.014e+04	+0.669
40.500	+2.213e+03	+5.591e+03	+1.118e+04	+0.716
40.600	+2.990e+03	+5.947e+03	+9.891e+03	+0.665
40.700	+3.580e+03	+7.248e+03	+9.567e+03	+0.669
40.800	+2.685e+03	+6.302e+03	+1.018e+04	+0.701
40.900	+3.858e+03	+6.918e+03	+9.592e+03	+0.642
41.000	+2.892e+03	+6.738e+03	+9.706e+03	+0.700
41.100	+2.486e+03	+6.644e+03	+1.023e+04	+0.728
41.200	+4.005e+03	+6.233e+03	+9.911e+03	+0.609
41.300	+2.177e+03	+6.117e+03	+9.265e+03	+0.738
41.400	+2.324e+03	+5.884e+03	+9.830e+03	+0.717
41.500	+5.089e+03	+5.889e+03	+9.997e+03	+0.536
41.600	+6.099e+03	+3.393e+03	+1.094e+04	+0.357
41.700	+2.884e+03	+8.111e+03	+9.524e+03	+0.738
41.800	+3.137e+03	+6.479e+03	+1.134e+04	+0.674
41.900	+2.473e+03	+6.963e+03	+1.011e+04	+0.738
42.000	+1.547e+03	+6.369e+03	+9.713e+03	+0.805
42.100	+2.153e+03	+9.466e+03	+9.893e+03	+0.815
42.200	+2.502e+03	+8.542e+03	+1.056e+04	+0.773
42.300	+3.310e+03	+6.476e+03	+1.116e+04	+0.662
42.400	+3.818e+03	+8.544e+03	+9.713e+03	+0.691
42.500	+3.025e+03	+6.773e+03	+1.008e+04	+0.691
42.600	+2.510e+03	+5.505e+03	+9.685e+03	+0.687
42.700	+3.424e+03	+7.816e+03	+1.014e+04	+0.695
42.800	+7.032e+03	+1.237e+03	+9.416e+03	+0.150
42.900	+7.279e+03	+2.306e+03	+9.764e+03	+0.241
43.000	+6.372e+03	+3.411e+03	+1.008e+04	+0.349
43.100	+8.058e+03	+2.863e+03	+1.024e+04	+0.262
43.200	+7.171e+03	+2.604e+03	+9.793e+03	+0.266
43.300	+7.338e+03	+1.877e+03	+9.905e+03	+0.204
43.400	+8.388e+03	+3.658e+03	+9.902e+03	+0.304
43.500	+8.156e+03	+3.658e+03	+9.203e+03	+0.310
43.600	+7.562e+03	+3.207e+03	+9.481e+03	+0.298
43.700	+7.084e+03	+3.569e+03	+9.717e+03	+0.335
43.800	+5.900e+03	+2.792e+03	+9.884e+03	+0.321
43.900	+6.592e+03	+2.825e+03	+1.040e+04	+0.300
44.000	+7.149e+03	+4.844e+03	+1.098e+04	+0.404
44.100	+6.297e+03	+2.484e+03	+9.262e+03	+0.283
44.200	+6.216e+03	+4.146e+03	+1.028e+04	+0.400
44.300	+7.428e+03	+2.990e+03	+1.083e+04	+0.287
44.400	+5.771e+03	+2.770e+03	+9.607e+03	+0.324
44.500	+6.040e+03	+2.657e+03	+1.045e+04	+0.306
44.600	+7.587e+03	+2.570e+03	+9.766e+03	+0.253
44.700	+7.080e+03	+4.208e+03	+1.088e+04	+0.373
44.800	+7.066e+03	+1.086e+03	+1.145e+04	+0.133
44.900	+5.170e+03	+6.546e+03	+9.733e+03	+0.559
45.000	+3.259e+03	+8.012e+03	+1.012e+04	+0.711
45.100	+4.332e+03	+6.921e+03	+1.030e+04	+0.615
45.200	+1.571e+03	+5.937e+03	+1.017e+04	+0.791
45.300	+2.520e+03	+7.141e+03	+9.584e+03	+0.739
45.400	+3.358e+03	+6.782e+03	+1.077e+04	+0.669
45.500	+3.871e+03	+5.281e+03	+1.011e+04	+0.577
45.600	+7.393e+03	+2.516e+03	+1.018e+04	+0.254
45.700	+6.114e+03	+4.357e+03	+9.497e+03	+0.416
45.800	+8.008e+03	+4.264e+03	+9.564e+03	+0.347
45.900	+6.233e+03	+2.377e+03	+1.033e+04	+0.276
46.000	+4.017e+03	+5.774e+03	+1.022e+04	+0.590
46.100	+2.445e+03	+7.269e+03	+9.204e+03	+0.748
46.200	+3.755e+03	+5.977e+03	+1.103e+04	+0.614
46.300	+3.827e+03	+7.075e+03	+1.184e+04	+0.649
46.400	+3.176e+03	+6.650e+03	+9.926e+03	+0.677
46.500	+2.057e+03	+7.395e+03	+1.067e+04	+0.782
46.600	+3.680e+03	+6.643e+03	+1.001e+04	+0.644
46.700	+2.388e+03	+6.616e+03	+8.883e+03	+0.735
46.800	+2.790e+03	+6.654e+03	+9.558e+03	+0.705
46.900	+2.173e+03	+6.823e+03	+9.694e+03	+0.758
47.000	+4.882e+03	+5.340e+03	+9.882e+03	+0.522
47.100	+1.602e+03	+7.601e+03	+1.015e+04	+0.826
47.200	+2.241e+03	+6.864e+03	+9.379e+03	+0.754
47.300	+3.585e+03	+5.906e+03	+9.883e+03	+0.622
47.400	+3.241e+03	+7.465e+03	+9.851e+03	+0.697
47.500	+1.883e+03	+6.014e+03	+9.582e+03	+0.762
47.600	+3.255e+03	+5.066e+03	+1.037e+04	+0.609
47.700	+1.940e+03	+6.233e+03	+1.014e+04	+0.763
47.800	+4.431e+03	+4.772e+03	+9.572e+03	+0.519
47.900	+7.366e+03	+3.074e+03	+1.050e+04	+0.294
48.000	+6.680e+03	+3.521e+03	+7.987e+03	+0.345
48.100	+6.795e+03	+2.824e+03	+1.156e+04	+0.294
48.200	+6.947e+03	+2.830e+03	+1.014e+04	+0.289
48.300	+6.595e+03	+2.243e+03	+1.085e+04	+0.254
48.400	+4.956e+03	+5.720e+03	+9.663e+03	+0.536
48.500	+2.398e+03	+7.063e+03	+9.674e+03	+0.747
48.600	+2.791e+03	+6.960e+03	+9.499e+03	+0.714
48.700	+3.128e+03	+6.047e+03	+9.907e+03	+0.659
48.800	+4.165e+03	+5.800e+03	+1.034e+04	+0.582
48.900	+2.127e+03	+7.824e+03	+1.091e+04	+0.786
49.000	+3.520e+03	+8.687e+03	+1.068e+04	+0.712
49.100	+2.216e+03	+6.707e+03	+1.045e+04	+0.752
49.200	+6.795e+03	+3.867e+03	+8.278e+03	+0.363
49.300	+8.000e+03	+3.250e+03	+8.359e+03	+0.289
49.400	+7.016e+03	+2.789e+03	+1.120e+04	+0.284
49.500	+8.055e+03	+2.653e+03	+1.069e+04	+0.248
49.600	+6.927e+03	+3.394e+03	+9.510e+03	+0.329
49.700	+7.472e+03	+2.912e+03	+1.024e+04	+0.280
49.800	+8.220e+03	+2.367e+03	+8.113e+03	+0.224
49.900	+8.005e+03	+3.198e+03	+8.881e+03	+0.285
50.000	+5.895e+03	+3.571e+03	+1.005e+04	+0.377
50.100	+7.324e+03	+1.756e+03	+1.146e+04	+0.193
50.200	+7.187e+03	+3.913e+03	+8.722e+03	+0.352
50.300	+7.393e+03	+4.360e+03	+1.019e+04	+0.371
50.400	+6.142e+03	+3.769e+03	+8.775e+03	+0.380
50.500	+6.175e+03	+3.493e+03	+9.415e+03	+0.361
50.600	+6.921e+03	+3.849e+03	+1.007e+04	+0.357
50.700	+3.405e+03	+6.443e+03	+1.092e+04	+0.654
50.800	+4.029e+03	+6.785e+03	+1.098e+04	+0.627
50.900	+6.275e+03	+1.596e+03	+1.101e+04	+0.203
51.000	+4.443e+03	+6.908e+03	+9.518e+03	+0.609
51.100	+4.797e+03	+6.832e+03	+1.065e+04	+0.588
