%t (s)	Idd (a.u.)	Ida (a.u.)	Iaa (a.u.)	FRET E
0.000	+2.406e+03	+6.036e+03	+1.094e+04	+0.715
0.100	+2.918e+03	+7.523e+03	+1.186e+04	+0.721
0.200	+3.320e+03	+8.671e+03	+9.818e+03	+0.723
0.300	+1.536e+03	+7.659e+03	+9.493e+03	+0.833
0.400	+4.396e+03	+6.047e+03	+9.922e+03	+0.579
0.500	+2.960e+03	+7.437e+03	+1.091e+04	+0.715
0.600	+2.754e+03	+5.500e+03	+1.112e+04	+0.666
0.700	+4.511e+03	+6.299e+03	+1.006e+04	+0.583
0.800	+8.301e+03	+3.349e+03	+8.925e+03	+0.287
0.900	+5.986e+03	+1.439e+03	+8.487e+03	+0.194
1.000	+7.040e+03	+2.169e+03	+1.032e+04	+0.236
1.100	+6.653e+03	+3.197e+03	+1.027e+04	+0.325
1.200	+7.032e+03	+2.836e+03	+1.003e+04	+0.287
1.300	+6.095e+03	+4.572e+03	+1.128e+04	+0.429
1.400	+3.344e+03	+7.345e+03	+8.684e+03	+0.687
1.500	+3.417e+03	+5.345e+03	+9.887e+03	+0.610
1.600	+2.197e+03	+7.519e+03	+9.347e+03	+0.774
1.700	+2.093e+03	+6.691e+03	+8.856e+03	+0.762
1.800	+3.243e+03	+6.333e+03	+9.528e+03	+0.661
1.900	+1.112e+03	+5.989e+03	+9.191e+03	+0.843
2.000	+5.515e+03	+3.516e+03	+9.449e+03	+0.389
2.100	+7.287e+03	+1.829e+03	+1.042e+04	+0.201
2.200	+6.292e+03	+3.260e+03	+9.432e+03	+0.341
2.300	+8.507e+03	+2.943e+03	+9.833e+03	+0.257
2.400	+8.135e+03	+2.392e+03	+1.070e+04	+0.227
2.500	+4.557e+03	+3.278e+03	+9.094e+03	+0.418
2.600	+7.739e+03	+3.245e+03	+1.024e+04	+0.295
2.700	+7.751e+03	+3.156e+03	+9.714e+03	+0.289
2.800	+7.432e+03	+1.222e+03	+1.101e+04	+0.141
2.900	+7.733e+03	+4.006e+03	+9.766e+03	+0.341
3.000	+7.815e+03	+1.410e+03	+1.056e+04	+0.153
3.100	+7.204e+03	+2.369e+03	+1.086e+04	+0.247
3.200	+5.950e+03	+4.874e+03	+9.141e+03	+0.450
3.300	+6.780e+03	+3.194e+03	+9.249e+03	+0.320
3.400	+7.091e+03	+2.680e+03	+1.070e+04	+0.274
3.500	+7.907e+03	+3.384e+03	+1.093e+04	+0.300
3.600	+4.911e+03	+2.107e+03	+9.453e+03	+0.300
3.700	+6.448e+03	+4.291e+03	+1.018e+04	+0.400
3.800	+7.854e+03	+1.577e+03	+1.002e+04	+0.167
3.900	+6.363e+03	+2.864e+03	+9.568e+03	+0.310
4.000	+5.447e+03	+3.532e+03	+8.740e+03	+0.393
4.100	+7.321e+03	+2.930e+03	+1.025e+04	+0.286
4.200	+5.342e+03	+3.241e+03	+1.097e+04	+0.378
4.300	+3.030e+03	+7.558e+03	+1.116e+04	+0.714
4.400	+2.728e+03	+8.585e+03	+1.061e+04	+0.759
4.500	+3.785e+03	+7.387e+03	+9.544e+03	+0.661
4.600	+7.514e+03	+3.939e+03	+8.563e+03	+0.344
4.700	+2.392e+03	+6.495e+03	+9.235e+03	+0.731
4.800	+2.205e+03	+7.017e+03	+1.012e+04	+0.761
4.900	+3.542e+03	+7.993e+03	+9.522e+03	+0.693
5.000	+2.451e+03	+6.163e+03	+9.015e+03	+0.715
5.100	+2.129e+03	+6.815e+03	+9.133e+03	+0.762
5.200	+4.688e+03	+6.930e+03	+1.065e+04	+0.596
5.300	+3.179e+03	+6.037e+03	+9.744e+03	+0.655
5.400	+2.935e+03	+8.631e+03	+1.084e+04	+0.746
5.500	+1.786e+03	+7.622e+03	+1.006e+04	+0.810
5.600	+2.923e+03	+6.319e+03	+1.077e+04	+0.684
5.700	+3.074e+03	+5.783e+03	+9.187e+03	+0.653
5.800	+3.480e+03	+7.453e+03	+9.961e+03	+0.682
5.900	+1.724e+03	+6.686e+03	+9.000e+03	+0.795
6.000	+3.656e+03	+7.249e+03	+8.563e+03	+0.665
6.100	+6.307e+03	+3.119e+03	+9.211e+03	+0.331
6.200	+8.193e+03	+5.447e+03	+1.047e+04	+0.399
6.300	+6.326e+03	+2.483e+03	+9.511e+03	+0.282
6.400	+6.742e+03	+1.639e+03	+1.030e+04	+0.196
6.500	+3.182e+03	+6.029e+03	+9.750e+03	+0.655
6.600	+3.596e+03	+6.464e+03	+9.019e+03	+0.643
6.700	+3.440e+03	+6.719e+03	+9.540e+03	+0.661
6.800	+3.068e+03	+7.274e+03	+9.092e+03	+0.703
6.900	+2.180e+03	+7.044e+03	+8.935e+03	+0.764
7.000	+1.659e+03	+5.677e+03	+8.590e+03	+0.774
7.100	+2.527e+03	+6.835e+03	+9.770e+03	+0.730
7.200	+1.863e+03	+7.908e+03	+1.025e+04	+0.809
7.300	+2.741e+03	+6.748e+03	+1.031e+04	+0.711
7.400	+2.183e+03	+7.433e+03	+1.030e+04	+0.773
7.500	+3.182e+03	+7.485e+03	+9.028e+03	+0.702
7.600	+4.385e+03	+5.240e+03	+1.070e+04	+0.544
7.700	+6.724e+03	+2.421e+03	+1.061e+04	+0.265
7.800	+7.343e+03	+2.658e+03	+1.131e+04	+0.266
7.900	+7.008e+03	+2.757e+03	+9.121e+03	+0.282
8.000	+3.376e+03	+6.754e+03	+9.007e+03	+0.667
8.100	+2.684e+03	+6.585e+03	+8.930e+03	+0.710
8.200	+3.210e+03	+8.343e+03	+9.709e+03	+0.722
8.300	+3.463e+03	+7.954e+03	+1.096e+04	+0.697
8.400	+2.140e+03	+7.116e+03	+1.056e+04	+0.769
8.500	+4.090e+03	+7.410e+03	+9.458e+03	+0.644
8.600	+1.003e+03	+6.780e+03	+9.761e+03	+0.871
8.700	+4.501e+03	+6.868e+03	+9.708e+03	+0.604
8.800	+3.423e+03	+5.457e+03	+9.347e+03	+0.615
8.900	+3.041e+03	+7.826e+03	+1.037e+04	+0.720
9.000	+3.726e+03	+7.152e+03	+1.019e+04	+0.657
9.100	+4.931e+03	+6.572e+03	+1.079e+04	+0.571
9.200	+2.947e+03	+7.597e+03	+1.236e+04	+0.720
9.300	+3.573e+03	+6.651e+03	+9.780e+03	+0.651
9.400	+3.605e+03	+7.019e+03	+1.122e+04	+0.661
9.500	+4.179e+03	+7.133e+03	+1.034e+04	+0.631
9.600	+2.001e+03	+6.971e+03	+1.109e+04	+0.777
9.700	+3.504e+03	+7.531e+03	+1.076e+04	+0.682
9.800	+2.457e+03	+7.925e+03	+1.071e+04	+0.763
9.900	+2.603e+03	+6.655e+03	+1.051e+04	+0.719
10.000	+4.940e+03	+6.772e+03	+1.035e+04	+0.578
10.100	+4.101e+03	+7.402e+03	+1.020e+04	+0.643
10.200	+2.400e+03	+5.683e+03	+9.116e+03	+0.703
10.300	+4.552e+03	+6.709e+03	+9.234e+03	+0.596
10.400	+2.676e+03	+5.669e+03	+9.476e+03	+0.679
10.500	+1.153e+03	+7.180e+03	+9.701e+03	+0.862
10.600	+2.998e+03	+6.516e+03	+1.084e+04	+0.685
10.700	+2.525e+03	+6.532e+03	+1.066e+04	+0.721
10.800	+3.515e+03	+6.193e+03	+1.032e+04	+0.638
10.900	+3.128e+03	+7.096e+03	+8.793e+03	+0.694
11.000	+3.200e+03	+5.434e+03	+9.497e+03	+0.629
11.100	+1.935e+03	+6.305e+03	+9.418e+03	+0.765
11.200	+2.416e+03	+7.253e+03	+9.555e+03	+0.750
11.300	+3.414e+03	+7.179e+03	+8.403e+03	+0.678
11.400	+3.261e+03	+7.701e+03	+1.034e+04	+0.703
11.500	+4.074e+03	+8.007e+03	+8.696e+03	+0.663
11.600	+3.161e+03	+6.661e+03	+9.356e+03	+0.678
11.700	+4.557e+03	+7.395e+03	+9.720e+03	+0.619
11.800	+2.720e+03	+8.931e+03	+9.673e+03	+0.767
11.900	+1.219e+03	+7.074e+03	+9.402e+03	+0.853
12.000	+3.239e+03	+6.899e+03	+9.544e+03	+0.681
12.100	+3.330e+03	+6.648e+03	+9.360e+03	+0.666
12.200	+2.931e+03	+6.910e+03	+1.019e+04	+0.702
12.300	+2.870e+03	+5.461e+03	+1.030e+04	+0.656
12.400	+3.762e+03	+7.014e+03	+1.054e+04	+0.651
12.500	+3.070e+03	+7.655e+03	+8.064e+03	+0.714
12.600	+4.855e+03	+8.308e+03	+9.479e+03	+0.631
12.700	+4.482e+03	+6.957e+03	+1.007e+04	+0.608
12.800	+2.348e+03	+6.278e+03	+9.390e+03	+0.728
12.900	+2.835e+03	+7.521e+03	+1.093e+04	+0.726
13.000	+2.610e+03	+6.539e+03	+1.029e+04	+0.715
13.100	+1.253e+03	+7.558e+03	+1.177e+04	+0.858
13.200	+2.083e+03	+5.161e+03	+1.029e+04	+0.712
13.300	+4.067e+03	+7.334e+03	+8.920e+03	+0.643
13.400	+4.118e+03	+7.500e+03	+1.042e+04	+0.646
13.500	+1.958e+03	+7.993e+03	+1.062e+04	+0.803
13.600	+2.453e+03	+7.136e+03	+1.059e+04	+0.744
13.700	+2.765e+03	+4.908e+03	+1.039e+04	+0.640
13.800	+3.104e+03	+7.667e+03	+9.987e+03	+0.712
13.900	+2.040e+03	+6.543e+03	+9.402e+03	+0.762
14.000	+1.964e+03	+6.210e+03	+9.988e+03	+0.760
14.100	+3.039e+03	+7.857e+03	+9.659e+03	+0.721
14.200	+3.799e+03	+8.035e+03	+8.938e+03	+0.679
14.300	+3.992e+03	+5.965e+03	+1.060e+04	+0.599
14.400	+1.523e+03	+6.650e+03	+1.143e+04	+0.814
14.500	+1.885e+03	+6.193e+03	+9.475e+03	+0.767
14.600	+2.868e+03	+8.612e+03	+9.890e+03	+0.750
14.700	+2.629e+03	+6.626e+03	+1.059e+04	+0.716
14.800	+3.777e+03	+6.772e+03	+1.021e+04	+0.642
14.900	+2.359e+03	+7.517e+03	+1.021e+04	+0.761
15.000	+3.060e+03	+5.437e+03	+1.060e+04	+0.640
15.100	+2.864e+03	+5.962e+03	+9.356e+03	+0.675
15.200	+3.058e+03	+7.214e+03	+1.029e+04	+0.702
15.300	+3.987e+03	+7.964e+03	+9.804e+03	+0.666
15.400	+3.994e+03	+7.360e+03	+9.002e+03	+0.648
15.500	+3.189e+03	+6.726e+03	+1.080e+04	+0.678
15.600	+1.550e+03	+6.824e+03	+1.110e+04	+0.815
15.700	+2.885e+03	+6.381e+03	+1.132e+04	+0.689
15.800	+3.968e+03	+6.932e+03	+9.397e+03	+0.636
15.900	+3.446e+03	+5.868e+03	+8.949e+03	+0.630
16.000	+3.762e+03	+5.951e+03	+1.023e+04	+0.613
16.100	+3.093e+03	+6.221e+03	+1.028e+04	+0.668
16.200	+3.469e+03	+5.328e+03	+9.501e+03	+0.606
16.300	+3.442e+03	+6.979e+03	+1.153e+04	+0.670
16.400	+2.254e+03	+7.400e+03	+1.055e+04	+0.767
16.500	+3.311e+03	+7.819e+03	+1.047e+04	+0.703
16.600	+3.899e+03	+6.823e+03	+9.546e+03	+0.636
16.700	+7.330e+03	+1.828e+03	+9.761e+03	+0.200
16.800	+8.489e+03	+2.146e+03	+1.051e+04	+0.202
16.900	+5.915e+03	+3.727e+03	+9.486e+03	+0.387
17.000	+7.995e+03	+3.629e+03	+1.127e+04	+0.312
17.100	+7.266e+03	+4.205e+03	+9.718e+03	+0.367
17.200	+4.608e+03	+4.761e+03	+1.049e+04	+0.508
17.300	+2.980e+03	+6.922e+03	+1.040e+04	+0.699
17.400	+3.064e+03	+6.645e+03	+1.028e+04	+0.684
17.500	+2.062e+03	+5.237e+03	+1.029e+04	+0.718
17.600	+2.777e+03	+7.424e+03	+1.059e+04	+0.728
17.700	+2.381e+03	+6.212e+03	+9.564e+03	+0.723
17.800	+2.831e+03	+6.695e+03	+1.076e+04	+0.703
17.900	+3.581e+03	+6.540e+03	+9.568e+03	+0.646
18.000	+3.408e+03	+6.562e+03	+1.026e+04	+0.658
18.100	+6.142e+03	+3.146e+03	+9.659e+03	+0.339
18.200	+6.609e+03	+3.549e+03	+9.611e+03	+0.349
18.300	+6.367e+03	+3.473e+03	+9.756e+03	+0.353
18.400	+7.325e+03	+1.657e+03	+9.375e+03	+0.185
18.500	+7.689e+03	+3.938e+03	+1.119e+04	+0.339
18.600	+6.325e+03	+3.026e+03	+1.108e+04	+0.324
18.700	+7.327e+03	+3.244e+03	+1.041e+04	+0.307
18.800	+6.330e+03	+1.112e+03	+9.521e+03	+0.149
18.900	+5.408e+03	+4.102e+03	+8.710e+03	+0.431
19.000	+6.823e+03	+3.294e+03	+9.760e+03	+0.326
19.100	+8.017e+03	+1.424e+03	+1.039e+04	+0.151
19.200	+7.235e+03	+2.208e+03	+9.909e+03	+0.234
19.300	+6.370e+03	+3.855e+03	+9.123e+03	+0.377
19.400	+5.608e+03	+5.162e+03	+9.797e+03	+0.479
19.500	+2.326e+03	+6.350e+03	+9.675e+03	+0.732
19.600	+1.242e+03	+5.917e+03	+9.398e+03	+0.827
19.700	+2.558e+03	+7.926e+03	+9.731e+03	+0.756
19.800	+2.839e+03	+6.178e+03	+1.037e+04	+0.685
19.900	+2.193e+03	+6.652e+03	+1.110e+04	+0.752
20.000	+6.891e+03	+1.961e+03	+1.036e+04	+0.222
20.100	+7.453e+03	+1.357e+03	+1.011e+04	+0.154
20.200	+8.218e+03	+3.525e+03	+1.004e+04	+0.300
20.300	+5.085e+03	+6.807e+03	+1.012e+04	+0.572
20.400	+1.926e+03	+6.958e+03	+1.011e+04	+0.783
20.500	+3.811e+03	+6.704e+03	+8.914e+03	+0.638
20.600	+2.426e+03	+6.241e+03	+1.001e+04	+0.720
20.700	+4.176e+03	+7.356e+03	+1.114e+04	+0.638
20.800	+3.972e+03	+6.828e+03	+1.063e+04	+0.632
20.900	+2.535e+03	+8.169e+03	+9.359e+03	+0.763
21.000	+2.815e+03	+7.257e+03	+1.057e+04	+0.720
21.100	+4.449e+03	+7.067e+03	+1.040e+04	+0.614
21.200	+3.002e+03	+5.962e+03	+8.701e+03	+0.665
21.300	+3.640e+03	+6.856e+03	+9.368e+03	+0.653
21.400	+4.138e+03	+6.943e+03	+1.156e+04	+0.627
21.500	+2.707e+03	+6.593e+03	+1.048e+04	+0.709
21.600	+3.112e+03	+6.255e+03	+1.134e+04	+0.668
21.700	+3.098e+03	+8.094e+03	+9.487e+03	+0.723
21.800	+3.267e+03	+6.651e+03	+9.731e+03	+0.671
21.900	+4.257e+03	+7.033e+03	+1.019e+04	+0.623
22.000	+3.302e+03	+7.664e+03	+1.025e+04	+0.699
22.100	+3.384e+03	+6.835e+03	+9.619e+03	+0.669
22.200	+2.667e+03	+6.853e+03	+1.139e+04	+0.720
22.300	+2.055e+03	+6.190e+03	+9.978e+03	+0.751
22.400	+3.419e+03	+6.735e+03	+1.020e+04	+0.663
22.500	+3.813e+03	+7.254e+03	+9.843e+03	+0.655
22.600	+2.497e+03	+8.497e+03	+1.021e+04	+0.773
22.700	+2.769e+03	+7.256e+03	+1.003e+04	+0.724
22.800	+2.668e+03	+7.025e+03	+9.994e+03	+0.725
22.900	+3.278e+03	+8.567e+03	+9.750e+03	+0.723
23.000	+4.160e+03	+7.407e+03	+9.400e+03	+0.640
23.100	+2.365e+03	+6.641e+03	+1.173e+04	+0.737
23.200	+2.906e+03	+6.956e+03	+1.058e+04	+0.705
23.300	+6.268e+03	+4.356e+03	+1.015e+04	+0.410
23.400	+7.559e+03	+2.923e+03	+1.036e+04	+0.279
23.500	+6.935e+03	+3.116e+03	+1.029e+04	+0.310
23.600	+6.566e+03	+3.351e+03	+1.223e+04	+0.338
23.700	+6.151e+03	+1.912e+03	+9.690e+03	+0.237
23.800	+5.351e+03	+2.560e+03	+1.078e+04	+0.324
23.900	+6.642e+03	+2.404e+03	+9.094e+03	+0.266
24.000	+7.539e+03	+3.517e+03	+9.554e+03	+0.318
24.100	+6.761e+03	+2.962e+03	+1.060e+04	+0.305
24.200	+7.278e+03	+3.519e+03	+1.010e+04	+0.326
24.300	+4.905e+03	+5.087e+03	+9.083e+03	+0.509
24.400	+2.328e+03	+7.629e+03	+1.097e+04	+0.766
24.500	+3.245e+03	+7.036e+03	+9.162e+03	+0.684
24.600	+3.133e+03	+6.967e+03	+9.514e+03	+0.690
24.700	+3.940e+03	+7.686e+03	+1.079e+04	+0.661
24.800	+3.820e+03	+8.350e+03	+1.087e+04	+0.686
24.900	+2.535e+03	+6.532e+03	+1.080e+04	+0.720
25.000	+2.225e+03	+6.585e+03	+1.041e+04	+0.747
25.100	+2.303e+03	+7.693e+03	+9.716e+03	+0.770
25.200	+7.163e+03	+2.392e+03	+1.002e+04	+0.250
25.300	+9.214e+03	+1.872e+03	+9.862e+03	+0.169
25.400	+5.122e+03	+4.887e+03	+9.461e+03	+0.488
25.500	+3.277e+03	+7.679e+03	+8.226e+03	+0.701
25.600	+2.018e+03	+6.464e+03	+1.032e+04	+0.762
25.700	+3.168e+03	+7.918e+03	+9.541e+03	+0.714
25.800	+4.487e+03	+6.769e+03	+9.792e+03	+0.601
25.900	+3.404e+03	+6.899e+03	+1.095e+04	+0.670
26.000	+1.710e+03	+5.998e+03	+9.334e+03	+0.778
26.100	+2.823e+03	+6.819e+03	+1.094e+04	+0.707
26.200	+2.165e+03	+6.873e+03	+1.061e+04	+0.760
26.300	+3.962e+03	+7.793e+03	+9.700e+03	+0.663
26.400	+2.997e+03	+6.444e+03	+1.056e+04	+0.683
26.500	+2.269e+03	+7.520e+03	+1.051e+04	+0.768
26.600	+3.240e+03	+6.448e+03	+1.122e+04	+0.666
26.700	+3.521e+03	+7.207e+03	+1.048e+04	+0.672
26.800	+3.046e+03	+6.545e+03	+8.253e+03	+0.682
26.900	+1.956e+03	+6.740e+03	+1.062e+04	+0.775
27.000	+2.630e+03	+7.004e+03	+1.150e+04	+0.727
27.100	+2.448e+03	+7.977e+03	+1.006e+04	+0.765
27.200	+3.578e+03	+8.724e+03	+8.739e+03	+0.709
27.300	+3.204e+03	+6.700e+03	+1.068e+04	+0.677
27.400	+4.434e+03	+6.102e+03	+1.092e+04	+0.579
27.500	+2.586e+03	+6.122e+03	+1.027e+04	+0.703
27.600	+2.613e+03	+7.569e+03	+1.094e+04	+0.743
27.700	+4.101e+03	+7.829e+03	+9.968e+03	+0.656
27.800	+1.943e+03	+7.540e+03	+8.838e+03	+0.795
27.900	+2.934e+03	+6.102e+03	+1.072e+04	+0.675
28.000	+3.687e+03	+7.422e+03	+9.917e+03	+0.668
28.100	+1.158e+03	+6.139e+03	+1.061e+04	+0.841
28.200	+2.824e+03	+6.639e+03	+8.661e+03	+0.702
28.300	+3.198e+03	+7.375e+03	+1.158e+04	+0.698
28.400	+1.573e+03	+6.633e+03	+1.018e+04	+0.808
28.500	+1.596e+03	+5.622e+03	+9.008e+03	+0.779
28.600	+2.121e+03	+8.701e+03	+9.794e+03	+0.804
28.700	+2.911e+03	+7.048e+03	+9.469e+03	+0.708
28.800	+3.269e+03	+6.993e+03	+9.843e+03	+0.681
28.900	+5.035e+03	+7.100e+03	+9.092e+03	+0.585
29.000	+3.140e+03	+7.582e+03	+1.142e+04	+0.707
29.100	+1.406e+03	+7.041e+03	+1.069e+04	+0.834
29.200	+3.290e+03	+6.822e+03	+9.659e+03	+0.675
29.300	+1.836e+03	+6.677e+03	+9.674e+03	+0.784
29.400	+6.324e+03	+4.317e+03	+1.046e+04	+0.406
29.500	+7.422e+03	+3.391e+03	+1.025e+04	+0.314
29.600	+7.272e+03	+3.424e+03	+1.108e+04	+0.320
29.700	+8.077e+03	+1.724e+03	+1.014e+04	+0.176
29.800	+7.174e+03	+3.855e+03	+1.031e+04	+0.350
29.900	+7.611e+03	+2.264e+03	+1.027e+04	+0.229
30.000	+7.487e+03	+2.089e+03	+1.005e+04	+0.218
30.100	+7.344e+03	+2.492e+03	+1.028e+04	+0.253
30.200	+8.829e+03	+3.705e+03	+9.872e+03	+0.296
30.300	+7.567e+03	+2.053e+03	+9.981e+03	+0.213
30.400	+6.405e+03	+2.181e+03	+9.584e+03	+0.254
30.500	+5.845e+03	+2.673e+03	+9.805e+03	+0.314
30.600	+5.777e+03	+4.146e+03	+9.693e+03	+0.418
30.700	+5.230e+03	+3.280e+03	+1.097e+04	+0.385
30.800	+6.357e+03	+3.612e+03	+1.001e+04	+0.362
30.900	+6.129e+03	+3.486e+03	+9.249e+03	+0.363
31.000	+6.380e+03	+2.227e+03	+1.002e+04	+0.259
31.100	+6.129e+03	+2.008e+03	+8.843e+03	+0.247
31.200	+6.891e+03	+2.864e+03	+9.855e+03	+0.294
31.300	+7.525e+03	+3.098e+03	+9.717e+03	+0.292
31.400	+8.153e+03	+2.431e+03	+8.812e+03	+0.230
31.500	+6.548e+03	+1.464e+03	+9.489e+03	+0.183
31.600	+6.847e+03	+4.044e+03	+1.042e+04	+0.371
31.700	+7.563e+03	+3.580e+03	+9.102e+03	+0.321
31.800	+6.906e+03	+2.478e+03	+8.506e+03	+0.264
31.900	+6.528e+03	+4.341e+03	+1.050e+04	+0.399
32.000	+6.517e+03	+2.406e+03	+9.520e+03	+0.270
32.100	+7.079e+03	+3.034e+03	+9.198e+03	+0.300
32.200	+5.789e+03	+3.191e+03	+9.684e+03	+0.355
32.300	+8.448e+03	+3.760e+03	+1.014e+04	+0.308
32.400	+5.211e+03	+4.732e+03	+9.758e+03	+0.476
32.500	+2.984e+03	+6.431e+03	+9.081e+03	+0.683
32.600	+4.340e+03	+5.689e+03	+9.021e+03	+0.567
32.700	+6.374e+03	+2.210e+03	+1.071e+04	+0.257
32.800	+7.269e+03	+2.844e+03	+9.097e+03	+0.281
32.900	+6.777e+03	+2.846e+03	+1.047e+04	+0.296
33.000	+7.992e+03	+2.331e+03	+9.630e+03	+0.226
33.100	+7.410e+03	+3.713e+03	+9.848e+03	+0.334
33.200	+6.814e+03	+2.607e+03	+1.041e+04	+0.277
33.300	+7.901e+03	+3.947e+03	+1.016e+04	+0.333
33.400	+5.344e+03	+2.170e+03	+8.813e+03	+0.289
33.500	+8.100e+03	+3.062e+03	+1.048e+04	+0.274
33.600	+7.364e+03	+1.851e+03	+9.065e+03	+0.201
33.700	+6.112e+03	+2.880e+03	+9.125e+03	+0.320
33.800	+7.258e+03	+3.938e+03	+9.987e+03	+0.352
33.900	+7.069e+03	+2.501e+03	+8.657e+03	+0.261
34.000	+7.036e+03	+4.258e+03	+1.015e+04	+0.377
34.100	+5.752e+03	+4.046e+03	+9.690e+03	+0.413
34.200	+7.005e+03	+2.577e+03	+1.119e+04	+0.269
34.300	+6.601e+03	+3.020e+03	+1.092e+04	+0.314
34.400	+7.416e+03	+2.603e+03	+9.759e+03	+0.260
34.500	+5.977e+03	+4.269e+03	+1.008e+04	+0.417
34.600	+6.253e+03	+2.666e+03	+8.556e+03	+0.299
34.700	+6.480e+03	+3.625e+03	+1.004e+04	+0.359
34.800	+7.103e+03	+4.078e+03	+9.940e+03	+0.365
34.900	+5.954e+03	+1.986e+03	+1.047e+04	+0.250
35.000	+6.987e+03	+2.088e+03	+9.641e+03	+0.230
35.100	+8.368e+03	+3.920e+03	+9.769e+03	+0.319
35.200	+6.439e+03	+2.829e+03	+9.478e+03	+0.305
35.300	+5.922e+03	+2.734e+03	+1.042e+04	+0.316
35.400	+7.606e+03	+1.529e+03	+9.861e+03	+0.167
35.500	+7.341e+03	+2.640e+03	+9.475e+03	+0.265
35.600	+7.733e+03	+3.384e+03	+8.857e+03	+0.304
35.700	+5.998e+03	+3.474e+03	+1.013e+04	+0.367
35.800	+6.317e+03	+2.184e+03	+1.038e+04	+0.257
35.900	+6.479e+03	+1.683e+03	+1.158e+04	+0.206
36.000	+6.376e+03	+2.317e+03	+1.044e+04	+0.267
36.100	+7.769e+03	+2.990e+03	+1.001e+04	+0.278
36.200	+8.217e+03	+2.896e+03	+1.040e+04	+0.261
36.300	+7.563e+03	+2.144e+03	+8.991e+03	+0.221
36.400	+6.850e+03	+3.775e+03	+8.851e+03	+0.355
36.500	+7.177e+03	+3.215e+03	+1.000e+04	+0.309
36.600	+4.371e+03	+4.479e+03	+9.764e+03	+0.506
36.700	+3.579e+03	+6.933e+03	+8.737e+03	+0.660
36.800	+3.084e+03	+7.068e+03	+1.024e+04	+0.696
36.900	+2.126e+03	+6.959e+03	+9.471e+03	+0.766
37.000	+4.628e+03	+6.244e+03	+1.048e+04	+0.574
37.100	+6.704e+03	+2.958e+03	+1.092e+04	+0.306
37.200	+7.029e+03	+3.632e+03	+1.042e+04	+0.341
37.300	+3.994e+03	+5.717e+03	+9.312e+03	+0.589
37.400	+3.931e+03	+6.303e+03	+1.118e+04	+0.616
37.500	+2.076e+03	+6.798e+03	+1.152e+04	+0.766
37.600	+3.895e+03	+6.928e+03	+8.946e+03	+0.640
37.700	+3.826e+03	+6.188e+03	+1.013e+04	+0.618
37.800	+1.066e+03	+6.359e+03	+9.680e+03	+0.856
37.900	+3.821e+03	+6.315e+03	+1.063e+04	+0.623
38.000	+3.070e+03	+6.705e+03	+9.607e+03	+0.686
38.100	+2.818e+03	+6.082e+03	+9.861e+03	+0.683
38.200	+1.877e+03	+7.567e+03	+9.392e+03	+0.801
38.300	+4.374e+03	+7.877e+03	+9.905e+03	+0.643
38.400	+2.372e+03	+7.380e+03	+1.047e+04	+0.757
38.500	+1.560e+03	+7.889e+03	+9.291e+03	+0.835
38.600	+1.623e+03	+7.462e+03	+8.699e+03	+0.821
38.700	+3.156e+03	+8.437e+03	+9.425e+03	+0.728
38.800	+3.264e+03	+8.452e+03	+9.706e+03	+0.721
38.900	+2.190e+03	+6.602e+03	+9.335e+03	+0.751
39.000	+2.325e+03	+6.564e+03	+1.086e+04	+0.738
39.100	+3.143e+03	+6.409e+03	+9.702e+03	+0.671
39.200	+2.644e+03	+6.664e+03	+1.276e+04	+0.716
39.300	+1.516e+03	+7.051e+03	+9.467e+03	+0.823
39.400	+2.226e+03	+6.987e+03	+7.872e+03	+0.758
39.500	+3.850e+03	+6.986e+03	+9.700e+03	+0.645
39.600	+3.305e+03	+7.466e+03	+1.079e+04	+0.693
39.700	+3.193e+03	+7.140e+03	+9.516e+03	+0.691
39.800	+3.054e+03	+7.355e+03	+1.068e+04	+0.707
39.900	+3.893e+03	+6.878e+03	+1.126e+04	+0.639
40.000	+3.049e+03	+7.354e+03	+1.069e+04	+0.707
40.100	+2.821e+03	+6.621e+03	+9.364e+03	+0.701
40.200	+2.665e+03	+5.945e+03	+1.076e+04	+0.690
40.300	+1.465e+03	+6.325e+03	+1.062e+04	+0.812
40.400	+3.003e+03	+7.694e+03	+1.136e+04	+0.719
40.500	+3.500e+03	+6.348e+03	+9.888e+03	+0.645
40.600	+5.567e+03	+5.119e+03	+9.962e+03	+0.479
40.700	+6.205e+03	+3.755e+03	+1.019e+04	+0.377
40.800	+6.515e+03	+3.211e+03	+1.155e+04	+0.330
40.900	+7.347e+03	+3.395e+03	+8.505e+03	+0.316
41.000	+8.155e+03	+4.019e+03	+1.071e+04	+0.330
41.100	+5.753e+03	+3.611e+03	+9.429e+03	+0.386
41.200	+5.464e+03	+2.982e+03	+1.003e+04	+0.353
41.300	+6.260e+03	+1.681e+03	+9.793e+03	+0.212
41.400	+6.389e+03	+3.109e+03	+1.032e+04	+0.327
41.500	+7.086e+03	+2.306e+03	+9.574e+03	+0.246
41.600	+6.868e+03	+3.667e+03	+1.012e+04	+0.348
41.700	+6.466e+03	+2.829e+03	+9.222e+03	+0.304
41.800	+6.729e+03	+2.622e+03	+1.017e+04	+0.280
41.900	+5.994e+03	+2.974e+03	+1.097e+04	+0.332
42.000	+5.852e+03	+2.663e+03	+1.029e+04	+0.313
42.100	+7.832e+03	+3.044e+03	+9.808e+03	+0.280
42.200	+7.620e+03	+2.235e+03	+9.505e+03	+0.227
42.300	+6.356e+03	+1.679e+03	+9.981e+03	+0.209
42.400	+8.493e+03	+3.986e+03	+1.037e+04	+0.319
42.500	+7.030e+03	+3.426e+03	+8.693e+03	+0.328
42.600	+7.684e+03	+3.795e+03	+1.184e+04	+0.331
42.700	+7.616e+03	+2.821e+03	+1.045e+04	+0.270
42.800	+7.106e+03	+3.414e+03	+9.395e+03	+0.325
42.900	+6.377e+03	+3.456e+03	+9.938e+03	+0.351
43.000	+6.665e+03	+2.103e+03	+1.001e+04	+0.240
43.100	+6.249e+03	+3.431e+03	+9.644e+03	+0.354
43.200	+4.382e+03	+5.141e+03	+9.619e+03	+0.540
43.300	+3.220e+03	+9.724e+03	+8.770e+03	+0.751
43.400	+5.872e+03	+4.194e+03	+1.010e+04	+0.417
43.500	+6.672e+03	+1.182e+03	+8.402e+03	+0.151
43.600	+6.474e+03	+2.490e+03	+9.973e+03	+0.278
43.700	+4.164e+03	+6.214e+03	+1.157e+04	+0.599
43.800	+3.681e+03	+5.251e+03	+9.627e+03	+0.588
43.900	+2.828e+03	+7.426e+03	+1.029e+04	+0.724
44.000	+3.434e+03	+6.989e+03	+9.806e+03	+0.671
44.100	+3.490e+03	+7.084e+03	+1.023e+04	+0.670
44.200	+2.852e+03	+6.689e+03	+1.016e+04	+0.701
44.300	+2.478e+03	+6.065e+03	+1.018e+04	+0.710
44.400	+4.615e+03	+5.086e+03	+9.464e+03	+0.524
44.500	+2.961e+03	+5.863e+03	+9.440e+03	+0.664
44.600	+4.529e+03	+7.723e+03	+1.079e+04	+0.630
44.700	+9.392e+03	+3.751e+03	+9.439e+03	+0.285
44.800	+7.729e+03	+3.765e+03	+1.047e+04	+0.328
44.900	+6.389e+03	+3.179e+03	+1.019e+04	+0.332
45.000	+5.693e+03	+3.598e+03	+1.001e+04	+0.387
45.100	+6.403e+03	+4.589e+03	+9.473e+03	+0.418
45.200	+8.528e+03	+2.678e+03	+1.041e+04	+0.239
45.300	+6.199e+03	+3.210e+03	+8.398e+03	+0.341
45.400	+7.646e+03	+2.371e+03	+9.843e+03	+0.237
45.500	+6.201e+03	+5.005e+03	+9.791e+03	+0.447
45.600	+8.094e+03	+1.578e+03	+8.532e+03	+0.163
45.700	+8.536e+03	+4.103e+03	+1.066e+04	+0.325
45.800	+5.602e+03	+5.253e+03	+9.099e+03	+0.484
45.900	+1.823e+03	+7.598e+03	+9.693e+03	+0.807
46.000	+3.652e+03	+7.185e+03	+1.004e+04	+0.663
46.100	+2.689e+03	+6.784e+03	+1.047e+04	+0.716
46.200	+3.652e+03	+7.492e+03	+1.089e+04	+0.672
46.300	+8.375e+03	+3.627e+03	+1.090e+04	+0.302
46.400	+4.459e+03	+5.799e+03	+1.000e+04	+0.565
46.500	+3.875e+03	+6.656e+03	+1.054e+04	+0.632
46.600	+2.715e+03	+6.261e+03	+9.079e+03	+0.698
46.700	+3.089e+03	+8.299e+03	+9.235e+03	+0.729
46.800	+2.807e+03	+7.692e+03	+1.014e+04	+0.733
46.900	+7.266e+03	+2.192e+03	+9.893e+03	+0.232
47.000	+6.108e+03	+3.115e+03	+8.983e+03	+0.338
47.100	+7.393e+03	+2.927e+03	+1.010e+04	+0.284
47.200	+6.771e+03	+2.524e+03	+1.038e+04	+0.272
47.300	+6.240e+03	+1.076e+03	+1.005e+04	+0.147
47.400	+6.035e+03	+3.457e+03	+1.083e+04	+0.364
47.500	+7.664e+03	+2.994e+03	+1.058e+04	+0.281
47.600	+7.768e+03	+2.917e+03	+1.060e+04	+0.273
47.700	+6.756e+03	+2.944e+03	+9.921e+03	+0.304
47.800	+7.223e+03	+2.130e+03	+9.444e+03	+0.228
47.900	+6.473e+03	+2.738e+03	+9.324e+03	+0.297
48.000	+7.468e+03	+3.396e+03	+9.796e+03	+0.313
48.100	+6.335e+03	+4.477e+03	+1.075e+04	+0.414
48.200	+7.744e+03	+3.923e+03	+9.277e+03	+0.336
48.300	+5.717e+03	+4.399e+03	+1.023e+04	+0.435
48.400	+4.124e+03	+6.733e+03	+9.629e+03	+0.620
48.500	+6.453e+03	+2.549e+03	+9.925e+03	+0.283
48.600	+7.303e+03	+2.920e+03	+9.348e+03	+0.286
48.700	+6.693e+03	+4.612e+03	+1.054e+04	+0.408
48.800	+5.991e+03	+3.146e+03	+9.294e+03	+0.344
48.900	+8.998e+03	+3.479e+03	+9.075e+03	+0.279
49.000	+7.469e+03	+3.339e+03	+1.039e+04	+0.309
49.100	+7.648e+03	+2.937e+03	+9.983e+03	+0.277
49.200	+6.611e+03	+1.446e+03	+1.016e+04	+0.179
49.300	+5.903e+03	+3.096e+03	+1.015e+04	+0.344
49.400	+5.936e+03	+2.901e+03	+1.141e+04	+0.328
49.500	+8.295e+03	+2.147e+03	+9.353e+03	+0.206
49.600	+6.831e+03	+1.967e+03	+1.061e+04	+0.224
49.700	+7.295e+03	+1.739e+03	+1.034e+04	+0.192
49.800	+8.075e+03	+2.832e+03	+9.637e+03	+0.260
49.900	+7.510e+03	+3.530e+03	+9.416e+03	+0.320
50.000	+7.709e+03	+2.948e+03	+9.735e+03	+0.277
50.100	+6.564e+03	+4.332e+03	+1.046e+04	+0.398
50.200	+6.869e+03	+4.083e+03	+9.908e+03	+0.373
50.300	+7.248e+03	+2.780e+03	+8.415e+03	+0.277
50.400	+6.528e+03	+3.271e+03	+1.186e+04	+0.334
50.500	+3.804e+03	+5.373e+03	+1.062e+04	+0.585
50.600	+4.332e+03	+7.989e+03	+8.861e+03	+0.648
50.700	+3.275e+03	+7.005e+03	+8.914e+03	+0.681
50.800	+2.337e+03	+6.973e+03	+9.847e+03	+0.749
50.900	+4.199e+03	+6.691e+03	+1.027e+04	+0.614
51.000	+8.101e+03	+3.256e+03	+1.047e+04	+0.287
51.100	+7.727e+03	+2.351e+03	+7.594e+03	+0.233
51.200	+7.636e+03	+1.056e+03	+1.133e+04	+0.122
51.300	+8.289e+03	+2.266e+03	+1.061e+04	+0.215
51.400	+6.126e+03	+3.222e+03	+1.016e+04	+0.345
51.500	+6.561e+03	+3.769e+03	+9.781e+03	+0.365
51.600	+7.668e+03	+1.838e+03	+9.444e+03	+0.193
51.700	+6.572e+03	+4.144e+03	+7.773e+03	+0.387
51.800	+2.728e+03	+6.823e+03	+1.059e+04	+0.714
51.900	+2.540e+03	+7.452e+03	+9.933e+03	+0.746
52.000	+4.097e+03	+7.766e+03	+1.002e+04	+0.655
52.100	+2.975e+03	+5.755e+03	+9.391e+03	+0.659
52.200	+2.267e+03	+7.595e+03	+9.926e+03	+0.770
52.300	+3.518e+03	+5.325e+03	+1.037e+04	+0.602
52.400	+3.084e+03	+7.380e+03	+9.391e+03	+0.705
52.500	+4.289e+03	+6.453e+03	+9.344e+03	+0.601
52.600	+1.722e+03	+8.857e+03	+9.702e+03	+0.837
52.700	+2.863e+03	+7.317e+03	+9.526e+03	+0.719
52.800	+4.498e+03	+5.618e+03	+1.106e+04	+0.555
52.900	+5.001e+03	+4.357e+03	+1.005e+04	+0.466
53.000	+8.555e+03	+3.861e+03	+1.128e+04	+0.311
53.100	+6.334e+03	+2.973e+03	+1.086e+04	+0.319
53.200	+5.234e+03	+6.221e+03	+9.568e+03	+0.543
53.300	+2.823e+03	+6.629e+03	+1.026e+04	+0.701
53.400	+2.652e+03	+6.873e+03	+9.273e+03	+0.722
53.500	+4.413e+03	+7.574e+03	+9.124e+03	+0.632
53.600	+4.366e+03	+4.830e+03	+1.050e+04	+0.525
53.700	+1.385e+03	+7.065e+03	+9.722e+03	+0.836
53.800	+2.336e+03	+7.768e+03	+9.208e+03	+0.769
53.900	+3.072e+03	+6.730e+03	+1.042e+04	+0.687
54.000	+3.566e+03	+6.708e+03	+8.653e+03	+0.653
54.100	+2.436e+03	+8.010e+03	+1.137e+04	+0.767
54.200	+2.204e+03	+8.148e+03	+9.993e+03	+0.787
54.300	+3.421e+03	+7.347e+03	+9.278e+03	+0.682
54.400	+3.025e+03	+7.955e+03	+9.133e+03	+0.724
54.500	+2.760e+03	+4.797e+03	+1.037e+04	+0.635
54.600	+3.205e+03	+5.967e+03	+1.116e+04	+0.651
54.700	+2.977e+03	+6.973e+03	+1.115e+04	+0.701
54.800	+1.740e+03	+6.499e+03	+1.014e+04	+0.789
54.900	+3.666e+03	+7.270e+03	+1.009e+04	+0.665
55.000	+3.786e+03	+6.071e+03	+1.082e+04	+0.616
55.100	+6.294e+03	+3.275e+03	+1.044e+04	+0.342
55.200	+7.068e+03	+1.037e+03	+9.290e+03	+0.128
55.300	+7.849e+03	+4.398e+03	+9.726e+03	+0.359
55.400	+8.123e+03	+2.385e+03	+9.410e+03	+0.227
55.500	+7.168e+03	+2.769e+03	+1.116e+04	+0.279
55.600	+6.348e+03	+3.595e+03	+1.018e+04	+0.362
55.700	+7.263e+03	+3.379e+03	+1.053e+04	+0.317
55.800	+6.849e+03	+2.576e+03	+1.054e+04	+0.273
55.900	+7.156e+03	+3.358e+03	+1.059e+04	+0.319
56.000	+6.574e+03	+3.427e+03	+9.734e+03	+0.343
56.100	+6.841e+03	+3.431e+03	+9.292e+03	+0.334
56.200	+7.882e+03	+2.458e+03	+9.010e+03	+0.238
56.300	+6.371e+03	+3.314e+03	+1.013e+04	+0.342
56.400	+7.079e+03	+3.382e+03	+1.009e+04	+0.323
56.500	+5.865e+03	+1.574e+03	+1.080e+04	+0.212
56.600	+4.544e+03	+5.620e+03	+1.057e+04	+0.553
56.700	+2.423e+03	+6.426e+03	+9.252e+03	+0.726
56.800	+2.182e+03	+8.075e+03	+1.002e+04	+0.787
56.900	+2.858e+03	+8.058e+03	+9.806e+03	+0.738
57.000	+3.388e+03	+6.712e+03	+9.966e+03	+0.665
57.100	+2.676e+03	+5.790e+03	+1.046e+04	+0.684
57.200	+3.533e+03	+7.153e+03	+1.056e+04	+0.669
57.300	+2.827e+03	+8.160e+03	+9.507e+03	+0.743
57.400	+2.880e+03	+7.938e+03	+1.071e+04	+0.734
57.500	+2.200e+03	+6.318e+03	+1.013e+04	+0.742
57.600	+4.311e+03	+5.311e+03	+1.005e+04	+0.552
57.700	+5.552e+03	+4.089e+03	+9.515e+03	+0.424
57.800	+3.796e+03	+6.931e+03	+9.509e+03	+0.646
57.900	+3.185e+03	+8.261e+03	+9.019e+03	+0.722
58.000	+2.374e+03	+7.634e+03	+9.506e+03	+0.763
58.100	+2.790e+03	+6.223e+03	+1.141e+04	+0.690
58.200	+5.273e+03	+3.859e+03	+9.143e+03	+0.423
58.300	+6.600e+03	+4.704e+03	+9.336e+03	+0.416
58.400	+6.759e+03	+2.961e+03	+1.069e+04	+0.305
58.500	+5.768e+03	+4.261e+03	+9.237e+03	+0.425
58.600	+5.807e+03	+1.999e+03	+9.895e+03	+0.256
58.700	+7.434e+03	+3.901e+03	+9.807e+03	+0.344
58.800	+7.550e+03	+3.140e+03	+1.035e+04	+0.294
58.900	+7.543e+03	+2.538e+03	+9.315e+03	+0.252
59.000	+6.561e+03	+2.441e+03	+9.408e+03	+0.271
59.100	+7.138e+03	+3.268e+03	+1.016e+04	+0.314
59.200	+7.501e+03	+2.810e+03	+1.015e+04	+0.273
59.300	+6.688e+03	+2.901e+03	+9.333e+03	+0.303
59.400	+4.625e+03	+6.087e+03	+1.127e+04	+0.568
59.500	+4.003e+03	+6.573e+03	+1.116e+04	+0.621
59.600	+3.141e+03	+6.630e+03	+9.376e+03	+0.679
59.700	+3.692e+03	+6.022e+03	+9.354e+03	+0.620
59.800	+3.187e+03	+7.444e+03	+8.681e+03	+0.700
59.900	+2.408e+03	+6.356e+03	+9.688e+03	+0.725
60.000	+1.876e+03	+4.867e+03	+1.141e+04	+0.722
60.100	+2.499e+03	+7.052e+03	+9.105e+03	+0.738
60.200	+4.788e+03	+7.010e+03	+1.021e+04	+0.594
60.300	+2.818e+03	+7.572e+03	+1.061e+04	+0.729
60.400	+4.347e+03	+7.628e+03	+1.192e+04	+0.637
60.500	+5.669e+03	+3.311e+03	+9.531e+03	+0.369
60.600	+7.887e+03	+3.205e+03	+9.732e+03	+0.289
60.700	+7.249e+03	+2.860e+03	+9.904e+03	+0.283
60.800	+8.195e+03	+2.875e+03	+9.045e+03	+0.260
60.900	+6.511e+03	+3.540e+03	+1.047e+04	+0.352
61.000	+8.566e+03	+7.680e+02	+9.247e+03	+0.082
61.100	+6.595e+03	+3.792e+03	+9.612e+03	+0.365
61.200	+7.016e+03	+3.677e+03	+8.596e+03	+0.344
61.300	+6.566e+03	+2.815e+03	+9.991e+03	+0.300
61.400	+7.109e+03	+4.809e+03	+8.790e+03	+0.404
61.500	+3.308e+03	+6.414e+03	+9.917e+03	+0.660
61.600	+2.608e+03	+6.805e+03	+1.028e+04	+0.723
61.700	+2.477e+03	+7.893e+03	+1.038e+04	+0.761
61.800	+1.809e+03	+6.196e+03	+1.050e+04	+0.774
61.900	+3.177e+03	+5.802e+03	+8.699e+03	+0.646
62.000	+2.338e+03	+6.449e+03	+9.581e+03	+0.734
62.100	+2.482e+03	+7.132e+03	+1.013e+04	+0.742
62.200	+4.189e+03	+6.324e+03	+1.004e+04	+0.602
62.300	+3.784e+03	+6.975e+03	+1.019e+04	+0.648
62.400	+3.362e+03	+5.652e+03	+1.049e+04	+0.627
62.500	+3.449e+03	+7.470e+03	+1.106e+04	+0.684
62.600	+2.683e+03	+6.626e+03	+9.171e+03	+0.712
62.700	+2.781e+03	+7.205e+03	+9.171e+03	+0.722
62.800	+3.620e+03	+6.472e+03	+9.199e+03	+0.641
62.900	+3.117e+03	+5.493e+03	+9.933e+03	+0.638
63.000	+3.410e+03	+7.951e+03	+8.616e+03	+0.700
63.100	+2.291e+03	+7.618e+03	+9.440e+03	+0.769
63.200	+3.415e+03	+6.200e+03	+8.682e+03	+0.645
63.300	+3.417e+03	+7.434e+03	+1.062e+04	+0.685
63.400	+2.721e+03	+6.037e+03	+9.931e+03	+0.689
63.500	+3.278e+03	+6.528e+03	+1.058e+04	+0.666
63.600	+2.120e+03	+6.829e+03	+1.040e+04	+0.763
63.700	+2.775e+03	+7.812e+03	+1.017e+04	+0.738
63.800	+2.600e+03	+7.245e+03	+8.987e+03	+0.736
63.900	+3.566e+03	+6.427e+03	+1.013e+04	+0.643
64.000	+1.702e+03	+6.457e+03	+9.524e+03	+0.791
64.100	+3.351e+03	+6.128e+03	+9.083e+03	+0.646
64.200	+4.228e+03	+7.378e+03	+1.025e+04	+0.636
64.300	+3.329e+03	+6.612e+03	+1.039e+04	+0.665
64.400	+1.246e+03	+6.023e+03	+1.090e+04	+0.829
64.500	+2.726e+03	+6.544e+03	+8.515e+03	+0.706
64.600	+3.207e+03	+5.906e+03	+9.327e+03	+0.648
64.700	+2.897e+03	+6.094e+03	+1.147e+04	+0.678
64.800	+3.886e+03	+6.096e+03	+9.303e+03	+0.611
64.900	+3.808e+03	+7.094e+03	+9.763e+03	+0.651
65.000	+3.862e+03	+7.270e+03	+1.016e+04	+0.653
65.100	+3.926e+03	+6.845e+03	+1.094e+04	+0.635
65.200	+2.693e+03	+6.292e+03	+1.071e+04	+0.700
65.300	+2.806e+03	+6.620e+03	+9.464e+03	+0.702
65.400	+5.748e+03	+2.075e+03	+9.860e+03	+0.265
65.500	+7.020e+03	+1.935e+03	+1.100e+04	+0.216
65.600	+6.424e+03	+4.325e+03	+1.040e+04	+0.402
65.700	+7.351e+03	+2.304e+03	+9.805e+03	+0.239
65.800	+6.014e+03	+4.649e+03	+9.640e+03	+0.436
65.900	+7.042e+03	+2.436e+03	+1.092e+04	+0.257
66.000	+6.567e+03	+4.494e+03	+9.111e+03	+0.406
66.100	+7.358e+03	+1.617e+03	+9.901e+03	+0.180
66.200	+8.050e+03	+2.525e+03	+1.055e+04	+0.239
66.300	+7.016e+03	+3.544e+03	+1.009e+04	+0.336
66.400	+7.024e+03	+2.642e+03	+9.603e+03	+0.273
66.500	+6.887e+03	+2.464e+03	+1.009e+04	+0.263
66.600	+8.812e+03	+2.315e+03	+1.036e+04	+0.208
66.700	+6.765e+03	+3.968e+03	+9.770e+03	+0.370
66.800	+1.774e+03	+7.007e+03	+1.049e+04	+0.798
66.900	+3.970e+03	+6.884e+03	+8.903e+03	+0.634
67.000	+3.649e+03	+6.949e+03	+9.663e+03	+0.656
67.100	+2.853e+03	+6.488e+03	+9.713e+03	+0.695
67.200	+5.293e+03	+4.077e+03	+8.929e+03	+0.435
67.300	+7.930e+03	+2.927e+03	+9.311e+03	+0.270
67.400	+6.879e+03	+2.922e+03	+1.099e+04	+0.298
67.500	+7.026e+03	+3.256e+03	+1.026e+04	+0.317
67.600	+6.127e+03	+4.048e+03	+9.940e+03	+0.398
67.700	+7.366e+03	+2.939e+03	+1.034e+04	+0.285
67.800	+6.928e+03	+4.624e+03	+7.954e+03	+0.400
67.900	+8.365e+03	+4.633e+03	+9.981e+03	+0.356
68.000	+7.011e+03	+2.425e+03	+1.059e+04	+0.257
68.100	+6.847e+03	+3.256e+03	+1.023e+04	+0.322
68.200	+6.753e+03	+4.227e+03	+1.190e+04	+0.385
68.300	+8.138e+03	+4.308e+03	+1.005e+04	+0.346
68.400	+7.985e+03	+4.490e+03	+9.914e+03	+0.360
68.500	+5.309e+03	+3.430e+03	+9.235e+03	+0.392
68.600	+7.060e+03	+3.341e+03	+8.578e+03	+0.321
68.700	+8.368e+03	+3.146e+03	+1.013e+04	+0.273
68.800	+8.004e+03	+3.462e+03	+1.068e+04	+0.302
68.900	+6.971e+03	+4.722e+03	+1.120e+04	+0.404
69.000	+5.941e+03	+3.576e+03	+9.790e+03	+0.376
69.100	+2.772e+03	+6.900e+03	+9.727e+03	+0.713
69.200	+2.528e+03	+8.128e+03	+1.057e+04	+0.763
69.300	+2.545e+03	+7.782e+03	+9.242e+03	+0.754
69.400	+4.146e+03	+6.335e+03	+1.064e+04	+0.604
69.500	+2.940e+03	+5.919e+03	+9.991e+03	+0.668
69.600	+3.426e+03	+6.573e+03	+1.008e+04	+0.657
69.700	+2.712e+03	+6.240e+03	+1.022e+04	+0.697
69.800	+3.814e+03	+6.067e+03	+1.008e+04	+0.614
69.900	+2.190e+03	+8.061e+03	+9.681e+03	+0.786
70.000	+3.046e+03	+6.464e+03	+1.019e+04	+0.680
70.100	+2.826e+03	+6.758e+03	+9.694e+03	+0.705
70.200	+4.009e+03	+7.409e+03	+1.020e+04	+0.649
70.300	+2.107e+03	+8.606e+03	+1.089e+04	+0.803
70.400	+6.869e+03	+3.337e+03	+1.058e+04	+0.327
70.500	+7.518e+03	+4.776e+03	+9.334e+03	+0.388
70.600	+6.606e+03	+2.540e+03	+8.205e+03	+0.278
70.700	+7.213e+03	+3.080e+03	+9.931e+03	+0.299
70.800	+6.097e+03	+2.142e+03	+1.021e+04	+0.260
70.900	+6.146e+03	+3.946e+03	+1.271e+04	+0.391
71.000	+6.559e+03	+3.541e+03	+1.026e+04	+0.351
71.100	+8.290e+03	+2.132e+03	+9.822e+03	+0.205
71.200	+7.477e+03	+2.496e+03	+1.025e+04	+0.250
71.300	+6.585e+03	+4.925e+03	+9.229e+03	+0.428
71.400	+6.460e+03	+4.959e+03	+9.216e+03	+0.434
71.500	+7.261e+03	+3.542e+03	+9.642e+03	+0.328
71.600	+7.810e+03	+3.312e+03	+1.013e+04	+0.298
71.700	+7.763e+03	+3.322e+03	+1.140e+04	+0.300
71.800	+7.282e+03	+2.049e+03	+1.059e+04	+0.220
71.900	+6.346e+03	+3.113e+03	+9.656e+03	+0.329
72.000	+6.698e+03	+3.761e+03	+9.934e+03	+0.360
72.100	+7.260e+03	+5.217e+03	+1.007e+04	+0.418
72.200	+7.469e+03	+2.348e+03	+1.044e+04	+0.239
72.300	+6.743e+03	+3.645e+03	+9.736e+03	+0.351
72.400	+6.882e+03	+3.062e+03	+1.068e+04	+0.308
72.500	+8.103e+03	+2.679e+03	+9.490e+03	+0.248
72.600	+6.860e+03	+3.670e+03	+1.100e+04	+0.349
72.700	+8.721e+03	+4.446e+03	+9.791e+03	+0.338
72.800	+7.709e+03	+2.791e+03	+1.089e+04	+0.266
72.900	+7.326e+03	+3.872e+03	+9.988e+03	+0.346
73.000	+6.272e+03	+3.801e+03	+1.070e+04	+0.377
73.100	+6.545e+03	+3.801e+03	+1.037e+04	+0.367
73.200	+7.357e+03	+1.996e+03	+1.119e+04	+0.213
73.300	+5.403e+03	+3.235e+03	+1.054e+04	+0.374
73.400	+8.306e+03	+1.484e+03	+1.164e+04	+0.152
73.500	+5.653e+03	+4.596e+03	+8.767e+03	+0.448
73.600	+4.373e+03	+5.603e+03	+1.020e+04	+0.562
73.700	+3.115e+03	+6.949e+03	+9.439e+03	+0.690
73.800	+3.383e+03	+6.448e+03	+1.022e+04	+0.656
73.900	+4.011e+03	+7.208e+03	+1.078e+04	+0.642
74.000	+3.664e+03	+6.574e+03	+1.036e+04	+0.642
74.100	+4.163e+03	+6.985e+03	+8.338e+03	+0.627
74.200	+3.950e+03	+7.018e+03	+9.785e+03	+0.640
74.300	+4.085e+03	+5.027e+03	+9.684e+03	+0.552
74.400	+6.967e+03	+2.603e+03	+1.142e+04	+0.272
74.500	+5.942e+03	+2.788e+03	+9.668e+03	+0.319
74.600	+6.346e+03	+2.514e+03	+1.094e+04	+0.284
74.700	+8.110e+03	+3.036e+03	+9.647e+03	+0.272
74.800	+5.952e+03	+2.688e+03	+1.000e+04	+0.311
74.900	+7.279e+03	+2.758e+03	+1.018e+04	+0.275
75.000	+7.591e+03	+3.789e+03	+1.026e+04	+0.333
75.100	+7.529e+03	+1.965e+03	+9.152e+03	+0.207
75.200	+5.313e+03	+2.362e+03	+1.086e+04	+0.308
75.300	+6.154e+03	+4.239e+03	+8.661e+03	+0.408
75.400	+7.220e+03	+2.814e+03	+9.374e+03	+0.280
75.500	+5.237e+03	+2.571e+03	+9.489e+03	+0.329
75.600	+8.645e+03	+1.488e+03	+9.802e+03	+0.147
75.700	+8.635e+03	+3.032e+03	+1.023e+04	+0.260
75.800	+8.283e+03	+2.847e+03	+1.081e+04	+0.256
75.900	+6.678e+03	+3.869e+03	+9.159e+03	+0.367
76.000	+7.361e+03	+3.825e+03	+7.390e+03	+0.342
76.100	+5.898e+03	+4.170e+03	+1.066e+04	+0.414
76.200	+6.448e+03	+2.326e+03	+1.064e+04	+0.265
76.300	+6.750e+03	+2.418e+03	+1.098e+04	+0.264
76.400	+6.392e+03	+4.866e+03	+1.169e+04	+0.432
76.500	+3.680e+03	+6.595e+03	+9.549e+03	+0.642
76.600	+2.263e+03	+6.961e+03	+1.090e+04	+0.755
76.700	+1.862e+03	+5.892e+03	+1.108e+04	+0.760
76.800	+4.305e+03	+7.275e+03	+9.822e+03	+0.628
76.900	+2.142e+03	+6.583e+03	+1.010e+04	+0.754
77.000	+3.783e+03	+7.718e+03	+1.035e+04	+0.671
77.100	+2.939e+03	+7.714e+03	+9.820e+03	+0.724
77.200	+3.128e+03	+8.724e+03	+1.017e+04	+0.736
77.300	+3.963e+03	+7.955e+03	+1.023e+04	+0.667
77.400	+2.541e+03	+7.383e+03	+1.086e+04	+0.744
77.500	+3.802e+03	+6.345e+03	+9.741e+03	+0.625
77.600	+3.113e+03	+7.216e+03	+9.692e+03	+0.699
77.700	+2.183e+03	+7.853e+03	+9.974e+03	+0.782
77.800	+1.643e+03	+6.618e+03	+9.616e+03	+0.801
77.900	+3.365e+03	+7.178e+03	+8.881e+03	+0.681
78.000	+3.087e+03	+6.921e+03	+1.033e+04	+0.692
78.100	+4.018e+03	+7.177e+03	+1.048e+04	+0.641
78.200	+3.959e+03	+7.470e+03	+1.028e+04	+0.654
78.300	+4.116e+03	+5.300e+03	+9.378e+03	+0.563
78.400	+3.420e+03	+7.286e+03	+1.061e+04	+0.681
78.500	+2.626e+03	+7.456e+03	+9.734e+03	+0.739
78.600	+2.429e+03	+7.668e+03	+1.049e+04	+0.759
78.700	+2.839e+03	+7.003e+03	+9.748e+03	+0.712
78.800	+3.915e+03	+7.017e+03	+9.263e+03	+0.642
78.900	+2.555e+03	+7.163e+03	+1.252e+04	+0.737
79.000	+3.451e+03	+8.040e+03	+9.128e+03	+0.700
79.100	+2.161e+03	+6.538e+03	+1.205e+04	+0.752
79.200	+4.063e+03	+7.753e+03	+8.977e+03	+0.656
79.300	+2.398e+03	+7.559e+03	+8.002e+03	+0.759
79.400	+3.956e+03	+6.107e+03	+9.063e+03	+0.607
79.500	+2.545e+03	+6.783e+03	+1.082e+04	+0.727
79.600	+2.695e+03	+7.209e+03	+8.649e+03	+0.728
79.700	+3.538e+03	+7.519e+03	+9.822e+03	+0.680
79.800	+2.467e+03	+7.076e+03	+1.070e+04	+0.741
79.900	+2.753e+03	+6.471e+03	+9.640e+03	+0.702
80.000	+3.297e+03	+8.021e+03	+9.696e+03	+0.709
80.100	+1.101e+03	+5.288e+03	+1.019e+04	+0.828
80.200	+4.315e+03	+5.180e+03	+9.819e+03	+0.546
80.300	+5.178e+03	+4.663e+03	+1.063e+04	+0.474
80.400	+7.684e+03	+2.882e+03	+1.137e+04	+0.273
80.500	+7.099e+03	+9.201e+02	+1.006e+04	+0.115
80.600	+6.867e+03	+2.819e+03	+9.650e+03	+0.291
80.700	+7.394e+03	+2.263e+03	+1.005e+04	+0.234
80.800	+7.118e+03	+2.897e+03	+1.039e+04	+0.289
80.900	+7.679e+03	+3.399e+03	+1.011e+04	+0.307
81.000	+7.982e+03	+3.431e+03	+8.574e+03	+0.301
81.100	+4.188e+03	+4.833e+03	+1.082e+04	+0.536
81.200	+2.821e+03	+8.469e+03	+1.107e+04	+0.750
81.300	+3.514e+03	+6.162e+03	+1.031e+04	+0.637
81.400	+2.882e+03	+7.686e+03	+1.047e+04	+0.727
81.500	+7.295e+03	+3.713e+03	+9.689e+03	+0.337
81.600	+4.114e+03	+6.224e+03	+9.686e+03	+0.602
81.700	+6.530e+03	+4.412e+03	+9.472e+03	+0.403
81.800	+5.989e+03	+2.604e+03	+1.108e+04	+0.303
81.900	+6.806e+03	+3.871e+03	+9.631e+03	+0.363
82.000	+8.078e+03	+3.600e+03	+8.456e+03	+0.308
82.100	+8.115e+03	+2.419e+03	+9.518e+03	+0.230
82.200	+5.901e+03	+2.313e+03	+1.055e+04	+0.282
82.300	+7.516e+03	+3.509e+03	+1.056e+04	+0.318
82.400	+6.297e+03	+2.303e+03	+8.386e+03	+0.268
82.500	+7.070e+03	+4.562e+03	+9.702e+03	+0.392
82.600	+2.409e+03	+6.580e+03	+9.735e+03	+0.732
82.700	+3.414e+03	+6.379e+03	+9.951e+03	+0.651
82.800	+1.720e+03	+6.743e+03	+1.071e+04	+0.797
82.900	+2.799e+03	+7.614e+03	+9.570e+03	+0.731
83.000	+2.492e+03	+5.435e+03	+1.042e+04	+0.686
83.100	+3.475e+03	+6.695e+03	+9.427e+03	+0.658
83.200	+2.216e+03	+7.355e+03	+8.481e+03	+0.768
83.300	+5.234e+03	+3.488e+03	+9.943e+03	+0.400
83.400	+8.088e+03	+8.448e+02	+9.179e+03	+0.095
83.500	+6.387e+03	+2.809e+03	+9.437e+03	+0.305
83.600	+6.329e+03	+3.346e+03	+7.465e+03	+0.346
83.700	+3.126e+03	+7.968e+03	+1.035e+04	+0.718
83.800	+2.266e+03	+8.416e+03	+1.062e+04	+0.788
83.900	+2.924e+03	+7.657e+03	+9.842e+03	+0.724
84.000	+2.299e+03	+6.933e+03	+1.026e+04	+0.751
84.100	+3.820e+03	+7.359e+03	+1.086e+04	+0.658
84.200	+3.756e+03	+6.704e+03	+9.703e+03	+0.641
84.300	+3.342e+03	+7.042e+03	+1.172e+04	+0.678
84.400	+4.646e+03	+6.875e+03	+9.156e+03	+0.597
84.500	+3.320e+03	+7.169e+03	+9.356e+03	+0.683
84.600	+2.547e+03	+7.294e+03	+1.075e+04	+0.741
84.700	+3.403e+03	+7.440e+03	+1.039e+04	+0.686
84.800	+3.320e+03	+7.465e+03	+8.562e+03	+0.692
84.900	+2.001e+03	+6.792e+03	+1.049e+04	+0.772
85.000	+2.083e+03	+7.472e+03	+1.012e+04	+0.782
85.100	+2.836e+03	+6.018e+03	+1.044e+04	+0.680
85.200	+4.466e+03	+4.987e+03	+9.984e+03	+0.528
85.300	+7.081e+03	+3.642e+03	+9.788e+03	+0.340
85.400	+8.012e+03	+4.150e+03	+1.107e+04	+0.341
85.500	+7.965e+03	+1.389e+03	+1.063e+04	+0.149
85.600	+8.711e+03	+4.446e+03	+1.135e+04	+0.338
85.700	+8.238e+03	+1.917e+03	+1.009e+04	+0.189
85.800	+7.862e+03	+2.811e+03	+9.876e+03	+0.263
85.900	+6.519e+03	+3.470e+03	+9.934e+03	+0.347
86.000	+6.942e+03	+2.276e+03	+1.004e+04	+0.247
86.100	+7.170e+03	+2.631e+03	+9.328e+03	+0.268
86.200	+7.139e+03	+2.314e+03	+1.090e+04	+0.245
86.300	+6.646e+03	+3.550e+03	+9.337e+03	+0.348
86.400	+8.826e+03	+4.314e+03	+1.059e+04	+0.328
86.500	+7.762e+03	+3.640e+03	+9.874e+03	+0.319
86.600	+6.039e+03	+2.650e+03	+9.791e+03	+0.305
86.700	+6.028e+03	+2.854e+03	+1.137e+04	+0.321
86.800	+8.093e+03	+3.265e+03	+1.117e+04	+0.287
86.900	+6.387e+03	+4.419e+03	+9.316e+03	+0.409
87.000	+7.461e+03	+1.466e+03	+1.018e+04	+0.164
87.100	+4.460e+03	+3.163e+03	+9.061e+03	+0.415
87.200	+7.143e+03	+4.363e+03	+1.225e+04	+0.379
87.300	+3.555e+03	+5.047e+03	+1.013e+04	+0.587
87.400	+2.570e+03	+6.061e+03	+9.756e+03	+0.702
87.500	+3.177e+03	+5.816e+03	+9.204e+03	+0.647
87.600	+2.295e+03	+6.389e+03	+1.078e+04	+0.736
87.700	+2.401e+03	+7.847e+03	+8.265e+03	+0.766
87.800	+3.087e+03	+8.015e+03	+7.536e+03	+0.722
87.900	+3.529e+03	+6.204e+03	+1.090e+04	+0.637
88.000	+3.513e+03	+6.419e+03	+9.743e+03	+0.646
88.100	+2.889e+03	+7.002e+03	+9.627e+03	+0.708
88.200	+4.350e+03	+6.351e+03	+1.109e+04	+0.593
88.300	+3.985e+03	+6.816e+03	+1.118e+04	+0.631
88.400	+4.453e+03	+5.823e+03	+1.067e+04	+0.567
88.500	+2.219e+03	+6.558e+03	+9.563e+03	+0.747
88.600	+3.288e+03	+6.240e+03	+9.329e+03	+0.655
88.700	+4.123e+03	+6.872e+03	+1.054e+04	+0.625
88.800	+3.791e+03	+6.821e+03	+9.838e+03	+0.643
88.900	+2.426e+03	+6.704e+03	+1.017e+04	+0.734
89.000	+2.602e+03	+7.012e+03	+9.424e+03	+0.729
89.100	+2.988e+03	+7.794e+03	+1.142e+04	+0.723
89.200	+4.019e+03	+7.941e+03	+9.941e+03	+0.664
89.300	+4.388e+03	+7.735e+03	+9.919e+03	+0.638
89.400	+3.140e+03	+8.142e+03	+1.027e+04	+0.722
89.500	+1.748e+03	+7.463e+03	+9.671e+03	+0.810
89.600	+3.099e+03	+7.183e+03	+9.572e+03	+0.699
89.700	+2.770e+03	+6.562e+03	+1.150e+04	+0.703
89.800	+2.424e+03	+8.553e+03	+8.151e+03	+0.779
89.900	+2.937e+03	+7.099e+03	+1.136e+04	+0.707
90.000	+3.863e+03	+6.552e+03	+1.118e+04	+0.629
90.100	+1.359e+03	+7.871e+03	+1.027e+04	+0.853
90.200	+3.304e+03	+7.496e+03	+9.385e+03	+0.694
90.300	+2.013e+03	+8.013e+03	+9.860e+03	+0.799
90.400	+2.209e+03	+6.909e+03	+1.087e+04	+0.758
90.500	+3.303e+03	+5.363e+03	+9.978e+03	+0.619
90.600	+3.506e+03	+7.262e+03	+1.066e+04	+0.674
90.700	+4.101e+03	+7.726e+03	+1.060e+04	+0.653
90.800	+2.364e+03	+6.755e+03	+1.013e+04	+0.741
90.900	+3.197e+03	+7.124e+03	+1.101e+04	+0.690
91.000	+4.209e+03	+6.766e+03	+9.693e+03	+0.616
91.100	+6.495e+03	+2.708e+03	+9.704e+03	+0.294
91.200	+6.562e+03	+3.973e+03	+9.395e+03	+0.377
91.300	+6.358e+03	+5.083e+03	+9.147e+03	+0.444
91.400	+3.245e+03	+4.675e+03	+9.972e+03	+0.590
91.500	+3.111e+03	+7.717e+03	+1.030e+04	+0.713
91.600	+3.719e+03	+7.969e+03	+1.038e+04	+0.682
91.700	+1.621e+03	+6.367e+03	+9.653e+03	+0.797
91.800	+2.603e+03	+6.895e+03	+1.089e+04	+0.726
91.900	+2.431e+03	+7.503e+03	+8.741e+03	+0.755
92.000	+3.308e+03	+7.326e+03	+9.609e+03	+0.689
92.100	+3.725e+03	+8.178e+03	+1.099e+04	+0.687
92.200	+3.446e+03	+7.933e+03	+1.177e+04	+0.697
92.300	+2.752e+03	+7.267e+03	+8.567e+03	+0.725
92.400	+2.982e+03	+8.531e+03	+1.039e+04	+0.741
92.500	+2.231e+03	+6.467e+03	+1.101e+04	+0.743
92.600	+3.989e+03	+7.749e+03	+1.060e+04	+0.660
92.700	+3.675e+03	+7.416e+03	+1.157e+04	+0.669
92.800	+2.861e+03	+7.006e+03	+9.513e+03	+0.710
92.900	+3.334e+03	+6.956e+03	+1.077e+04	+0.676
93.000	+5.535e+03	+8.440e+03	+8.996e+03	+0.604
93.100	+2.904e+03	+7.479e+03	+9.707e+03	+0.720
93.200	+2.433e+03	+8.028e+03	+9.206e+03	+0.767
93.300	+5.773e+03	+4.483e+03	+1.059e+04	+0.437
93.400	+6.781e+03	+3.418e+03	+9.795e+03	+0.335
93.500	+6.634e+03	+3.075e+03	+9.377e+03	+0.317
93.600	+6.795e+03	+5.002e+03	+1.019e+04	+0.424
93.700	+7.542e+03	+2.403e+03	+9.336e+03	+0.242
93.800	+7.778e+03	+3.539e+03	+1.052e+04	+0.313
93.900	+5.992e+03	+1.143e+03	+9.938e+03	+0.160
94.000	+8.443e+03	+3.700e+03	+1.084e+04	+0.305
94.100	+6.240e+03	+3.853e+03	+9.235e+03	+0.382
94.200	+6.810e+03	+4.149e+03	+9.150e+03	+0.379
94.300	+7.812e+03	+2.944e+03	+9.781e+03	+0.274
94.400	+7.028e+03	+5.555e+02	+9.437e+03	+0.073
94.500	+7.497e+03	+3.884e+03	+1.029e+04	+0.341
94.600	+7.008e+03	+2.861e+03	+9.541e+03	+0.290
94.700	+7.792e+03	+3.828e+03	+1.091e+04	+0.329
94.800	+6.390e+03	+2.461e+03	+1.024e+04	+0.278
94.900	+6.431e+03	+3.634e+03	+9.202e+03	+0.361
95.000	+7.361e+03	+2.708e+03	+1.071e+04	+0.269
95.100	+5.968e+03	+2.278e+03	+1.094e+04	+0.276
95.200	+7.339e+03	+3.614e+03	+1.000e+04	+0.330
95.300	+3.482e+03	+6.088e+03	+1.019e+04	+0.636
95.400	+3.063e+03	+7.565e+03	+1.034e+04	+0.712
95.500	+2.846e+03	+6.660e+03	+9.666e+03	+0.701
95.600	+3.409e+03	+6.642e+03	+9.624e+03	+0.661
95.700	+3.940e+03	+6.464e+03	+8.958e+03	+0.621
95.800	+2.105e+03	+7.217e+03	+9.259e+03	+0.774
95.900	+3.109e+03	+6.648e+03	+9.689e+03	+0.681
96.000	+3.147e+03	+9.238e+03	+9.688e+03	+0.746
96.100	+1.957e+03	+6.263e+03	+8.278e+03	+0.762
96.200	+2.804e+03	+8.106e+03	+1.063e+04	+0.743
96.300	+3.505e+03	+9.133e+03	+1.082e+04	+0.723
96.400	+3.011e+03	+6.399e+03	+1.044e+04	+0.680
96.500	+2.122e+03	+8.174e+03	+9.243e+03	+0.794
96.600	+4.003e+03	+5.292e+03	+9.105e+03	+0.569
96.700	+6.467e+03	+4.460e+03	+1.056e+04	+0.408
96.800	+5.832e+03	+2.028e+03	+1.137e+04	+0.258
96.900	+6.285e+03	+2.348e+03	+1.086e+04	+0.272
97.000	+7.162e+03	+3.261e+03	+9.777e+03	+0.313
97.100	+7.811e+03	+3.920e+03	+9.331e+03	+0.334
97.200	+8.247e+03	+3.350e+03	+9.750e+03	+0.289
97.300	+6.931e+03	+3.639e+03	+9.900e+03	+0.344
97.400	+7.309e+03	+3.220e+03	+9.346e+03	+0.306
97.500	+6.517e+03	+1.368e+03	+9.540e+03	+0.173
97.600	+6.516e+03	+3.772e+03	+1.077e+04	+0.367
97.700	+7.513e+03	+3.370e+03	+1.150e+04	+0.310
97.800	+7.341e+03	+3.554e+03	+1.024e+04	+0.326
97.900	+5.516e+03	+5.037e+03	+9.932e+03	+0.477
98.000	+3.454e+03	+5.944e+03	+1.152e+04	+0.632
98.100	+3.061e+03	+6.651e+03	+9.102e+03	+0.685
98.200	+2.378e+03	+6.610e+03	+9.246e+03	+0.735
98.300	+3.588e+03	+6.601e+03	+1.023e+04	+0.648
98.400	+2.898e+03	+6.946e+03	+9.192e+03	+0.706
98.500	+2.130e+03	+6.482e+03	+1.036e+04	+0.753
98.600	+3.284e+03	+7.227e+03	+1.039e+04	+0.688
98.700	+3.698e+03	+7.732e+03	+9.806e+03	+0.676
98.800	+2.992e+03	+7.384e+03	+1.020e+04	+0.712
98.900	+2.877e+03	+5.646e+03	+1.045e+04	+0.662
99.000	+2.065e+03	+6.445e+03	+1.024e+04	+0.757
99.100	+3.097e+03	+6.863e+03	+1.030e+04	+0.689
99.200	+3.070e+03	+5.872e+03	+1.010e+04	+0.657
99.300	+2.609e+03	+7.758e+03	+1.104e+04	+0.748
99.400	+3.044e+03	+7.487e+03	+9.257e+03	+0.711
99.500	+2.386e+03	+6.604e+03	+8.817e+03	+0.735
99.600	+3.402e+03	+8.115e+03	+9.599e+03	+0.705
99.700	+1.613e+03	+8.240e+03	+1.009e+04	+0.836
99.800	+3.719e+03	+6.749e+03	+8.851e+03	+0.645
99.900	+2.803e+03	+6.062e+03	+9.304e+03	+0.684
100.000	+2.269e+03	+8.541e+03	+8.734e+03	+0.790
100.100	+3.294e+03	+6.549e+03	+1.154e+04	+0.665
100.200	+1.306e+03	+7.468e+03	+1.047e+04	+0.851
100.300	+3.377e+03	+7.235e+03	+1.005e+04	+0.682
100.400	+2.403e+03	+7.458e+03	+9.071e+03	+0.756
100.500	+3.496e+03	+6.997e+03	+1.002e+04	+0.667
100.600	+4.329e+03	+5.735e+03	+1.044e+04	+0.570
100.700	+3.244e+03	+6.217e+03	+9.400e+03	+0.657
100.800	+4.314e+03	+8.068e+03	+8.953e+03	+0.652
100.900	+3.696e+03	+7.399e+03	+9.342e+03	+0.667
101.000	+3.484e+03	+5.783e+03	+9.675e+03	+0.624
101.100	+1.833e+03	+6.239e+03	+9.277e+03	+0.773
101.200	+3.463e+03	+7.731e+03	+1.001e+04	+0.691
101.300	+4.025e+03	+7.798e+03	+9.331e+03	+0.660
101.400	+2.492e+03	+6.911e+03	+9.052e+03	+0.735
101.500	+2.546e+03	+7.535e+03	+8.906e+03	+0.747
101.600	+3.718e+03	+7.285e+03	+9.199e+03	+0.662
101.700	+1.359e+03	+6.128e+03	+1.059e+04	+0.819
101.800	+3.420e+03	+7.406e+03	+1.024e+04	+0.684
101.900	+3.554e+03	+6.243e+03	+9.491e+03	+0.637
102.000	+2.789e+03	+6.694e+03	+1.008e+04	+0.706
102.100	+3.834e+03	+7.857e+03	+9.830e+03	+0.672
102.200	+5.100e+03	+4.535e+03	+1.079e+04	+0.471
102.300	+6.994e+03	+2.791e+03	+9.426e+03	+0.285
102.400	+6.690e+03	+3.626e+03	+1.029e+04	+0.352
102.500	+4.825e+03	+6.584e+03	+1.056e+04	+0.577
102.600	+3.086e+03	+8.118e+03	+1.167e+04	+0.725
102.700	+1.700e+03	+5.894e+03	+1.023e+04	+0.776
102.800	+2.784e+03	+6.669e+03	+8.820e+03	+0.705
102.900	+3.587e+03	+5.762e+03	+1.044e+04	+0.616
103.000	+7.297e+03	+3.534e+03	+1.115e+04	+0.326
103.100	+7.550e+03	+2.567e+03	+9.300e+03	+0.254
103.200	+6.487e+03	+2.832e+03	+1.120e+04	+0.304
103.300	+4.147e+03	+5.415e+03	+1.038e+04	+0.566
103.400	+5.043e+03	+6.392e+03	+1.042e+04	+0.559
103.500	+1.538e+03	+7.724e+03	+1.040e+04	+0.834
103.600	+2.774e+03	+8.126e+03	+1.130e+04	+0.746
103.700	+3.194e+03	+5.880e+03	+9.701e+03	+0.648
103.800	+3.469e+03	+6.971e+03	+9.934e+03	+0.668
103.900	+2.773e+03	+6.348e+03	+9.372e+03	+0.696
104.000	+5.214e+03	+3.461e+03	+1.011e+04	+0.399
104.100	+6.968e+03	+3.640e+03	+9.712e+03	+0.343
104.200	+6.930e+03	+2.726e+03	+9.657e+03	+0.282
104.300	+8.131e+03	+1.666e+03	+9.872e+03	+0.170
104.400	+7.583e+03	+2.638e+03	+9.649e+03	+0.258
104.500	+6.221e+03	+1.432e+03	+1.083e+04	+0.187
104.600	+7.040e+03	+2.069e+03	+9.637e+03	+0.227
104.700	+5.990e+03	+3.231e+03	+1.088e+04	+0.350
104.800	+7.037e+03	+2.971e+03	+1.075e+04	+0.297
104.900	+4.915e+03	+4.151e+03	+9.717e+03	+0.458
105.000	+8.377e+03	+1.513e+03	+1.092e+04	+0.153
105.100	+7.036e+03	+2.496e+03	+8.673e+03	+0.262
105.200	+6.961e+03	+2.628e+03	+1.142e+04	+0.274
105.300	+6.348e+03	+2.683e+03	+1.093e+04	+0.297
105.400	+7.191e+03	+2.469e+03	+1.004e+04	+0.256
105.500	+8.609e+03	+2.699e+03	+8.547e+03	+0.239
105.600	+6.210e+03	+3.093e+03	+9.193e+03	+0.332
105.700	+6.448e+03	+2.809e+03	+1.063e+04	+0.303
105.800	+6.266e+03	+2.059e+03	+1.001e+04	+0.247
105.900	+8.083e+03	+3.180e+03	+9.453e+03	+0.282
106.000	+4.106e+03	+6.059e+03	+9.996e+03	+0.596
106.100	+1.714e+03	+7.470e+03	+1.137e+04	+0.813
106.200	+2.704e+03	+6.180e+03	+1.138e+04	+0.696
106.300	+3.994e+03	+8.333e+03	+1.011e+04	+0.676
106.400	+3.133e+03	+7.390e+03	+9.878e+03	+0.702
106.500	+2.668e+03	+7.862e+03	+1.088e+04	+0.747
106.600	+3.500e+03	+6.949e+03	+1.015e+04	+0.665
106.700	+1.970e+03	+6.040e+03	+1.057e+04	+0.754
106.800	+1.801e+03	+6.319e+03	+9.822e+03	+0.778
106.900	+3.178e+03	+5.598e+03	+1.094e+04	+0.638
107.000	+3.465e+03	+6.632e+03	+9.554e+03	+0.657
107.100	+3.283e+03	+6.615e+03	+1.035e+04	+0.668
107.200	+4.888e+03	+4.097e+03	+9.169e+03	+0.456
107.300	+6.866e+03	+1.522e+03	+1.018e+04	+0.181
107.400	+7.952e+03	+2.786e+03	+9.883e+03	+0.259
107.500	+7.658e+03	+3.987e+03	+8.549e+03	+0.342
107.600	+6.162e+03	+2.508e+03	+1.067e+04	+0.289
107.700	+7.943e+03	+2.300e+03	+1.043e+04	+0.225
107.800	+5.775e+03	+2.158e+03	+1.025e+04	+0.272
107.900	+6.549e+03	+1.336e+03	+8.947e+03	+0.169
108.000	+8.323e+03	+2.371e+03	+8.974e+03	+0.222
108.100	+6.755e+03	+2.556e+03	+9.706e+03	+0.274
108.200	+7.817e+03	+3.201e+03	+9.735e+03	+0.291
108.300	+6.382e+03	+3.359e+03	+1.128e+04	+0.345
108.400	+4.615e+03	+5.484e+03	+1.091e+04	+0.543
108.500	+1.263e+03	+6.330e+03	+8.810e+03	+0.834
108.600	+3.370e+03	+6.833e+03	+9.491e+03	+0.670
108.700	+4.475e+03	+8.966e+03	+9.130e+03	+0.667
108.800	+1.879e+03	+6.512e+03	+9.902e+03	+0.776
108.900	+3.442e+03	+7.602e+03	+8.848e+03	+0.688
109.000	+2.448e+03	+6.440e+03	+9.536e+03	+0.725
109.100	+3.016e+03	+6.337e+03	+1.114e+04	+0.678
109.200	+2.917e+03	+7.202e+03	+9.071e+03	+0.712
109.300	+3.263e+03	+6.608e+03	+9.990e+03	+0.669
109.400	+3.668e+03	+7.833e+03	+9.280e+03	+0.681
109.500	+3.655e+03	+6.244e+03	+8.834e+03	+0.631
109.600	+2.819e+03	+5.744e+03	+1.018e+04	+0.671
109.700	+3.255e+03	+6.361e+03	+1.054e+04	+0.662
109.800	+4.031e+03	+6.295e+03	+1.132e+04	+0.610
109.900	+3.902e+03	+6.168e+03	+1.153e+04	+0.612
110.000	+1.768e+03	+6.780e+03	+9.230e+03	+0.793
110.100	+3.930e+03	+6.773e+03	+1.102e+04	+0.633
110.200	+3.130e+03	+5.622e+03	+1.023e+04	+0.642
110.300	+2.005e+03	+8.031e+03	+8.583e+03	+0.800
110.400	+2.617e+03	+6.596e+03	+1.048e+04	+0.716
110.500	+2.942e+03	+6.351e+03	+1.003e+04	+0.683
110.600	+3.078e+03	+8.047e+03	+1.046e+04	+0.723
110.700	+2.739e+03	+7.072e+03	+9.681e+03	+0.721
110.800	+1.950e+03	+6.076e+03	+9.798e+03	+0.757
110.900	+3.309e+03	+5.721e+03	+1.066e+04	+0.634
111.000	+3.312e+03	+6.891e+03	+1.154e+04	+0.675
111.100	+3.627e+03	+6.319e+03	+9.112e+03	+0.635
111.200	+3.234e+03	+7.737e+03	+7.243e+03	+0.705
111.300	+2.000e+03	+9.337e+03	+1.050e+04	+0.824
111.400	+2.793e+03	+6.697e+03	+1.151e+04	+0.706
111.500	+3.924e+03	+7.395e+03	+1.036e+04	+0.653
111.600	+3.235e+03	+7.128e+03	+8.509e+03	+0.688
111.700	+3.402e+03	+7.966e+03	+1.127e+04	+0.701
111.800	+3.846e+03	+7.855e+03	+1.029e+04	+0.671
111.900	+2.950e+03	+6.172e+03	+1.092e+04	+0.677
112.000	+3.190e+03	+7.091e+03	+1.057e+04	+0.690
112.100	+3.759e+03	+7.038e+03	+1.135e+04	+0.652
112.200	+2.947e+03	+6.092e+03	+1.156e+04	+0.674
112.300	+3.522e+03	+7.793e+03	+1.052e+04	+0.689
112.400	+3.319e+03	+7.407e+03	+1.030e+04	+0.691
112.500	+4.108e+03	+6.591e+03	+1.032e+04	+0.616
112.600	+1.138e+03	+7.882e+03	+1.054e+04	+0.874
112.700	+4.698e+03	+6.748e+03	+8.701e+03	+0.590
112.800	+3.535e+03	+6.375e+03	+1.070e+04	+0.643
112.900	+2.916e+03	+5.785e+03	+9.316e+03	+0.665
113.000	+3.583e+03	+6.629e+03	+1.162e+04	+0.649
113.100	+3.348e+03	+6.426e+03	+9.740e+03	+0.657
113.200	+3.344e+03	+5.682e+03	+8.760e+03	+0.630
113.300	+3.154e+03	+7.292e+03	+9.484e+03	+0.698
113.400	+2.537e+03	+7.265e+03	+1.019e+04	+0.741
113.500	+1.512e+03	+7.386e+03	+9.283e+03	+0.830
113.600	+2.100e+03	+7.003e+03	+1.108e+04	+0.769
113.700	+3.384e+03	+7.162e+03	+9.208e+03	+0.679
113.800	+4.627e+03	+6.613e+03	+9.546e+03	+0.588
113.900	+3.799e+03	+7.451e+03	+8.976e+03	+0.662
114.000	+4.076e+03	+7.374e+03	+9.490e+03	+0.644
114.100	+3.514e+03	+7.449e+03	+1.003e+04	+0.679
114.200	+4.499e+03	+8.124e+03	+9.220e+03	+0.644
114.300	+2.922e+03	+9.869e+03	+1.034e+04	+0.772
114.400	+3.014e+03	+6.116e+03	+9.728e+03	+0.670
114.500	+4.006e+03	+6.786e+03	+1.136e+04	+0.629
114.600	+1.133e+03	+5.555e+03	+1.050e+04	+0.831
114.700	+2.848e+03	+8.053e+03	+8.681e+03	+0.739
114.800	+1.005e+03	+7.040e+03	+8.928e+03	+0.875
114.900	+2.315e+03	+7.619e+03	+1.090e+04	+0.767
115.000	+4.213e+03	+6.873e+03	+1.028e+04	+0.620
115.100	+3.630e+03	+6.890e+03	+9.792e+03	+0.655
115.200	+2.980e+03	+7.031e+03	+9.357e+03	+0.702
115.300	+2.827e+03	+8.438e+03	+1.008e+04	+0.749
115.400	+2.881e+03	+7.359e+03	+1.015e+04	+0.719
115.500	+5.616e+03	+5.069e+03	+1.038e+04	+0.474
115.600	+9.302e+03	+1.889e+03	+9.768e+03	+0.169
115.700	+5.706e+03	+3.266e+03	+8.819e+03	+0.364
115.800	+7.212e+03	+2.859e+03	+9.392e+03	+0.284
115.900	+6.917e+03	+2.485e+03	+9.161e+03	+0.264
116.000	+6.716e+03	+3.922e+03	+1.135e+04	+0.369
116.100	+8.160e+03	+2.505e+03	+1.082e+04	+0.235
116.200	+3.702e+03	+5.308e+03	+1.017e+04	+0.589
116.300	+2.700e+03	+5.854e+03	+1.066e+04	+0.684
116.400	+3.356e+03	+8.728e+03	+1.030e+04	+0.722
116.500	+2.723e+03	+7.318e+03	+1.052e+04	+0.729
116.600	+4.585e+03	+4.762e+03	+1.141e+04	+0.510
116.700	+3.377e+03	+6.644e+03	+1.065e+04	+0.663
116.800	+2.323e+03	+7.036e+03	+9.876e+03	+0.752
116.900	+1.791e+03	+8.514e+03	+1.069e+04	+0.826
117.000	+3.254e+03	+5.760e+03	+9.499e+03	+0.639
117.100	+1.275e+03	+7.517e+03	+1.074e+04	+0.855
117.200	+3.339e+03	+6.757e+03	+9.899e+03	+0.669
117.300	+3.839e+03	+7.642e+03	+1.087e+04	+0.666
117.400	+2.971e+03	+5.763e+03	+9.719e+03	+0.660
117.500	+4.206e+03	+7.234e+03	+9.981e+03	+0.632
117.600	+2.026e+03	+6.867e+03	+1.029e+04	+0.772
117.700	+3.085e+03	+7.061e+03	+1.049e+04	+0.696
117.800	+3.696e+03	+6.335e+03	+1.056e+04	+0.632
117.900	+3.485e+03	+6.967e+03	+7.787e+03	+0.667
118.000	+1.561e+03	+7.641e+03	+1.041e+04	+0.830
118.100	+2.778e+03	+7.211e+03	+1.072e+04	+0.722
118.200	+3.628e+03	+7.265e+03	+9.259e+03	+0.667
118.300	+3.474e+03	+5.708e+03	+9.678e+03	+0.622
118.400	+2.310e+03	+5.835e+03	+9.874e+03	+0.716
118.500	+2.498e+03	+6.479e+03	+9.510e+03	+0.722
118.600	+3.335e+03	+7.139e+03	+1.115e+04	+0.682
118.700	+3.052e+03	+6.325e+03	+1.014e+04	+0.675
118.800	+2.831e+03	+7.389e+03	+1.097e+04	+0.723
118.900	+2.066e+03	+7.085e+03	+1.012e+04	+0.774
119.000	+2.323e+03	+6.730e+03	+9.044e+03	+0.743
119.100	+2.983e+03	+7.050e+03	+1.030e+04	+0.703
119.200	+2.673e+03	+6.097e+03	+1.107e+04	+0.695
119.300	+3.707e+03	+6.624e+03	+8.115e+03	+0.641
119.400	+3.043e+03	+8.146e+03	+1.025e+04	+0.728
119.500	+3.536e+03	+8.045e+03	+1.059e+04	+0.695
119.600	+3.909e+03	+7.341e+03	+1.020e+04	+0.653
119.700	+3.827e+03	+7.726e+03	+1.005e+04	+0.669
119.800	+6.057e+03	+4.595e+03	+1.063e+04	+0.431
119.900	+5.976e+03	+3.535e+03	+1.063e+04	+0.372
120.000	+5.820e+03	+3.844e+03	+9.756e+03	+0.398
120.100	+6.976e+03	+3.333e+03	+8.893e+03	+0.323
120.200	+6.585e+03	+4.265e+03	+9.102e+03	+0.393
120.300	+6.370e+03	+3.194e+03	+9.316e+03	+0.334
120.400	+6.894e+03	+2.591e+03	+1.031e+04	+0.273
120.500	+7.185e+03	+3.667e+03	+9.321e+03	+0.338
120.600	+8.375e+03	+4.072e+03	+1.058e+04	+0.327
120.700	+7.937e+03	+3.866e+03	+1.001e+04	+0.328
120.800	+6.481e+03	+2.433e+03	+9.761e+03	+0.273
120.900	+6.608e+03	+2.730e+03	+1.037e+04	+0.292
121.000	+6.688e+03	+2.752e+03	+9.316e+03	+0.292
121.100	+6.737e+03	+3.654e+03	+9.897e+03	+0.352
121.200	+6.302e+03	+3.140e+03	+1.052e+04	+0.333
121.300	+2.956e+03	+8.324e+03	+1.024e+04	+0.738
121.400	+4.604e+03	+5.501e+03	+1.001e+04	+0.544
121.500	+5.835e+03	+3.587e+03	+9.254e+03	+0.381
121.600	+7.069e+03	+2.057e+03	+9.979e+03	+0.225
121.700	+6.922e+03	+1.478e+03	+9.576e+03	+0.176
121.800	+7.727e+03	+3.030e+03	+9.658e+03	+0.282
121.900	+5.959e+03	+2.257e+03	+1.027e+04	+0.275
122.000	+6.427e+03	+3.768e+03	+8.417e+03	+0.370
122.100	+7.456e+03	+1.601e+03	+1.058e+04	+0.177
122.200	+8.087e+03	+3.135e+03	+9.724e+03	+0.279
122.300	+8.717e+03	+2.389e+03	+1.104e+04	+0.215
122.400	+5.841e+03	+2.771e+03	+1.006e+04	+0.322
122.500	+2.839e+03	+4.385e+03	+9.241e+03	+0.607
122.600	+2.308e+03	+8.360e+03	+1.027e+04	+0.784
122.700	+2.954e+03	+6.491e+03	+9.461e+03	+0.687
122.800	+2.554e+03	+8.656e+03	+9.972e+03	+0.772
122.900	+2.943e+03	+5.692e+03	+8.319e+03	+0.659
123.000	+1.690e+03	+6.772e+03	+8.451e+03	+0.800
123.100	+3.963e+03	+6.298e+03	+1.049e+04	+0.614
123.200	+3.804e+03	+7.463e+03	+1.112e+04	+0.662
123.300	+2.622e+03	+6.567e+03	+1.139e+04	+0.715
123.400	+4.676e+03	+7.161e+03	+1.014e+04	+0.605
123.500	+2.617e+03	+7.316e+03	+1.016e+04	+0.737
123.600	+1.879e+03	+7.313e+03	+1.051e+04	+0.796
123.700	+2.492e+03	+6.989e+03	+1.003e+04	+0.737
123.800	+3.375e+03	+7.296e+03	+9.843e+03	+0.684
123.900	+1.331e+03	+5.742e+03	+9.949e+03	+0.812
124.000	+4.691e+03	+6.614e+03	+1.008e+04	+0.585
124.100	+2.341e+03	+5.842e+03	+9.989e+03	+0.714
124.200	+4.313e+03	+7.267e+03	+1.044e+04	+0.628
124.300	+4.506e+03	+7.593e+03	+1.214e+04	+0.628
124.400	+1.776e+03	+6.776e+03	+9.416e+03	+0.792
124.500	+3.702e+03	+7.007e+03	+1.010e+04	+0.654
124.600	+1.946e+03	+7.358e+03	+1.105e+04	+0.791
124.700	+3.511e+03	+8.363e+03	+1.039e+04	+0.704
124.800	+2.734e+03	+7.806e+03	+1.187e+04	+0.741
124.900	+2.354e+03	+6.964e+03	+9.229e+03	+0.747
125.000	+1.909e+03	+7.542e+03	+9.405e+03	+0.798
125.100	+3.484e+03	+6.160e+03	+8.734e+03	+0.639
125.200	+2.092e+03	+7.124e+03	+1.243e+04	+0.773
125.300	+2.714e+03	+5.773e+03	+8.985e+03	+0.680
125.400	+2.129e+03	+6.192e+03	+1.057e+04	+0.744
125.500	+2.299e+03	+7.674e+03	+8.815e+03	+0.769
125.600	+2.888e+03	+6.728e+03	+9.881e+03	+0.700
125.700	+3.199e+03	+7.574e+03	+9.658e+03	+0.703
125.800	+3.188e+03	+8.722e+03	+9.295e+03	+0.732
125.900	+2.045e+03	+6.699e+03	+1.020e+04	+0.766
126.000	+4.450e+03	+6.966e+03	+1.165e+04	+0.610
126.100	+3.112e+03	+7.423e+03	+9.968e+03	+0.705
126.200	+3.432e+03	+8.258e+03	+8.442e+03	+0.706
126.300	+2.429e+03	+5.912e+03	+9.770e+03	+0.709
126.400	+2.989e+03	+6.777e+03	+9.826e+03	+0.694
126.500	+5.434e+03	+5.089e+03	+9.744e+03	+0.484
126.600	+6.427e+03	+3.875e+03	+9.872e+03	+0.376
126.700	+7.858e+03	+3.040e+03	+9.682e+03	+0.279
126.800	+7.350e+03	+2.839e+03	+1.131e+04	+0.279
126.900	+7.355e+03	+2.627e+03	+1.042e+04	+0.263
127.000	+7.387e+03	+2.595e+03	+1.034e+04	+0.260
127.100	+6.692e+03	+3.483e+03	+9.599e+03	+0.342
127.200	+8.088e+03	+2.108e+03	+1.105e+04	+0.207
127.300	+7.969e+03	+1.495e+03	+9.315e+03	+0.158
127.400	+7.587e+03	+1.879e+03	+1.096e+04	+0.198
127.500	+6.258e+03	+2.643e+03	+1.061e+04	+0.297
127.600	+6.953e+03	+2.489e+03	+1.007e+04	+0.264
127.700	+6.720e+03	+3.327e+03	+1.036e+04	+0.331
127.800	+8.159e+03	+4.312e+03	+1.113e+04	+0.346
127.900	+7.643e+03	+2.358e+03	+1.137e+04	+0.236
128.000	+6.618e+03	+3.531e+03	+1.094e+04	+0.348
128.100	+7.117e+03	+2.387e+03	+1.063e+04	+0.251
128.200	+7.594e+03	+1.895e+03	+8.760e+03	+0.200
128.300	+6.219e+03	+1.921e+03	+9.604e+03	+0.236
128.400	+8.291e+03	+2.387e+03	+8.683e+03	+0.224
