%t (s)	Idd (a.u.)	Ida (a.u.)	Iaa (a.u.)	FRET E
0.000	+4.579e+03	+5.629e+03	+9.829e+03	+0.551
0.100	+3.155e+03	+6.851e+03	+1.021e+04	+0.685
0.200	+2.700e+03	+7.779e+03	+1.062e+04	+0.742
0.300	+3.814e+03	+7.769e+03	+9.077e+03	+0.671
0.400	+2.779e+03	+7.858e+03	+9.958e+03	+0.739
0.500	+2.246e+03	+6.684e+03	+1.040e+04	+0.749
0.600	+2.367e+03	+7.845e+03	+8.802e+03	+0.768
0.700	+5.829e+03	+4.186e+03	+9.957e+03	+0.418
0.800	+6.666e+03	+3.021e+03	+9.031e+03	+0.312
0.900	+6.653e+03	+4.393e+03	+9.855e+03	+0.398
1.000	+7.036e+03	+2.126e+03	+9.843e+03	+0.232
1.100	+6.689e+03	+2.498e+03	+1.064e+04	+0.272
1.200	+7.826e+03	+3.039e+03	+1.015e+04	+0.280
1.300	+5.947e+03	+3.860e+03	+1.035e+04	+0.394
1.400	+3.922e+03	+5.538e+03	+1.077e+04	+0.585
1.500	+3.684e+03	+5.847e+03	+9.139e+03	+0.613
1.600	+1.783e+03	+7.069e+03	+9.699e+03	+0.799
1.700	+3.186e+03	+7.017e+03	+1.050e+04	+0.688
1.800	+3.192e+03	+6.537e+03	+1.124e+04	+0.672
1.900	+4.805e+03	+7.028e+03	+9.153e+03	+0.594
2.000	+2.548e+03	+7.129e+03	+1.161e+04	+0.737
2.100	+2.056e+03	+7.348e+03	+1.042e+04	+0.781
2.200	+2.634e+03	+5.974e+03	+1.020e+04	+0.694
2.300	+3.754e+03	+6.789e+03	+1.138e+04	+0.644
2.400	+4.522e+03	+7.197e+03	+9.808e+03	+0.614
2.500	+5.345e+03	+5.498e+03	+1.023e+04	+0.507
2.600	+5.205e+03	+5.189e+03	+9.890e+03	+0.499
2.700	+3.570e+03	+8.382e+03	+1.046e+04	+0.701
2.800	+2.723e+03	+5.844e+03	+1.073e+04	+0.682
2.900	+2.483e+03	+6.534e+03	+1.087e+04	+0.725
3.000	+2.395e+03	+7.284e+03	+1.021e+04	+0.753
3.100	+3.281e+03	+7.868e+03	+8.541e+03	+0.706
3.200	+2.157e+03	+7.014e+03	+1.093e+04	+0.765
3.300	+3.001e+03	+5.674e+03	+1.120e+04	+0.654
3.400	+3.258e+03	+7.116e+03	+1.070e+04	+0.686
3.500	+3.818e+03	+6.569e+03	+8.264e+03	+0.632
3.600	+3.236e+03	+7.156e+03	+1.061e+04	+0.689
3.700	+2.676e+03	+7.957e+03	+9.751e+03	+0.748
3.800	+3.227e+03	+5.627e+03	+1.041e+04	+0.636
3.900	+1.975e+03	+7.335e+03	+9.696e+03	+0.788
4.000	+2.351e+03	+5.597e+03	+1.012e+04	+0.704
4.100	+2.319e+03	+7.348e+03	+9.141e+03	+0.760
4.200	+1.851e+03	+7.474e+03	+1.074e+04	+0.801
4.300	+4.243e+03	+7.227e+03	+1.093e+04	+0.630
4.400	+4.378e+03	+6.436e+03	+1.014e+04	+0.595
4.500	+3.684e+03	+7.781e+03	+9.797e+03	+0.679
4.600	+2.021e+03	+7.342e+03	+1.018e+04	+0.784
4.700	+3.102e+03	+7.161e+03	+9.232e+03	+0.698
4.800	+3.325e+03	+5.904e+03	+1.031e+04	+0.640
4.900	+4.319e+03	+6.249e+03	+1.036e+04	+0.591
5.000	+8.544e+03	+2.670e+03	+9.769e+03	+0.238
5.100	+6.478e+03	+1.914e+03	+1.002e+04	+0.228
5.200	+7.030e+03	+4.364e+03	+1.076e+04	+0.383
5.300	+6.806e+03	+2.363e+03	+9.382e+03	+0.258
5.400	+8.160e+03	+3.331e+03	+9.270e+03	+0.290
5.500	+7.280e+03	+1.774e+03	+1.017e+04	+0.196
5.600	+6.546e+03	+3.258e+03	+9.543e+03	+0.332
5.700	+6.553e+03	+3.214e+03	+9.029e+03	+0.329
5.800	+7.688e+03	+2.570e+03	+9.518e+03	+0.251
5.900	+7.536e+03	+2.352e+03	+1.025e+04	+0.238
6.000	+3.813e+03	+5.710e+03	+1.052e+04	+0.600
6.100	+4.249e+03	+6.745e+03	+9.818e+03	+0.614
6.200	+3.486e+03	+6.731e+03	+9.216e+03	+0.659
6.300	+2.521e+03	+7.933e+03	+1.059e+04	+0.759
6.400	+3.364e+03	+7.380e+03	+8.886e+03	+0.687
6.500	+4.054e+03	+6.677e+03	+1.145e+04	+0.622
6.600	+3.349e+03	+7.131e+03	+9.794e+03	+0.680
6.700	+3.539e+03	+5.638e+03	+9.393e+03	+0.614
6.800	+3.153e+03	+6.058e+03	+1.021e+04	+0.658
6.900	+3.340e+03	+7.664e+03	+1.148e+04	+0.696
7.000	+3.930e+03	+6.808e+03	+1.137e+04	+0.634
7.100	+3.899e+03	+7.490e+03	+1.139e+04	+0.658
7.200	+2.624e+03	+6.147e+03	+9.247e+03	+0.701
7.300	+2.812e+03	+7.975e+03	+1.126e+04	+0.739
7.400	+7.135e+03	+2.084e+03	+9.948e+03	+0.226
7.500	+6.572e+03	+3.333e+03	+1.115e+04	+0.336
7.600	+7.077e+03	+3.444e+03	+1.014e+04	+0.327
7.700	+7.318e+03	+3.366e+03	+8.746e+03	+0.315
7.800	+6.248e+03	+2.530e+03	+1.032e+04	+0.288
7.900	+7.092e+03	+1.699e+03	+1.075e+04	+0.193
8.000	+5.178e+03	+4.620e+03	+9.195e+03	+0.472
8.100	+5.378e+03	+2.007e+03	+1.038e+04	+0.272
8.200	+8.507e+03	+2.243e+03	+9.962e+03	+0.209
8.300	+7.438e+03	+4.247e+03	+1.030e+04	+0.363
8.400	+8.060e+03	+3.725e+03	+1.010e+04	+0.316
8.500	+8.196e+03	+3.931e+03	+1.009e+04	+0.324
8.600	+6.843e+03	+1.820e+03	+9.825e+03	+0.210
8.700	+7.184e+03	+3.108e+03	+8.770e+03	+0.302
8.800	+9.148e+03	+4.349e+03	+1.083e+04	+0.322
8.900	+7.287e+03	+2.407e+03	+9.357e+03	+0.248
9.000	+8.042e+03	+3.257e+03	+1.066e+04	+0.288
9.100	+6.153e+03	+2.036e+03	+9.392e+03	+0.249
9.200	+6.841e+03	+3.472e+03	+8.473e+03	+0.337
9.300	+6.227e+03	+2.205e+03	+1.076e+04	+0.261
9.400	+6.085e+03	+2.806e+03	+1.072e+04	+0.316
9.500	+8.332e+03	+2.944e+03	+9.997e+03	+0.261
9.600	+7.999e+03	+4.387e+03	+1.146e+04	+0.354
9.700	+6.688e+03	+2.981e+03	+7.363e+03	+0.308
9.800	+6.674e+03	+1.884e+03	+1.127e+04	+0.220
9.900	+5.668e+03	+1.909e+03	+9.735e+03	+0.252
10.000	+7.133e+03	+4.455e+03	+1.112e+04	+0.384
10.100	+1.487e+03	+7.218e+03	+9.609e+03	+0.829
10.200	+3.362e+03	+7.614e+03	+1.090e+04	+0.694
10.300	+2.330e+03	+7.917e+03	+8.290e+03	+0.773
10.400	+6.886e+03	+2.448e+03	+9.897e+03	+0.262
10.500	+6.490e+03	+1.359e+03	+1.053e+04	+0.173
10.600	+6.549e+03	+4.323e+03	+9.276e+03	+0.398
10.700	+7.580e+03	+2.585e+03	+8.917e+03	+0.254
10.800	+8.007e+03	+3.206e+03	+1.023e+04	+0.286
10.900	+6.687e+03	+3.796e+03	+1.088e+04	+0.362
11.000	+6.534e+03	+2.689e+03	+1.024e+04	+0.292
11.100	+6.507e+03	+2.624e+03	+9.870e+03	+0.287
11.200	+6.841e+03	+2.561e+03	+9.996e+03	+0.272
11.300	+8.263e+03	+2.205e+03	+9.489e+03	+0.211
11.400	+5.870e+03	+5.410e+03	+1.009e+04	+0.480
11.500	+2.839e+03	+6.676e+03	+1.091e+04	+0.702
11.600	+3.586e+03	+7.769e+03	+9.786e+03	+0.684
11.700	+3.467e+03	+5.921e+03	+1.004e+04	+0.631
11.800	+2.727e+03	+5.877e+03	+1.000e+04	+0.683
11.900	+4.639e+03	+6.269e+03	+9.132e+03	+0.575
12.000	+2.079e+03	+7.689e+03	+1.045e+04	+0.787
12.100	+3.716e+03	+6.374e+03	+9.605e+03	+0.632
12.200	+4.051e+03	+6.155e+03	+9.286e+03	+0.603
12.300	+3.651e+03	+6.954e+03	+1.021e+04	+0.656
12.400	+3.319e+03	+6.630e+03	+1.181e+04	+0.666
12.500	+3.130e+03	+8.237e+03	+8.711e+03	+0.725
12.600	+2.093e+03	+7.148e+03	+1.114e+04	+0.774
12.700	+2.795e+03	+6.497e+03	+9.169e+03	+0.699
12.800	+3.664e+03	+5.731e+03	+1.066e+04	+0.610
12.900	+4.123e+03	+6.587e+03	+8.426e+03	+0.615
13.000	+1.850e+03	+6.131e+03	+1.093e+04	+0.768
13.100	+2.443e+03	+6.035e+03	+9.681e+03	+0.712
13.200	+2.443e+03	+6.182e+03	+9.965e+03	+0.717
13.300	+3.978e+03	+7.022e+03	+9.961e+03	+0.638
13.400	+4.567e+03	+4.595e+03	+9.569e+03	+0.502
13.500	+7.899e+03	+2.483e+03	+9.756e+03	+0.239
13.600	+7.276e+03	+1.538e+03	+1.073e+04	+0.174
13.700	+6.846e+03	+4.564e+03	+9.860e+03	+0.400
13.800	+4.667e+03	+5.423e+03	+8.841e+03	+0.537
13.900	+3.738e+03	+6.742e+03	+1.066e+04	+0.643
14.000	+2.733e+03	+6.439e+03	+9.154e+03	+0.702
14.100	+2.889e+03	+7.810e+03	+9.303e+03	+0.730
14.200	+3.674e+03	+6.380e+03	+1.074e+04	+0.635
14.300	+3.610e+03	+6.340e+03	+9.724e+03	+0.637
14.400	+2.587e+03	+6.655e+03	+1.004e+04	+0.720
14.500	+3.294e+03	+7.479e+03	+1.150e+04	+0.694
14.600	+3.304e+03	+7.955e+03	+9.888e+03	+0.707
14.700	+3.036e+03	+7.382e+03	+9.713e+03	+0.709
14.800	+2.575e+03	+8.008e+03	+1.058e+04	+0.757
14.900	+1.856e+03	+6.385e+03	+9.660e+03	+0.775
15.000	+2.837e+03	+6.731e+03	+9.483e+03	+0.703
15.100	+2.548e+03	+6.564e+03	+9.186e+03	+0.720
15.200	+5.832e+03	+4.063e+03	+1.011e+04	+0.411
15.300	+3.901e+03	+5.709e+03	+1.057e+04	+0.594
15.400	+2.455e+03	+6.074e+03	+1.031e+04	+0.712
15.500	+3.650e+03	+8.252e+03	+1.050e+04	+0.693
15.600	+2.398e+03	+7.077e+03	+9.929e+03	+0.747
15.700	+7.228e+03	+3.532e+03	+1.042e+04	+0.328
15.800	+7.576e+03	+3.418e+03	+9.632e+03	+0.311
15.900	+4.280e+03	+6.146e+03	+9.939e+03	+0.590
16.000	+3.419e+03	+6.699e+03	+1.071e+04	+0.662
16.100	+3.249e+03	+6.155e+03	+1.156e+04	+0.655
16.200	+3.181e+03	+7.340e+03	+1.077e+04	+0.698
16.300	+4.816e+03	+7.505e+03	+1.011e+04	+0.609
16.400	+8.344e+03	+2.185e+03	+1.028e+04	+0.208
16.500	+6.928e+03	+2.939e+03	+8.745e+03	+0.298
16.600	+5.732e+03	+2.371e+03	+8.917e+03	+0.293
16.700	+7.202e+03	+3.094e+03	+9.776e+03	+0.300
16.800	+7.078e+03	+3.782e+03	+8.932e+03	+0.348
16.900	+8.237e+03	+3.697e+03	+9.945e+03	+0.310
17.000	+6.173e+03	+4.065e+03	+9.481e+03	+0.397
17.100	+3.902e+03	+5.910e+03	+9.279e+03	+0.602
17.200	+3.879e+03	+6.663e+03	+1.058e+04	+0.632
17.300	+2.390e+03	+6.680e+03	+1.031e+04	+0.736
17.400	+1.565e+03	+7.827e+03	+1.033e+04	+0.833
17.500	+2.500e+03	+7.085e+03	+9.900e+03	+0.739
17.600	+2.731e+03	+6.747e+03	+9.416e+03	+0.712
17.700	+3.160e+03	+6.709e+03	+9.329e+03	+0.680
17.800	+1.564e+03	+6.475e+03	+9.502e+03	+0.805
17.900	+2.391e+03	+6.591e+03	+9.595e+03	+0.734
18.000	+3.966e+03	+5.809e+03	+9.764e+03	+0.594
18.100	+3.003e+03	+8.317e+03	+1.081e+04	+0.735
18.200	+3.595e+03	+6.464e+03	+1.080e+04	+0.643
18.300	+2.602e+03	+5.986e+03	+9.718e+03	+0.697
18.400	+2.586e+03	+7.307e+03	+1.033e+04	+0.739
18.500	+4.061e+03	+6.931e+03	+8.528e+03	+0.631
18.600	+3.085e+03	+7.790e+03	+9.640e+03	+0.716
18.700	+2.888e+03	+8.273e+03	+8.056e+03	+0.741
18.800	+4.229e+03	+7.057e+03	+9.532e+03	+0.625
18.900	+2.097e+03	+6.373e+03	+1.000e+04	+0.752
19.000	+1.804e+03	+6.450e+03	+1.040e+04	+0.781
19.100	+3.798e+03	+7.829e+03	+8.391e+03	+0.673
19.200	+4.159e+03	+7.669e+03	+8.460e+03	+0.648
19.300	+3.395e+03	+6.932e+03	+1.176e+04	+0.671
19.400	+2.129e+03	+6.853e+03	+9.689e+03	+0.763
19.500	+1.688e+03	+8.595e+03	+1.087e+04	+0.836
19.600	+2.985e+03	+6.094e+03	+1.039e+04	+0.671
19.700	+3.687e+03	+6.982e+03	+1.042e+04	+0.654
19.800	+4.747e+03	+6.272e+03	+1.017e+04	+0.569
19.900	+3.396e+03	+6.980e+03	+9.797e+03	+0.673
20.000	+7.267e+03	+2.958e+03	+8.875e+03	+0.289
20.100	+7.029e+03	+3.266e+03	+1.020e+04	+0.317
20.200	+6.549e+03	+2.203e+03	+1.067e+04	+0.252
20.300	+7.238e+03	+2.957e+03	+1.097e+04	+0.290
20.400	+8.962e+03	+3.498e+03	+1.055e+04	+0.281
20.500	+5.765e+03	+2.788e+03	+9.955e+03	+0.326
20.600	+7.396e+03	+3.270e+03	+1.130e+04	+0.307
20.700	+7.483e+03	+3.606e+03	+9.781e+03	+0.325
20.800	+6.650e+03	+2.525e+03	+1.028e+04	+0.275
20.900	+7.260e+03	+3.028e+03	+1.021e+04	+0.294
21.000	+7.699e+03	+2.636e+03	+1.093e+04	+0.255
21.100	+6.397e+03	+3.383e+03	+1.168e+04	+0.346
21.200	+5.896e+03	+3.546e+03	+9.079e+03	+0.376
21.300	+3.575e+03	+6.761e+03	+1.017e+04	+0.654
21.400	+4.397e+03	+7.178e+03	+1.113e+04	+0.620
21.500	+1.874e+03	+8.411e+03	+1.123e+04	+0.818
21.600	+2.690e+03	+7.925e+03	+1.075e+04	+0.747
21.700	+2.824e+03	+7.070e+03	+8.861e+03	+0.715
21.800	+2.890e+03	+7.195e+03	+1.115e+04	+0.713
21.900	+2.544e+03	+7.796e+03	+7.838e+03	+0.754
22.000	+2.820e+03	+8.531e+03	+8.018e+03	+0.752
22.100	+2.994e+03	+7.286e+03	+9.526e+03	+0.709
22.200	+3.695e+03	+7.411e+03	+9.864e+03	+0.667
22.300	+5.126e+03	+7.686e+03	+1.065e+04	+0.600
22.400	+1.482e+03	+6.363e+03	+1.046e+04	+0.811
22.500	+2.623e+03	+8.300e+03	+8.740e+03	+0.760
22.600	+2.532e+03	+6.907e+03	+9.826e+03	+0.732
22.700	+2.878e+03	+6.826e+03	+1.077e+04	+0.703
22.800	+3.380e+03	+7.270e+03	+9.999e+03	+0.683
22.900	+3.153e+03	+7.481e+03	+1.053e+04	+0.703
23.000	+2.584e+03	+8.191e+03	+9.758e+03	+0.760
23.100	+4.230e+03	+7.071e+03	+9.793e+03	+0.626
23.200	+4.764e+03	+6.630e+03	+8.549e+03	+0.582
23.300	+2.097e+03	+7.541e+03	+1.202e+04	+0.782
23.400	+1.500e+03	+6.308e+03	+1.064e+04	+0.808
23.500	+4.716e+03	+4.552e+03	+1.055e+04	+0.491
23.600	+5.315e+03	+3.973e+03	+8.928e+03	+0.428
23.700	+6.562e+03	+2.994e+03	+8.661e+03	+0.313
23.800	+3.349e+03	+8.305e+03	+9.374e+03	+0.713
23.900	+3.575e+03	+7.207e+03	+8.704e+03	+0.668
24.000	+3.949e+03	+7.138e+03	+1.074e+04	+0.644
24.100	+4.396e+03	+7.049e+03	+9.047e+03	+0.616
24.200	+2.449e+03	+7.161e+03	+1.017e+04	+0.745
24.300	+2.996e+03	+5.238e+03	+9.710e+03	+0.636
24.400	+3.581e+03	+6.905e+03	+1.027e+04	+0.659
24.500	+3.230e+03	+8.588e+03	+1.083e+04	+0.727
24.600	+1.252e+03	+6.750e+03	+9.805e+03	+0.844
24.700	+1.617e+03	+6.724e+03	+1.157e+04	+0.806
24.800	+2.582e+03	+7.563e+03	+8.856e+03	+0.745
24.900	+3.375e+03	+6.363e+03	+9.957e+03	+0.653
25.000	+2.079e+03	+6.902e+03	+9.334e+03	+0.769
25.100	+2.466e+03	+7.838e+03	+9.791e+03	+0.761
25.200	+3.537e+03	+6.138e+03	+9.667e+03	+0.634
25.300	+4.459e+03	+5.472e+03	+8.433e+03	+0.551
25.400	+2.981e+03	+6.497e+03	+1.084e+04	+0.685
25.500	+3.381e+03	+7.474e+03	+9.771e+03	+0.689
25.600	+3.408e+03	+7.843e+03	+1.097e+04	+0.697
25.700	+3.262e+03	+7.938e+03	+8.951e+03	+0.709
25.800	+4.120e+03	+4.975e+03	+1.004e+04	+0.547
25.900	+7.646e+03	+2.878e+03	+9.037e+03	+0.273
26.000	+3.001e+03	+6.641e+03	+1.039e+04	+0.689
26.100	+2.812e+03	+7.762e+03	+1.022e+04	+0.734
26.200	+2.323e+03	+7.037e+03	+9.274e+03	+0.752
26.300	+6.356e+03	+4.493e+03	+1.066e+04	+0.414
26.400	+5.614e+03	+2.940e+03	+1.085e+04	+0.344
26.500	+6.388e+03	+2.985e+03	+8.608e+03	+0.318
26.600	+3.163e+03	+7.666e+03	+9.459e+03	+0.708
26.700	+1.301e+03	+7.398e+03	+1.012e+04	+0.850
26.800	+2.592e+03	+7.224e+03	+1.024e+04	+0.736
26.900	+2.082e+03	+7.245e+03	+1.076e+04	+0.777
27.000	+2.262e+03	+7.197e+03	+9.391e+03	+0.761
27.100	+2.754e+03	+7.815e+03	+9.628e+03	+0.739
27.200	+2.556e+03	+7.044e+03	+1.033e+04	+0.734
27.300	+2.220e+03	+7.060e+03	+1.006e+04	+0.761
27.400	+3.055e+03	+6.051e+03	+1.021e+04	+0.665
27.500	+3.173e+03	+7.020e+03	+8.240e+03	+0.689
27.600	+3.536e+03	+5.945e+03	+1.031e+04	+0.627
27.700	+2.798e+03	+6.204e+03	+9.332e+03	+0.689
27.800	+5.606e+03	+2.635e+03	+1.114e+04	+0.320
27.900	+8.814e+03	+3.049e+03	+9.535e+03	+0.257
28.000	+7.147e+03	+3.545e+03	+1.063e+04	+0.332
28.100	+6.534e+03	+2.962e+03	+9.712e+03	+0.312
28.200	+6.332e+03	+1.521e+03	+9.817e+03	+0.194
28.300	+6.103e+03	+4.721e+03	+1.109e+04	+0.436
28.400	+3.015e+03	+7.387e+03	+1.026e+04	+0.710
28.500	+1.731e+03	+7.817e+03	+8.272e+03	+0.819
28.600	+3.518e+03	+5.876e+03	+1.142e+04	+0.625
28.700	+3.098e+03	+7.987e+03	+8.102e+03	+0.720
28.800	+2.498e+03	+6.430e+03	+1.057e+04	+0.720
28.900	+3.257e+03	+6.273e+03	+9.703e+03	+0.658
29.000	+2.568e+03	+7.854e+03	+1.075e+04	+0.754
29.100	+2.770e+03	+8.059e+03	+1.001e+04	+0.744
29.200	+2.093e+03	+7.063e+03	+1.041e+04	+0.771
29.300	+2.772e+03	+8.134e+03	+1.003e+04	+0.746
29.400	+3.700e+03	+6.066e+03	+9.681e+03	+0.621
29.500	+2.900e+03	+6.987e+03	+9.013e+03	+0.707
29.600	+2.894e+03	+7.693e+03	+9.022e+03	+0.727
29.700	+1.802e+03	+6.776e+03	+1.132e+04	+0.790
29.800	+2.296e+03	+8.288e+03	+8.906e+03	+0.783
29.900	+3.258e+03	+6.961e+03	+9.312e+03	+0.681
30.000	+1.597e+03	+6.284e+03	+9.541e+03	+0.797
30.100	+3.639e+03	+6.571e+03	+9.281e+03	+0.644
30.200	+2.416e+03	+7.273e+03	+1.038e+04	+0.751
30.300	+3.181e+03	+7.660e+03	+1.163e+04	+0.707
30.400	+2.533e+03	+7.312e+03	+1.063e+04	+0.743
30.500	+2.370e+03	+7.322e+03	+1.041e+04	+0.755
30.600	+6.728e+03	+2.980e+03	+1.002e+04	+0.307
30.700	+6.836e+03	+1.430e+03	+1.053e+04	+0.173
30.800	+7.213e+03	+3.426e+03	+1.042e+04	+0.322
30.900	+6.811e+03	+2.881e+03	+1.065e+04	+0.297
31.000	+7.775e+03	+2.068e+03	+1.063e+04	+0.210
31.100	+7.035e+03	+3.585e+03	+9.374e+03	+0.338
31.200	+6.816e+03	+4.319e+03	+1.034e+04	+0.388
31.300	+7.557e+03	+2.801e+03	+9.532e+03	+0.270
31.400	+5.963e+03	+5.197e+03	+1.030e+04	+0.466
31.500	+7.233e+03	+3.405e+03	+8.356e+03	+0.320
31.600	+8.016e+03	+3.673e+03	+1.021e+04	+0.314
31.700	+7.418e+03	+2.787e+03	+1.070e+04	+0.273
31.800	+7.614e+03	+3.503e+03	+1.060e+04	+0.315
31.900	+7.572e+03	+2.622e+03	+9.169e+03	+0.257
32.000	+7.629e+03	+2.981e+03	+9.749e+03	+0.281
32.100	+7.208e+03	+2.752e+03	+1.034e+04	+0.276
32.200	+7.380e+03	+4.092e+03	+9.902e+03	+0.357
32.300	+8.082e+03	+2.330e+03	+1.061e+04	+0.224
32.400	+6.064e+03	+2.790e+03	+9.617e+03	+0.315
32.500	+7.409e+03	+1.859e+03	+9.916e+03	+0.201
32.600	+7.410e+03	+1.177e+03	+9.131e+03	+0.137
32.700	+7.005e+03	+2.980e+03	+8.397e+03	+0.298
32.800	+7.513e+03	+3.139e+03	+9.459e+03	+0.295
32.900	+8.623e+03	+4.602e+03	+1.003e+04	+0.348
33.000	+5.950e+03	+2.140e+03	+9.790e+03	+0.265
33.100	+7.808e+03	+3.361e+03	+9.447e+03	+0.301
33.200	+7.594e+03	+3.024e+03	+1.010e+04	+0.285
33.300	+7.225e+03	+2.728e+03	+9.222e+03	+0.274
33.400	+6.943e+03	+2.502e+03	+1.039e+04	+0.265
33.500	+8.660e+03	+3.749e+03	+1.054e+04	+0.302
33.600	+6.287e+03	+2.665e+03	+1.019e+04	+0.298
33.700	+6.971e+03	+4.002e+03	+9.883e+03	+0.365
33.800	+7.995e+03	+3.006e+03	+9.862e+03	+0.273
33.900	+7.777e+03	+2.325e+03	+8.916e+03	+0.230
34.000	+7.201e+03	+2.941e+03	+1.059e+04	+0.290
34.100	+6.365e+03	+2.507e+03	+9.489e+03	+0.283
34.200	+6.774e+03	+2.837e+03	+9.836e+03	+0.295
34.300	+5.653e+03	+2.360e+03	+8.749e+03	+0.295
34.400	+8.742e+03	+3.027e+03	+1.003e+04	+0.257
34.500	+6.893e+03	+4.174e+03	+1.120e+04	+0.377
34.600	+6.455e+03	+1.397e+03	+9.992e+03	+0.178
34.700	+7.112e+03	+3.770e+03	+8.151e+03	+0.346
34.800	+7.084e+03	+3.104e+03	+9.214e+03	+0.305
34.900	+4.343e+03	+5.792e+03	+1.099e+04	+0.571
35.000	+3.173e+03	+5.903e+03	+9.450e+03	+0.650
35.100	+2.891e+03	+7.295e+03	+9.876e+03	+0.716
35.200	+3.283e+03	+6.997e+03	+9.974e+03	+0.681
35.300	+2.414e+03	+6.874e+03	+9.754e+03	+0.740
35.400	+2.939e+03	+5.893e+03	+9.975e+03	+0.667
35.500	+4.390e+03	+5.256e+03	+9.404e+03	+0.545
35.600	+3.522e+03	+6.209e+03	+1.047e+04	+0.638
35.700	+3.580e+03	+6.135e+03	+1.062e+04	+0.632
35.800	+3.308e+03	+6.272e+03	+1.033e+04	+0.655
35.900	+4.387e+03	+6.001e+03	+8.156e+03	+0.578
36.000	+3.142e+03	+5.580e+03	+8.381e+03	+0.640
36.100	+3.255e+03	+5.500e+03	+8.869e+03	+0.628
36.200	+4.122e+03	+8.752e+03	+1.096e+04	+0.680
36.300	+4.029e+03	+7.114e+03	+9.277e+03	+0.638
36.400	+2.399e+03	+5.780e+03	+1.231e+04	+0.707
36.500	+3.675e+03	+7.576e+03	+9.703e+03	+0.673
36.600	+2.153e+03	+7.909e+03	+1.049e+04	+0.786
36.700	+2.107e+03	+8.351e+03	+8.942e+03	+0.799
36.800	+4.103e+03	+6.117e+03	+9.609e+03	+0.598
36.900	+3.306e+03	+8.291e+03	+9.980e+03	+0.715
37.000	+3.924e+03	+8.838e+03	+1.033e+04	+0.693
37.100	+3.310e+03	+6.985e+03	+1.052e+04	+0.678
37.200	+3.540e+03	+6.439e+03	+9.508e+03	+0.645
37.300	+4.261e+03	+6.884e+03	+1.026e+04	+0.618
37.400	+5.358e+03	+2.249e+03	+1.010e+04	+0.296
37.500	+4.999e+03	+2.718e+03	+1.142e+04	+0.352
37.600	+5.930e+03	+3.121e+03	+9.330e+03	+0.345
37.700	+7.635e+03	+2.266e+03	+9.949e+03	+0.229
37.800	+6.386e+03	+3.335e+03	+1.112e+04	+0.343
37.900	+5.011e+03	+5.230e+03	+1.032e+04	+0.511
38.000	+2.804e+03	+8.139e+03	+1.117e+04	+0.744
38.100	+2.937e+03	+8.857e+03	+1.086e+04	+0.751
38.200	+2.577e+03	+5.553e+03	+9.864e+03	+0.683
38.300	+1.897e+03	+7.234e+03	+9.557e+03	+0.792
38.400	+3.480e+03	+6.129e+03	+9.492e+03	+0.638
38.500	+2.623e+03	+6.894e+03	+1.004e+04	+0.724
38.600	+5.537e+03	+4.730e+03	+1.000e+04	+0.461
38.700	+7.246e+03	+3.025e+03	+9.838e+03	+0.295
38.800	+4.055e+03	+5.938e+03	+1.030e+04	+0.594
38.900	+2.764e+03	+6.011e+03	+9.989e+03	+0.685
39.000	+2.634e+03	+6.632e+03	+9.630e+03	+0.716
39.100	+2.049e+03	+8.196e+03	+9.973e+03	+0.800
39.200	+3.593e+03	+7.809e+03	+9.542e+03	+0.685
39.300	+3.239e+03	+7.776e+03	+9.381e+03	+0.706
39.400	+1.361e+03	+7.179e+03	+1.035e+04	+0.841
39.500	+2.957e+03	+6.025e+03	+1.004e+04	+0.671
39.600	+2.491e+03	+6.964e+03	+9.862e+03	+0.737
39.700	+2.910e+03	+8.141e+03	+1.055e+04	+0.737
39.800	+2.738e+03	+5.339e+03	+9.418e+03	+0.661
39.900	+2.731e+03	+7.733e+03	+1.090e+04	+0.739
40.000	+3.446e+03	+6.843e+03	+1.009e+04	+0.665
40.100	+4.745e+03	+6.373e+03	+9.088e+03	+0.573
40.200	+5.673e+03	+3.911e+03	+9.783e+03	+0.408
40.300	+6.143e+03	+3.135e+03	+9.129e+03	+0.338
40.400	+4.851e+03	+2.175e+03	+1.076e+04	+0.310
40.500	+7.732e+03	+1.791e+03	+1.117e+04	+0.188
40.600	+7.220e+03	+2.565e+03	+1.000e+04	+0.262
40.700	+7.479e+03	+3.438e+03	+1.026e+04	+0.315
40.800	+6.843e+03	+2.905e+03	+9.582e+03	+0.298
40.900	+5.721e+03	+3.481e+03	+1.027e+04	+0.378
41.000	+7.505e+03	+2.837e+03	+1.118e+04	+0.274
41.100	+4.896e+03	+2.929e+03	+9.286e+03	+0.374
41.200	+7.076e+03	+2.862e+03	+9.890e+03	+0.288
41.300	+6.762e+03	+2.130e+03	+9.553e+03	+0.240
41.400	+6.898e+03	+3.602e+03	+9.993e+03	+0.343
41.500	+6.816e+03	+2.273e+03	+9.959e+03	+0.250
41.600	+6.711e+03	+3.562e+03	+1.059e+04	+0.347
41.700	+7.521e+03	+4.375e+03	+9.503e+03	+0.368
41.800	+7.966e+03	+3.155e+03	+1.047e+04	+0.284
41.900	+6.288e+03	+4.441e+03	+1.022e+04	+0.414
42.000	+7.966e+03	+2.589e+03	+1.029e+04	+0.245
42.100	+8.666e+03	+3.068e+03	+1.058e+04	+0.261
42.200	+5.875e+03	+3.024e+03	+1.072e+04	+0.340
42.300	+7.404e+03	+2.121e+03	+1.050e+04	+0.223
42.400	+6.878e+03	+3.181e+03	+9.784e+03	+0.316
42.500	+7.178e+03	+1.913e+03	+9.838e+03	+0.210
42.600	+8.002e+03	+4.119e+03	+9.528e+03	+0.340
42.700	+4.740e+03	+2.431e+03	+9.583e+03	+0.339
42.800	+2.925e+03	+6.080e+03	+1.158e+04	+0.675
42.900	+3.244e+03	+8.012e+03	+1.038e+04	+0.712
43.000	+3.325e+03	+6.705e+03	+9.998e+03	+0.669
43.100	+2.395e+03	+6.644e+03	+9.952e+03	+0.735
43.200	+3.442e+03	+6.945e+03	+1.139e+04	+0.669
43.300	+4.292e+03	+6.373e+03	+9.087e+03	+0.598
43.400	+2.148e+03	+4.929e+03	+1.051e+04	+0.696
43.500	+2.198e+03	+6.362e+03	+1.039e+04	+0.743
43.600	+3.432e+03	+7.287e+03	+1.092e+04	+0.680
43.700	+3.359e+03	+8.266e+03	+9.650e+03	+0.711
43.800	+4.084e+03	+6.913e+03	+1.004e+04	+0.629
43.900	+3.009e+03	+6.466e+03	+1.057e+04	+0.682
44.000	+2.189e+03	+6.046e+03	+1.005e+04	+0.734
44.100	+4.027e+03	+7.176e+03	+9.881e+03	+0.641
44.200	+4.109e+03	+5.629e+03	+1.016e+04	+0.578
44.300	+7.509e+03	+2.631e+03	+8.054e+03	+0.259
44.400	+6.743e+03	+3.117e+03	+9.013e+03	+0.316
44.500	+5.678e+03	+4.211e+03	+9.276e+03	+0.426
44.600	+3.096e+03	+8.354e+03	+1.005e+04	+0.730
44.700	+2.647e+03	+7.836e+03	+1.008e+04	+0.748
44.800	+3.200e+03	+6.766e+03	+1.001e+04	+0.679
44.900	+3.542e+03	+7.392e+03	+9.703e+03	+0.676
45.000	+4.734e+03	+5.028e+03	+9.730e+03	+0.515
45.100	+7.415e+03	+3.298e+03	+1.030e+04	+0.308
45.200	+6.221e+03	+1.388e+03	+9.038e+03	+0.182
45.300	+8.412e+03	+3.308e+03	+9.273e+03	+0.282
45.400	+5.715e+03	+1.834e+03	+1.005e+04	+0.243
45.500	+7.853e+03	+1.455e+03	+8.674e+03	+0.156
45.600	+7.694e+03	+2.504e+03	+9.635e+03	+0.246
45.700	+7.773e+03	+1.834e+03	+9.824e+03	+0.191
45.800	+6.615e+03	+3.437e+03	+9.255e+03	+0.342
45.900	+6.754e+03	+2.940e+03	+1.006e+04	+0.303
46.000	+6.862e+03	+3.355e+03	+1.026e+04	+0.328
46.100	+8.394e+03	+3.477e+03	+1.025e+04	+0.293
46.200	+7.858e+03	+3.491e+03	+8.814e+03	+0.308
46.300	+6.724e+03	+3.457e+03	+9.720e+03	+0.340
46.400	+7.459e+03	+3.695e+03	+9.936e+03	+0.331
46.500	+6.997e+03	+2.833e+03	+8.989e+03	+0.288
46.600	+6.273e+03	+3.975e+03	+1.023e+04	+0.388
46.700	+7.084e+03	+3.758e+03	+9.016e+03	+0.347
46.800	+4.273e+03	+7.114e+03	+1.045e+04	+0.625
46.900	+1.730e+03	+6.892e+03	+1.064e+04	+0.799
47.000	+2.220e+03	+6.385e+03	+1.028e+04	+0.742
47.100	+3.630e+03	+6.275e+03	+1.003e+04	+0.634
47.200	+2.447e+03	+6.898e+03	+9.904e+03	+0.738
47.300	+2.307e+03	+8.113e+03	+9.481e+03	+0.779
47.400	+4.063e+03	+7.747e+03	+1.148e+04	+0.656
47.500	+3.372e+03	+7.105e+03	+1.019e+04	+0.678
47.600	+4.290e+03	+6.514e+03	+9.551e+03	+0.603
47.700	+3.498e+03	+6.710e+03	+1.009e+04	+0.657
47.800	+2.012e+03	+6.496e+03	+1.103e+04	+0.764
47.900	+2.913e+03	+6.673e+03	+9.540e+03	+0.696
48.000	+2.198e+03	+6.488e+03	+9.584e+03	+0.747
48.100	+3.025e+03	+5.546e+03	+9.181e+03	+0.647
48.200	+3.324e+03	+5.691e+03	+9.982e+03	+0.631
48.300	+1.841e+03	+7.290e+03	+1.063e+04	+0.798
48.400	+2.608e+03	+6.727e+03	+1.051e+04	+0.721
48.500	+3.415e+03	+5.571e+03	+1.006e+04	+0.620
48.600	+2.120e+03	+7.381e+03	+1.076e+04	+0.777
48.700	+3.889e+03	+7.325e+03	+1.139e+04	+0.653
48.800	+1.347e+03	+7.922e+03	+1.038e+04	+0.855
48.900	+4.841e+03	+5.812e+03	+1.037e+04	+0.546
49.000	+6.774e+03	+2.161e+03	+9.667e+03	+0.242
49.100	+4.813e+03	+3.822e+03	+9.747e+03	+0.443
49.200	+3.074e+03	+7.454e+03	+8.955e+03	+0.708
49.300	+3.639e+03	+7.750e+03	+9.270e+03	+0.680
49.400	+2.863e+03	+8.088e+03	+9.870e+03	+0.739
49.500	+1.486e+03	+7.254e+03	+9.065e+03	+0.830
49.600	+5.984e+03	+3.350e+03	+8.701e+03	+0.359
49.700	+8.213e+03	+3.098e+03	+9.221e+03	+0.274
49.800	+5.975e+03	+2.230e+03	+1.063e+04	+0.272
49.900	+6.223e+03	+2.275e+03	+9.909e+03	+0.268
50.000	+6.302e+03	+2.312e+03	+8.489e+03	+0.268
50.100	+6.207e+03	+2.874e+03	+9.457e+03	+0.317
50.200	+6.519e+03	+2.649e+03	+9.136e+03	+0.289
50.300	+5.895e+03	+3.090e+03	+9.984e+03	+0.344
50.400	+7.037e+03	+2.585e+03	+9.196e+03	+0.269
50.500	+6.487e+03	+1.864e+03	+1.048e+04	+0.223
50.600	+8.107e+03	+3.549e+03	+9.347e+03	+0.304
50.700	+8.866e+03	+4.290e+03	+9.368e+03	+0.326
50.800	+7.842e+03	+3.981e+03	+9.446e+03	+0.337
50.900	+5.729e+03	+3.846e+03	+1.022e+04	+0.402
51.000	+6.474e+03	+2.131e+03	+9.070e+03	+0.248
51.100	+2.673e+03	+6.740e+03	+1.075e+04	+0.716
51.200	+2.168e+03	+7.857e+03	+1.071e+04	+0.784
51.300	+4.477e+03	+5.427e+03	+1.025e+04	+0.548
51.400	+7.987e+03	+2.042e+03	+1.105e+04	+0.204
51.500	+7.955e+03	+3.252e+03	+9.815e+03	+0.290
51.600	+6.581e+03	+2.754e+03	+9.261e+03	+0.295
51.700	+5.462e+03	+3.876e+03	+9.615e+03	+0.415
51.800	+8.028e+03	+3.408e+03	+1.166e+04	+0.298
51.900	+5.247e+03	+2.175e+03	+1.089e+04	+0.293
52.000	+8.464e+03	+4.119e+03	+9.154e+03	+0.327
52.100	+5.040e+03	+3.230e+03	+1.094e+04	+0.391
52.200	+6.749e+03	+3.922e+03	+9.679e+03	+0.368
52.300	+7.445e+03	+2.959e+03	+9.307e+03	+0.284
52.400	+7.733e+03	+1.674e+03	+1.010e+04	+0.178
52.500	+8.018e+03	+3.062e+03	+1.076e+04	+0.276
52.600	+6.703e+03	+2.463e+03	+1.031e+04	+0.269
52.700	+7.661e+03	+2.888e+03	+9.869e+03	+0.274
52.800	+6.890e+03	+2.593e+03	+9.157e+03	+0.273
52.900	+7.828e+03	+4.857e+03	+9.206e+03	+0.383
53.000	+6.997e+03	+3.582e+03	+9.690e+03	+0.339
53.100	+7.071e+03	+2.784e+03	+1.131e+04	+0.283
53.200	+6.129e+03	+3.121e+03	+9.888e+03	+0.337
53.300	+5.551e+03	+9.794e+02	+1.084e+04	+0.150
53.400	+7.817e+03	+2.090e+03	+9.474e+03	+0.211
53.500	+7.511e+03	+3.958e+03	+9.239e+03	+0.345
53.600	+6.802e+03	+2.475e+02	+9.738e+03	+0.035
53.700	+7.292e+03	+2.439e+03	+9.939e+03	+0.251
53.800	+6.481e+03	+3.248e+03	+9.534e+03	+0.334
53.900	+7.229e+03	+3.328e+03	+9.420e+03	+0.315
54.000	+7.199e+03	+2.862e+03	+1.128e+04	+0.284
54.100	+7.107e+03	+4.780e+03	+9.289e+03	+0.402
54.200	+6.995e+03	+3.060e+03	+9.380e+03	+0.304
54.300	+6.371e+03	+3.676e+03	+9.154e+03	+0.366
54.400	+8.284e+03	+3.550e+03	+8.891e+03	+0.300
54.500	+6.412e+03	+3.390e+03	+9.374e+03	+0.346
54.600	+5.492e+03	+3.469e+03	+9.190e+03	+0.387
54.700	+6.587e+03	+1.572e+03	+1.048e+04	+0.193
54.800	+5.748e+03	+3.111e+03	+1.195e+04	+0.351
54.900	+7.741e+03	+1.574e+03	+9.957e+03	+0.169
55.000	+4.873e+03	+3.358e+03	+9.117e+03	+0.408
55.100	+2.422e+03	+7.609e+03	+1.036e+04	+0.759
55.200	+3.631e+03	+7.686e+03	+9.084e+03	+0.679
55.300	+4.766e+03	+6.573e+03	+8.637e+03	+0.580
55.400	+2.523e+03	+6.674e+03	+9.300e+03	+0.726
55.500	+4.087e+03	+6.695e+03	+9.933e+03	+0.621
55.600	+1.790e+03	+6.997e+03	+1.113e+04	+0.796
55.700	+2.800e+03	+6.006e+03	+1.148e+04	+0.682
55.800	+3.317e+03	+7.368e+03	+9.831e+03	+0.690
55.900	+3.163e+03	+6.801e+03	+9.907e+03	+0.683
56.000	+2.585e+03	+7.463e+03	+9.494e+03	+0.743
56.100	+2.187e+03	+7.617e+03	+9.830e+03	+0.777
56.200	+7.808e+03	+1.818e+03	+9.688e+03	+0.189
56.300	+6.321e+03	+3.144e+03	+9.690e+03	+0.332
56.400	+6.936e+03	+1.357e+03	+1.047e+04	+0.164
56.500	+7.599e+03	+3.766e+03	+9.730e+03	+0.331
56.600	+9.458e+03	+3.412e+03	+9.911e+03	+0.265
56.700	+8.630e+03	+3.719e+03	+1.072e+04	+0.301
56.800	+7.569e+03	+3.306e+03	+1.037e+04	+0.304
56.900	+7.817e+03	+3.987e+03	+9.524e+03	+0.338
57.000	+3.022e+03	+7.001e+03	+9.873e+03	+0.698
57.100	+2.057e+03	+7.868e+03	+1.082e+04	+0.793
57.200	+2.616e+03	+6.037e+03	+1.118e+04	+0.698
57.300	+3.713e+03	+7.011e+03	+9.670e+03	+0.654
57.400	+3.847e+03	+6.674e+03	+1.023e+04	+0.634
57.500	+2.159e+03	+6.795e+03	+1.132e+04	+0.759
57.600	+2.748e+03	+6.575e+03	+1.087e+04	+0.705
57.700	+3.577e+03	+7.290e+03	+9.492e+03	+0.671
57.800	+1.428e+03	+7.627e+03	+9.888e+03	+0.842
57.900	+2.092e+03	+6.788e+03	+9.628e+03	+0.764
58.000	+3.515e+03	+8.450e+03	+1.036e+04	+0.706
58.100	+3.335e+03	+6.315e+03	+9.382e+03	+0.654
58.200	+2.971e+03	+6.650e+03	+9.990e+03	+0.691
58.300	+1.799e+03	+7.031e+03	+1.002e+04	+0.796
58.400	+3.382e+03	+6.911e+03	+9.952e+03	+0.671
58.500	+5.529e+03	+4.910e+03	+9.771e+03	+0.470
58.600	+7.044e+03	+3.203e+03	+9.812e+03	+0.313
58.700	+6.571e+03	+3.593e+03	+9.617e+03	+0.354
58.800	+6.540e+03	+4.008e+03	+1.053e+04	+0.380
58.900	+6.540e+03	+2.112e+03	+1.062e+04	+0.244
59.000	+7.476e+03	+2.448e+03	+9.865e+03	+0.247
59.100	+5.827e+03	+3.907e+03	+9.838e+03	+0.401
59.200	+6.684e+03	+3.746e+03	+9.371e+03	+0.359
59.300	+7.819e+03	+2.955e+03	+8.974e+03	+0.274
59.400	+5.319e+03	+2.976e+03	+1.098e+04	+0.359
59.500	+6.498e+03	+2.635e+03	+1.040e+04	+0.288
59.600	+6.535e+03	+2.343e+03	+1.086e+04	+0.264
59.700	+7.195e+03	+3.990e+03	+1.001e+04	+0.357
59.800	+8.446e+03	+3.564e+03	+1.022e+04	+0.297
59.900	+5.244e+03	+2.912e+03	+8.561e+03	+0.357
60.000	+5.915e+03	+4.262e+03	+9.141e+03	+0.419
60.100	+1.936e+03	+6.459e+03	+9.088e+03	+0.769
60.200	+2.008e+03	+6.962e+03	+1.005e+04	+0.776
60.300	+2.093e+03	+6.332e+03	+1.081e+04	+0.752
60.400	+2.277e+03	+7.709e+03	+1.015e+04	+0.772
60.500	+2.651e+03	+8.101e+03	+1.126e+04	+0.753
60.600	+5.337e+03	+2.952e+03	+1.034e+04	+0.356
60.700	+7.492e+03	+2.094e+03	+1.100e+04	+0.218
60.800	+4.707e+03	+4.435e+03	+9.988e+03	+0.485
60.900	+2.744e+03	+7.874e+03	+9.243e+03	+0.742
61.000	+3.774e+03	+6.161e+03	+1.235e+04	+0.620
61.100	+3.568e+03	+8.600e+03	+9.392e+03	+0.707
61.200	+5.973e+03	+3.662e+03	+9.579e+03	+0.380
61.300	+4.525e+03	+4.399e+03	+1.025e+04	+0.493
61.400	+3.141e+03	+7.883e+03	+9.869e+03	+0.715
61.500	+3.446e+03	+6.907e+03	+1.020e+04	+0.667
61.600	+2.194e+03	+5.941e+03	+1.095e+04	+0.730
61.700	+1.799e+03	+7.997e+03	+1.068e+04	+0.816
61.800	+4.611e+03	+6.560e+03	+9.835e+03	+0.587
61.900	+3.452e+03	+5.413e+03	+9.344e+03	+0.611
62.000	+3.306e+03	+7.546e+03	+1.030e+04	+0.695
62.100	+3.211e+03	+6.027e+03	+1.030e+04	+0.652
62.200	+3.599e+03	+7.013e+03	+1.063e+04	+0.661
62.300	+3.592e+03	+6.262e+03	+1.009e+04	+0.636
62.400	+3.465e+03	+8.471e+03	+1.207e+04	+0.710
62.500	+2.144e+03	+6.993e+03	+1.182e+04	+0.765
62.600	+3.582e+03	+6.659e+03	+1.059e+04	+0.650
62.700	+2.043e+03	+7.675e+03	+9.530e+03	+0.790
62.800	+2.847e+03	+6.858e+03	+1.001e+04	+0.707
62.900	+4.013e+03	+7.669e+03	+9.309e+03	+0.656
63.000	+1.586e+03	+6.334e+03	+1.003e+04	+0.800
63.100	+1.625e+03	+7.025e+03	+1.131e+04	+0.812
63.200	+3.180e+03	+5.804e+03	+9.000e+03	+0.646
63.300	+5.011e+03	+6.525e+03	+9.307e+03	+0.566
63.400	+6.103e+03	+3.296e+03	+1.032e+04	+0.351
63.500	+7.145e+03	+3.272e+03	+9.613e+03	+0.314
63.600	+5.763e+03	+4.198e+03	+9.921e+03	+0.421
63.700	+3.284e+03	+9.234e+03	+1.026e+04	+0.738
63.800	+2.545e+03	+6.364e+03	+9.374e+03	+0.714
63.900	+2.988e+03	+7.752e+03	+1.129e+04	+0.722
64.000	+4.462e+03	+7.586e+03	+9.378e+03	+0.630
64.100	+3.687e+03	+6.829e+03	+1.153e+04	+0.649
64.200	+2.997e+03	+5.949e+03	+1.040e+04	+0.665
64.300	+3.401e+03	+5.715e+03	+8.651e+03	+0.627
64.400	+2.607e+03	+6.797e+03	+8.998e+03	+0.723
64.500	+3.269e+03	+8.052e+03	+9.642e+03	+0.711
64.600	+3.057e+03	+6.200e+03	+1.111e+04	+0.670
64.700	+1.414e+03	+5.219e+03	+1.096e+04	+0.787
64.800	+2.249e+03	+6.212e+03	+1.065e+04	+0.734
64.900	+1.541e+03	+6.249e+03	+9.833e+03	+0.802
65.000	+3.223e+03	+6.275e+03	+9.276e+03	+0.661
65.100	+3.666e+03	+7.473e+03	+9.269e+03	+0.671
65.200	+3.208e+03	+6.337e+03	+1.096e+04	+0.664
65.300	+2.689e+03	+6.403e+03	+1.130e+04	+0.704
65.400	+4.475e+03	+6.399e+03	+1.056e+04	+0.588
65.500	+3.688e+03	+5.909e+03	+1.057e+04	+0.616
65.600	+3.693e+03	+6.115e+03	+9.211e+03	+0.623
65.700	+3.204e+03	+7.083e+03	+7.861e+03	+0.689
65.800	+3.729e+03	+6.932e+03	+1.037e+04	+0.650
65.900	+3.555e+03	+8.630e+03	+1.026e+04	+0.708
66.000	+2.279e+03	+7.585e+03	+1.028e+04	+0.769
66.100	+3.783e+03	+6.700e+03	+1.064e+04	+0.639
66.200	+3.031e+03	+6.810e+03	+1.097e+04	+0.692
66.300	+3.070e+03	+7.219e+03	+9.855e+03	+0.702
66.400	+2.373e+03	+6.090e+03	+1.049e+04	+0.720
66.500	+2.925e+03	+5.957e+03	+9.460e+03	+0.671
66.600	+2.680e+03	+5.678e+03	+9.858e+03	+0.679
66.700	+3.530e+03	+6.354e+03	+1.014e+04	+0.643
66.800	+3.196e+03	+5.980e+03	+9.587e+03	+0.652
66.900	+3.470e+03	+5.509e+03	+1.060e+04	+0.614
67.000	+3.898e+03	+6.655e+03	+9.605e+03	+0.631
67.100	+3.638e+03	+6.383e+03	+1.002e+04	+0.637
67.200	+2.867e+03	+6.686e+03	+9.425e+03	+0.700
67.300	+3.501e+03	+7.346e+03	+8.320e+03	+0.677
67.400	+3.123e+03	+7.691e+03	+1.032e+04	+0.711
67.500	+3.498e+03	+7.675e+03	+9.299e+03	+0.687
67.600	+3.190e+03	+7.450e+03	+1.066e+04	+0.700
67.700	+4.347e+03	+6.500e+03	+1.061e+04	+0.599
67.800	+3.144e+03	+6.671e+03	+1.102e+04	+0.680
67.900	+2.955e+03	+6.629e+03	+1.081e+04	+0.692
68.000	+2.351e+03	+6.701e+03	+8.688e+03	+0.740
68.100	+1.468e+03	+6.774e+03	+8.800e+03	+0.822
68.200	+2.855e+03	+6.254e+03	+1.048e+04	+0.687
68.300	+3.236e+03	+7.162e+03	+9.539e+03	+0.689
68.400	+4.212e+03	+6.950e+03	+1.092e+04	+0.623
68.500	+4.452e+03	+7.261e+03	+8.727e+03	+0.620
68.600	+9.631e+02	+7.011e+03	+9.033e+03	+0.879
68.700	+1.874e+03	+8.251e+03	+1.064e+04	+0.815
68.800	+2.116e+03	+6.981e+03	+1.085e+04	+0.767
68.900	+2.961e+03	+7.507e+03	+1.258e+04	+0.717
69.000	+2.853e+03	+6.567e+03	+9.728e+03	+0.697
69.100	+3.869e+03	+7.237e+03	+9.747e+03	+0.652
69.200	+2.532e+03	+6.527e+03	+1.082e+04	+0.720
69.300	+2.637e+03	+7.784e+03	+1.011e+04	+0.747
69.400	+1.791e+03	+5.952e+03	+1.031e+04	+0.769
69.500	+3.359e+03	+6.115e+03	+9.775e+03	+0.645
69.600	+2.565e+03	+6.925e+03	+1.059e+04	+0.730
69.700	+3.288e+03	+9.573e+03	+1.047e+04	+0.744
69.800	+3.458e+03	+6.777e+03	+9.709e+03	+0.662
69.900	+3.249e+03	+6.394e+03	+1.073e+04	+0.663
70.000	+2.362e+03	+6.408e+03	+1.017e+04	+0.731
70.100	+3.425e+03	+6.946e+03	+1.115e+04	+0.670
70.200	+2.166e+03	+7.312e+03	+9.775e+03	+0.771
70.300	+2.949e+03	+7.951e+03	+1.096e+04	+0.729
70.400	+4.919e+03	+5.922e+03	+9.521e+03	+0.546
70.500	+3.477e+03	+6.869e+03	+1.097e+04	+0.664
70.600	+2.313e+03	+7.046e+03	+7.925e+03	+0.753
70.700	+3.844e+03	+5.021e+03	+9.846e+03	+0.566
70.800	+5.422e+03	+5.336e+03	+1.146e+04	+0.496
70.900	+1.835e+03	+5.426e+03	+1.093e+04	+0.747
71.000	+3.466e+03	+7.136e+03	+1.054e+04	+0.673
71.100	+2.670e+03	+7.482e+03	+9.975e+03	+0.737
71.200	+2.018e+03	+7.245e+03	+1.076e+04	+0.782
71.300	+2.446e+03	+5.286e+03	+9.249e+03	+0.684
71.400	+2.779e+03	+6.640e+03	+1.170e+04	+0.705
71.500	+2.315e+03	+7.942e+03	+1.032e+04	+0.774
71.600	+2.654e+03	+7.349e+03	+9.782e+03	+0.735
71.700	+2.567e+03	+6.007e+03	+1.033e+04	+0.701
71.800	+6.002e+03	+2.717e+03	+9.439e+03	+0.312
71.900	+7.315e+03	+3.001e+03	+1.096e+04	+0.291
72.000	+6.214e+03	+1.221e+03	+9.046e+03	+0.164
72.100	+7.297e+03	+2.442e+03	+9.049e+03	+0.251
72.200	+6.394e+03	+2.320e+03	+9.418e+03	+0.266
72.300	+6.203e+03	+3.095e+03	+1.019e+04	+0.333
72.400	+3.515e+03	+6.472e+03	+1.024e+04	+0.648
72.500	+3.551e+03	+7.011e+03	+9.510e+03	+0.664
72.600	+4.956e+03	+6.280e+03	+1.078e+04	+0.559
72.700	+2.941e+03	+7.549e+03	+8.539e+03	+0.720
72.800	+2.544e+03	+6.859e+03	+1.018e+04	+0.729
72.900	+3.432e+03	+7.515e+03	+1.013e+04	+0.686
73.000	+2.683e+03	+7.462e+03	+1.130e+04	+0.736
73.100	+6.272e+03	+2.323e+03	+1.111e+04	+0.270
73.200	+7.060e+03	+3.068e+03	+1.016e+04	+0.303
73.300	+5.510e+03	+2.399e+03	+9.449e+03	+0.303
73.400	+7.297e+03	+2.014e+03	+7.968e+03	+0.216
73.500	+6.886e+03	+4.321e+03	+9.909e+03	+0.386
73.600	+6.687e+03	+2.366e+03	+1.003e+04	+0.261
73.700	+6.540e+03	+3.285e+03	+1.080e+04	+0.334
73.800	+6.704e+03	+2.968e+03	+9.634e+03	+0.307
73.900	+5.582e+03	+2.549e+03	+9.606e+03	+0.313
74.000	+7.826e+03	+1.141e+03	+9.632e+03	+0.127
74.100	+6.241e+03	+2.779e+03	+9.102e+03	+0.308
74.200	+7.509e+03	+2.401e+03	+9.493e+03	+0.242
74.300	+7.554e+03	+2.999e+03	+1.068e+04	+0.284
74.400	+6.609e+03	+2.062e+03	+1.051e+04	+0.238
74.500	+6.539e+03	+1.412e+03	+9.842e+03	+0.178
74.600	+6.671e+03	+2.697e+03	+1.032e+04	+0.288
74.700	+7.280e+03	+2.447e+03	+9.283e+03	+0.252
74.800	+7.468e+03	+3.249e+03	+9.557e+03	+0.303
74.900	+5.385e+03	+4.957e+03	+1.028e+04	+0.479
75.000	+2.860e+03	+6.546e+03	+1.041e+04	+0.696
75.100	+2.472e+03	+7.613e+03	+1.044e+04	+0.755
75.200	+3.379e+03	+8.733e+03	+9.668e+03	+0.721
75.300	+2.940e+03	+6.919e+03	+9.452e+03	+0.702
75.400	+3.041e+03	+5.927e+03	+9.438e+03	+0.661
75.500	+2.846e+03	+6.454e+03	+9.760e+03	+0.694
75.600	+2.377e+03	+7.518e+03	+8.922e+03	+0.760
75.700	+4.698e+03	+7.761e+03	+1.029e+04	+0.623
75.800	+3.096e+03	+8.949e+03	+1.116e+04	+0.743
75.900	+3.166e+03	+7.088e+03	+9.477e+03	+0.691
76.000	+3.136e+03	+6.270e+03	+9.547e+03	+0.667
76.100	+3.878e+03	+6.195e+03	+9.480e+03	+0.615
76.200	+1.847e+03	+7.914e+03	+1.026e+04	+0.811
76.300	+3.530e+03	+5.674e+03	+9.284e+03	+0.616
76.400	+2.591e+03	+6.096e+03	+9.864e+03	+0.702
76.500	+2.980e+03	+7.241e+03	+1.001e+04	+0.708
76.600	+2.926e+03	+7.216e+03	+1.056e+04	+0.711
76.700	+1.535e+03	+7.099e+03	+9.517e+03	+0.822
76.800	+4.360e+03	+5.857e+03	+9.743e+03	+0.573
76.900	+2.986e+03	+7.441e+03	+9.815e+03	+0.714
77.000	+3.348e+03	+7.530e+03	+1.039e+04	+0.692
77.100	+2.336e+03	+7.199e+03	+1.124e+04	+0.755
77.200	+2.873e+03	+7.062e+03	+8.829e+03	+0.711
77.300	+1.969e+03	+7.156e+03	+1.045e+04	+0.784
77.400	+3.825e+03	+7.660e+03	+1.132e+04	+0.667
77.500	+2.418e+03	+6.417e+03	+1.156e+04	+0.726
77.600	+3.098e+03	+6.129e+03	+9.481e+03	+0.664
77.700	+1.706e+03	+6.016e+03	+9.920e+03	+0.779
77.800	+3.272e+03	+6.582e+03	+9.979e+03	+0.668
77.900	+2.883e+03	+7.013e+03	+9.059e+03	+0.709
78.000	+4.590e+03	+8.485e+03	+9.545e+03	+0.649
78.100	+3.274e+03	+5.317e+03	+1.112e+04	+0.619
78.200	+4.944e+03	+4.164e+03	+9.565e+03	+0.457
78.300	+7.686e+03	+2.608e+03	+9.224e+03	+0.253
78.400	+6.379e+03	+1.946e+03	+8.808e+03	+0.234
78.500	+8.867e+03	+3.404e+03	+9.839e+03	+0.277
78.600	+6.967e+03	+4.421e+03	+9.976e+03	+0.388
78.700	+8.039e+03	+3.005e+03	+9.117e+03	+0.272
78.800	+5.420e+03	+3.884e+03	+1.047e+04	+0.417
78.900	+8.011e+03	+3.978e+03	+8.975e+03	+0.332
79.000	+8.032e+03	+5.265e+03	+9.867e+03	+0.396
79.100	+7.187e+03	+3.317e+03	+9.896e+03	+0.316
79.200	+6.311e+03	+2.467e+03	+9.376e+03	+0.281
79.300	+4.126e+03	+7.141e+03	+8.840e+03	+0.634
79.400	+3.961e+03	+6.689e+03	+1.097e+04	+0.628
79.500	+3.790e+03	+6.725e+03	+8.942e+03	+0.640
79.600	+2.363e+03	+6.316e+03	+1.062e+04	+0.728
79.700	+3.355e+03	+7.709e+03	+9.759e+03	+0.697
79.800	+1.869e+03	+8.125e+03	+9.065e+03	+0.813
79.900	+2.774e+03	+6.902e+03	+1.189e+04	+0.713
80.000	+1.989e+03	+6.973e+03	+1.010e+04	+0.778
80.100	+5.208e+03	+4.857e+03	+1.014e+04	+0.483
80.200	+7.542e+03	+3.133e+03	+8.958e+03	+0.293
80.300	+7.324e+03	+4.152e+03	+8.693e+03	+0.362
80.400	+6.801e+03	+3.125e+03	+1.013e+04	+0.315
80.500	+7.710e+03	+2.764e+03	+1.153e+04	+0.264
80.600	+7.544e+03	+1.483e+03	+1.051e+04	+0.164
80.700	+7.776e+03	+3.403e+03	+9.400e+03	+0.304
80.800	+5.529e+03	+2.968e+03	+8.989e+03	+0.349
80.900	+5.362e+03	+4.768e+03	+9.396e+03	+0.471
81.000	+3.208e+03	+8.407e+03	+9.384e+03	+0.724
81.100	+1.630e+03	+5.191e+03	+9.838e+03	+0.761
81.200	+3.737e+03	+7.678e+03	+1.046e+04	+0.673
81.300	+4.534e+03	+5.396e+03	+9.101e+03	+0.543
81.400	+7.588e+03	+3.456e+03	+9.630e+03	+0.313
81.500	+6.797e+03	+2.845e+03	+9.826e+03	+0.295
81.600	+7.412e+03	+1.651e+03	+9.920e+03	+0.182
81.700	+6.698e+03	+2.070e+03	+9.681e+03	+0.236
81.800	+6.736e+03	+2.715e+03	+1.025e+04	+0.287
81.900	+5.364e+03	+4.335e+03	+8.869e+03	+0.447
82.000	+7.568e+03	+2.572e+03	+1.058e+04	+0.254
82.100	+6.507e+03	+2.169e+03	+1.052e+04	+0.250
82.200	+6.882e+03	+3.889e+03	+9.463e+03	+0.361
82.300	+6.674e+03	+3.296e+03	+9.716e+03	+0.331
82.400	+7.259e+03	+2.609e+03	+1.070e+04	+0.264
82.500	+7.406e+03	+5.333e+03	+1.069e+04	+0.419
82.600	+6.349e+03	+3.494e+03	+9.877e+03	+0.355
82.700	+8.544e+03	+3.312e+03	+7.776e+03	+0.279
82.800	+5.101e+03	+4.977e+03	+1.067e+04	+0.494
82.900	+2.827e+03	+7.009e+03	+9.545e+03	+0.713
83.000	+2.797e+03	+7.243e+03	+9.789e+03	+0.721
83.100	+1.881e+03	+7.563e+03	+9.989e+03	+0.801
83.200	+3.609e+03	+7.297e+03	+1.025e+04	+0.669
83.300	+2.412e+03	+6.681e+03	+9.309e+03	+0.735
83.400	+1.585e+03	+8.485e+03	+1.154e+04	+0.843
83.500	+4.728e+03	+7.304e+03	+8.934e+03	+0.607
83.600	+8.086e+03	+3.785e+03	+9.446e+03	+0.319
83.700	+7.231e+03	+3.005e+03	+8.634e+03	+0.294
83.800	+5.003e+03	+2.847e+03	+1.047e+04	+0.363
83.900	+6.476e+03	+1.247e+03	+9.749e+03	+0.161
84.000	+7.682e+03	+2.513e+03	+1.151e+04	+0.246
84.100	+8.183e+03	+1.850e+03	+9.437e+03	+0.184
84.200	+6.010e+03	+3.640e+03	+9.879e+03	+0.377
84.300	+2.834e+03	+7.469e+03	+1.071e+04	+0.725
84.400	+1.809e+03	+7.804e+03	+9.842e+03	+0.812
84.500	+3.463e+03	+8.194e+03	+1.169e+04	+0.703
84.600	+2.149e+03	+8.121e+03	+1.036e+04	+0.791
84.700	+2.343e+03	+7.987e+03	+1.054e+04	+0.773
84.800	+3.023e+03	+6.596e+03	+9.863e+03	+0.686
84.900	+5.872e+03	+3.492e+03	+9.648e+03	+0.373
85.000	+7.557e+03	+2.996e+03	+9.893e+03	+0.284
85.100	+6.821e+03	+2.769e+03	+1.065e+04	+0.289
85.200	+6.216e+03	+2.457e+03	+1.076e+04	+0.283
85.300	+8.234e+03	+1.632e+03	+1.054e+04	+0.165
85.400	+6.642e+03	+3.873e+03	+1.088e+04	+0.368
85.500	+6.383e+03	+3.217e+03	+9.062e+03	+0.335
85.600	+8.688e+03	+2.791e+03	+9.792e+03	+0.243
85.700	+8.151e+03	+3.422e+03	+1.035e+04	+0.296
85.800	+6.801e+03	+2.310e+03	+9.448e+03	+0.254
85.900	+8.507e+03	+2.752e+03	+1.020e+04	+0.244
86.000	+7.259e+03	+3.468e+03	+1.071e+04	+0.323
86.100	+7.556e+03	+4.073e+03	+9.349e+03	+0.350
86.200	+7.734e+03	+3.819e+03	+8.558e+03	+0.331
86.300	+7.721e+03	+4.029e+03	+9.180e+03	+0.343
86.400	+5.347e+03	+3.151e+03	+1.096e+04	+0.371
86.500	+7.203e+03	+2.620e+03	+9.986e+03	+0.267
86.600	+8.030e+03	+4.139e+03	+8.370e+03	+0.340
86.700	+7.566e+03	+3.710e+03	+9.925e+03	+0.329
86.800	+7.302e+03	+2.111e+03	+1.010e+04	+0.224
86.900	+5.686e+03	+3.951e+03	+9.603e+03	+0.410
87.000	+3.339e+03	+8.125e+03	+9.226e+03	+0.709
87.100	+3.586e+03	+7.063e+03	+1.065e+04	+0.663
87.200	+4.135e+03	+6.456e+03	+8.742e+03	+0.610
87.300	+1.632e+03	+8.046e+03	+1.077e+04	+0.831
87.400	+2.618e+03	+6.748e+03	+1.021e+04	+0.720
87.500	+3.596e+03	+7.126e+03	+9.526e+03	+0.665
87.600	+3.064e+03	+8.633e+03	+1.002e+04	+0.738
87.700	+3.743e+03	+6.592e+03	+1.118e+04	+0.638
87.800	+2.893e+03	+5.683e+03	+9.939e+03	+0.663
87.900	+2.822e+03	+6.934e+03	+1.019e+04	+0.711
88.000	+2.272e+03	+6.102e+03	+9.708e+03	+0.729
88.100	+2.027e+03	+6.988e+03	+1.079e+04	+0.775
88.200	+4.092e+03	+6.956e+03	+1.166e+04	+0.630
88.300	+4.383e+03	+7.381e+03	+1.275e+04	+0.627
88.400	+4.892e+03	+8.005e+03	+1.050e+04	+0.621
88.500	+3.182e+03	+7.363e+03	+1.020e+04	+0.698
88.600	+2.699e+03	+7.442e+03	+1.022e+04	+0.734
88.700	+7.397e+03	+3.275e+03	+1.044e+04	+0.307
88.800	+6.024e+03	+2.925e+03	+1.041e+04	+0.327
88.900	+7.609e+03	+3.140e+03	+9.079e+03	+0.292
89.000	+7.022e+03	+3.935e+03	+9.453e+03	+0.359
89.100	+5.374e+03	+3.353e+03	+9.661e+03	+0.384
89.200	+7.823e+03	+3.256e+03	+1.020e+04	+0.294
89.300	+7.934e+03	+3.776e+03	+1.158e+04	+0.322
89.400	+7.708e+03	+2.922e+03	+9.900e+03	+0.275
89.500	+7.367e+03	+2.671e+03	+9.689e+03	+0.266
89.600	+7.071e+03	+2.513e+03	+8.857e+03	+0.262
89.700	+6.999e+03	+3.214e+03	+9.332e+03	+0.315
89.800	+6.970e+03	+2.684e+03	+9.166e+03	+0.278
89.900	+7.209e+03	+4.524e+03	+9.767e+03	+0.386
90.000	+5.798e+03	+2.787e+03	+1.019e+04	+0.325
90.100	+8.110e+03	+3.513e+03	+9.898e+03	+0.302
90.200	+7.624e+03	+4.145e+03	+9.690e+03	+0.352
90.300	+7.581e+03	+2.355e+03	+9.727e+03	+0.237
90.400	+6.648e+03	+3.106e+03	+1.005e+04	+0.318
90.500	+8.728e+03	+2.481e+03	+9.572e+03	+0.221
90.600	+6.479e+03	+2.940e+03	+1.043e+04	+0.312
90.700	+5.197e+03	+3.625e+03	+9.146e+03	+0.411
90.800	+7.722e+03	+3.035e+03	+1.130e+04	+0.282
90.900	+5.263e+03	+3.762e+03	+1.150e+04	+0.417
91.000	+7.669e+03	+1.475e+03	+1.051e+04	+0.161
91.100	+6.270e+03	+3.131e+03	+9.343e+03	+0.333
91.200	+7.855e+03	+2.647e+03	+1.002e+04	+0.252
91.300	+7.556e+03	+3.833e+03	+8.658e+03	+0.337
91.400	+7.287e+03	+4.400e+03	+1.090e+04	+0.376
91.500	+3.203e+03	+6.298e+03	+9.622e+03	+0.663
91.600	+3.110e+03	+6.793e+03	+8.605e+03	+0.686
91.700	+2.346e+03	+7.065e+03	+1.096e+04	+0.751
91.800	+1.312e+03	+6.560e+03	+1.013e+04	+0.833
91.900	+3.829e+03	+6.716e+03	+9.609e+03	+0.637
92.000	+3.720e+03	+8.031e+03	+1.049e+04	+0.683
92.100	+2.388e+03	+8.142e+03	+9.997e+03	+0.773
92.200	+2.945e+03	+4.998e+03	+9.756e+03	+0.629
92.300	+3.951e+03	+6.609e+03	+8.683e+03	+0.626
92.400	+3.431e+03	+7.225e+03	+1.000e+04	+0.678
92.500	+3.442e+03	+8.118e+03	+1.095e+04	+0.702
92.600	+2.364e+03	+7.621e+03	+1.007e+04	+0.763
92.700	+3.201e+03	+9.016e+03	+1.117e+04	+0.738
92.800	+3.430e+03	+6.880e+03	+1.026e+04	+0.667
92.900	+1.964e+03	+6.080e+03	+1.100e+04	+0.756
93.000	+1.904e+03	+7.156e+03	+9.810e+03	+0.790
93.100	+5.287e+03	+5.141e+03	+9.678e+03	+0.493
93.200	+6.116e+03	+1.809e+03	+1.030e+04	+0.228
93.300	+4.239e+03	+6.061e+03	+9.832e+03	+0.588
93.400	+2.420e+03	+7.429e+03	+1.023e+04	+0.754
93.500	+3.125e+03	+7.354e+03	+1.204e+04	+0.702
93.600	+4.067e+03	+6.823e+03	+1.001e+04	+0.627
93.700	+2.997e+03	+7.182e+03	+1.049e+04	+0.706
93.800	+4.170e+03	+7.144e+03	+1.009e+04	+0.631
93.900	+3.810e+03	+7.731e+03	+9.721e+03	+0.670
94.000	+3.880e+03	+8.434e+03	+9.899e+03	+0.685
94.100	+3.040e+03	+7.487e+03	+9.862e+03	+0.711
94.200	+2.927e+03	+7.729e+03	+1.108e+04	+0.725
94.300	+4.081e+03	+5.520e+03	+1.015e+04	+0.575
94.400	+2.023e+03	+6.181e+03	+1.175e+04	+0.753
94.500	+2.962e+03	+6.537e+03	+1.084e+04	+0.688
94.600	+3.042e+03	+5.842e+03	+9.685e+03	+0.658
94.700	+3.305e+03	+6.907e+03	+8.543e+03	+0.676
94.800	+1.633e+03	+7.903e+03	+8.921e+03	+0.829
94.900	+3.401e+03	+6.601e+03	+9.921e+03	+0.660
95.000	+2.696e+03	+4.215e+03	+1.043e+04	+0.610
95.100	+3.090e+03	+7.562e+03	+9.772e+03	+0.710
95.200	+3.607e+03	+5.770e+03	+1.087e+04	+0.615
95.300	+2.874e+03	+8.001e+03	+8.774e+03	+0.736
95.400	+2.508e+03	+7.448e+03	+1.029e+04	+0.748
95.500	+3.674e+03	+8.748e+03	+1.054e+04	+0.704
95.600	+4.719e+03	+6.027e+03	+9.223e+03	+0.561
95.700	+3.761e+03	+6.738e+03	+1.074e+04	+0.642
95.800	+4.527e+03	+7.710e+03	+1.278e+04	+0.630
95.900	+4.282e+03	+7.299e+03	+9.555e+03	+0.630
96.000	+4.395e+03	+6.216e+03	+1.013e+04	+0.586
96.100	+7.292e+03	+3.146e+03	+8.717e+03	+0.301
96.200	+8.504e+03	+3.297e+03	+8.633e+03	+0.279
96.300	+3.454e+03	+6.707e+03	+9.693e+03	+0.660
96.400	+1.953e+03	+7.799e+03	+1.199e+04	+0.800
96.500	+3.456e+03	+7.124e+03	+1.030e+04	+0.673
96.600	+3.035e+03	+8.007e+03	+1.144e+04	+0.725
96.700	+2.053e+03	+7.456e+03	+8.862e+03	+0.784
96.800	+2.727e+03	+7.309e+03	+1.199e+04	+0.728
96.900	+3.763e+03	+7.712e+03	+1.113e+04	+0.672
97.000	+3.258e+03	+7.021e+03	+1.057e+04	+0.683
97.100	+3.210e+03	+7.058e+03	+9.241e+03	+0.687
97.200	+4.096e+03	+7.025e+03	+9.988e+03	+0.632
97.300	+2.235e+03	+6.992e+03	+9.814e+03	+0.758
97.400	+4.796e+03	+6.042e+03	+9.306e+03	+0.557
97.500	+7.211e+03	+3.555e+03	+9.166e+03	+0.330
97.600	+7.423e+03	+3.845e+03	+1.152e+04	+0.341
97.700	+7.384e+03	+4.531e+03	+1.133e+04	+0.380
97.800	+6.918e+03	+3.165e+03	+1.000e+04	+0.314
97.900	+6.876e+03	+3.222e+03	+9.891e+03	+0.319
98.000	+7.090e+03	+3.115e+03	+1.053e+04	+0.305
98.100	+7.469e+03	+3.330e+03	+1.027e+04	+0.308
98.200	+6.258e+03	+4.161e+03	+9.190e+03	+0.399
98.300	+7.550e+03	+1.563e+03	+1.023e+04	+0.172
98.400	+6.352e+03	+4.309e+03	+1.098e+04	+0.404
98.500	+8.261e+03	+2.678e+03	+9.970e+03	+0.245
98.600	+6.383e+03	+2.579e+03	+1.188e+04	+0.288
98.700	+5.268e+03	+3.808e+03	+9.733e+03	+0.420
98.800	+7.680e+03	+2.016e+03	+9.382e+03	+0.208
98.900	+6.119e+03	+3.900e+03	+1.035e+04	+0.389
99.000	+6.622e+03	+3.379e+03	+9.990e+03	+0.338
99.100	+5.892e+03	+3.749e+03	+9.192e+03	+0.389
99.200	+8.027e+03	+2.962e+03	+9.224e+03	+0.270
99.300	+7.583e+03	+3.016e+03	+1.018e+04	+0.285
99.400	+6.554e+03	+3.974e+03	+9.704e+03	+0.377
99.500	+6.445e+03	+3.233e+03	+8.890e+03	+0.334
99.600	+4.737e+03	+5.109e+03	+1.046e+04	+0.519
99.700	+2.605e+03	+6.904e+03	+1.040e+04	+0.726
99.800	+2.993e+03	+6.921e+03	+9.549e+03	+0.698
99.900	+3.874e+03	+6.321e+03	+8.795e+03	+0.620
100.000	+2.300e+03	+7.487e+03	+9.587e+03	+0.765
100.100	+4.939e+03	+4.012e+03	+9.871e+03	+0.448
100.200	+7.711e+03	+2.995e+03	+1.134e+04	+0.280
100.300	+6.686e+03	+3.434e+03	+9.348e+03	+0.339
100.400	+3.337e+03	+6.106e+03	+9.705e+03	+0.647
100.500	+2.596e+03	+4.721e+03	+1.006e+04	+0.645
100.600	+3.564e+03	+7.456e+03	+9.124e+03	+0.677
100.700	+1.446e+03	+7.419e+03	+1.107e+04	+0.837
100.800	+3.728e+03	+6.247e+03	+1.167e+04	+0.626
100.900	+4.834e+03	+7.056e+03	+1.025e+04	+0.593
101.000	+2.030e+03	+5.520e+03	+1.148e+04	+0.731
101.100	+3.486e+03	+7.702e+03	+1.035e+04	+0.688
101.200	+3.261e+03	+4.814e+03	+9.295e+03	+0.596
101.300	+2.522e+03	+6.529e+03	+1.040e+04	+0.721
101.400	+1.830e+03	+6.179e+03	+9.895e+03	+0.771
101.500	+4.241e+03	+7.518e+03	+1.073e+04	+0.639
101.600	+3.720e+03	+5.874e+03	+8.383e+03	+0.612
101.700	+2.071e+03	+7.027e+03	+9.567e+03	+0.772
101.800	+3.991e+03	+6.890e+03	+8.543e+03	+0.633
101.900	+4.044e+03	+6.583e+03	+9.667e+03	+0.619
102.000	+2.337e+03	+5.681e+03	+1.068e+04	+0.709
102.100	+7.343e+03	+3.325e+03	+1.008e+04	+0.312
102.200	+3.953e+03	+5.410e+03	+1.011e+04	+0.578
102.300	+4.226e+03	+7.077e+03	+1.110e+04	+0.626
102.400	+2.936e+03	+7.703e+03	+8.290e+03	+0.724
102.500	+2.045e+03	+7.082e+03	+1.081e+04	+0.776
102.600	+3.185e+03	+6.495e+03	+9.862e+03	+0.671
102.700	+7.163e+03	+3.728e+03	+1.040e+04	+0.342
102.800	+7.099e+03	+3.839e+03	+1.039e+04	+0.351
102.900	+7.454e+03	+1.811e+03	+1.131e+04	+0.195
103.000	+6.824e+03	+2.999e+03	+1.148e+04	+0.305
103.100	+7.220e+03	+3.087e+03	+1.017e+04	+0.300
103.200	+7.391e+03	+2.844e+03	+1.038e+04	+0.278
103.300	+7.825e+03	+2.596e+03	+9.825e+03	+0.249
103.400	+8.107e+03	+2.805e+03	+9.850e+03	+0.257
103.500	+6.434e+03	+2.914e+03	+1.012e+04	+0.312
103.600	+7.145e+03	+3.200e+03	+1.032e+04	+0.309
103.700	+8.742e+03	+3.726e+03	+1.065e+04	+0.299
103.800	+7.923e+03	+1.783e+03	+1.105e+04	+0.184
103.900	+6.927e+03	+3.837e+03	+9.736e+03	+0.356
104.000	+6.121e+03	+3.043e+03	+8.179e+03	+0.332
104.100	+7.217e+03	+3.766e+03	+1.035e+04	+0.343
104.200	+6.740e+03	+2.739e+03	+9.892e+03	+0.289
104.300	+5.562e+03	+3.000e+03	+8.273e+03	+0.350
104.400	+7.117e+03	+2.772e+03	+9.691e+03	+0.280
104.500	+6.531e+03	+2.033e+03	+9.698e+03	+0.237
104.600	+6.822e+03	+2.958e+03	+1.022e+04	+0.302
104.700	+6.165e+03	+3.275e+03	+1.099e+04	+0.347
104.800	+7.714e+03	+2.545e+03	+1.064e+04	+0.248
104.900	+4.049e+03	+6.652e+03	+1.043e+04	+0.622
105.000	+6.453e+03	+3.140e+03	+1.004e+04	+0.327
105.100	+7.602e+03	+3.196e+03	+1.008e+04	+0.296
105.200	+5.388e+03	+3.667e+03	+1.041e+04	+0.405
105.300	+5.555e+03	+3.527e+03	+1.046e+04	+0.388
105.400	+4.033e+03	+6.836e+03	+8.577e+03	+0.629
105.500	+2.838e+03	+6.010e+03	+1.087e+04	+0.679
105.600	+1.802e+03	+6.060e+03	+9.518e+03	+0.771
105.700	+3.512e+03	+6.823e+03	+9.909e+03	+0.660
105.800	+3.088e+03	+7.464e+03	+9.510e+03	+0.707
105.900	+2.830e+03	+6.399e+03	+9.942e+03	+0.693
106.000	+3.598e+03	+6.606e+03	+9.097e+03	+0.647
106.100	+4.858e+03	+6.834e+03	+9.567e+03	+0.585
106.200	+3.162e+03	+7.728e+03	+8.593e+03	+0.710
106.300	+2.275e+03	+7.118e+03	+9.357e+03	+0.758
106.400	+3.249e+03	+6.042e+03	+9.676e+03	+0.650
106.500	+4.360e+03	+7.937e+03	+1.137e+04	+0.645
106.600	+3.340e+03	+7.544e+03	+1.007e+04	+0.693
