%t (s)	Idd (a.u.)	Ida (a.u.)	Iaa (a.u.)	FRET E
0.000	+2.614e+03	+6.795e+03	+1.041e+04	+0.722
0.100	+3.210e+03	+7.004e+03	+1.015e+04	+0.686
0.200	+3.476e+03	+6.313e+03	+9.296e+03	+0.645
0.300	+3.815e+03	+6.477e+03	+8.960e+03	+0.629
0.400	+2.789e+03	+6.813e+03	+1.017e+04	+0.710
0.500	+4.703e+03	+6.166e+03	+9.519e+03	+0.567
0.600	+7.058e+03	+2.946e+03	+9.991e+03	+0.294
0.700	+7.691e+03	+2.129e+03	+8.136e+03	+0.217
0.800	+6.479e+03	+2.156e+03	+1.085e+04	+0.250
0.900	+6.527e+03	+3.210e+03	+8.386e+03	+0.330
1.000	+8.321e+03	+2.924e+03	+1.222e+04	+0.260
1.100	+7.447e+03	+2.112e+03	+9.197e+03	+0.221
1.200	+7.365e+03	+2.948e+03	+8.557e+03	+0.286
1.300	+7.767e+03	+2.994e+03	+9.973e+03	+0.278
1.400	+7.007e+03	+1.586e+03	+1.051e+04	+0.185
1.500	+6.814e+03	+2.484e+03	+1.019e+04	+0.267
1.600	+7.696e+03	+3.028e+03	+9.962e+03	+0.282
1.700	+7.018e+03	+3.887e+03	+1.086e+04	+0.356
1.800	+7.286e+03	+3.250e+03	+1.075e+04	+0.308
1.900	+8.496e+03	+3.197e+03	+9.022e+03	+0.273
2.000	+6.909e+03	+4.055e+03	+1.102e+04	+0.370
2.100	+5.649e+03	+3.051e+03	+1.019e+04	+0.351
2.200	+8.544e+03	+1.391e+03	+9.460e+03	+0.140
2.300	+7.660e+03	+2.629e+03	+9.755e+03	+0.256
2.400	+8.054e+03	+2.932e+03	+1.032e+04	+0.267
2.500	+6.760e+03	+3.099e+03	+1.113e+04	+0.314
2.600	+7.128e+03	+3.660e+03	+9.327e+03	+0.339
2.700	+4.729e+03	+5.970e+03	+9.682e+03	+0.558
2.800	+5.294e+03	+4.476e+03	+8.759e+03	+0.458
2.900	+8.385e+03	+1.885e+03	+9.435e+03	+0.184
3.000	+6.052e+03	+1.120e+03	+1.083e+04	+0.156
3.100	+6.409e+03	+3.666e+03	+1.055e+04	+0.364
3.200	+7.794e+03	+2.454e+03	+9.018e+03	+0.239
3.300	+7.216e+03	+1.891e+03	+1.068e+04	+0.208
3.400	+6.026e+03	+3.945e+03	+8.294e+03	+0.396
3.500	+2.682e+03	+6.805e+03	+1.054e+04	+0.717
3.600	+3.633e+03	+6.499e+03	+1.017e+04	+0.641
3.700	+4.602e+03	+6.188e+03	+8.583e+03	+0.574
3.800	+4.113e+03	+7.476e+03	+1.246e+04	+0.645
3.900	+3.725e+03	+5.626e+03	+1.011e+04	+0.602
4.000	+6.512e+03	+3.831e+03	+9.607e+03	+0.370
4.100	+5.915e+03	+2.813e+03	+9.911e+03	+0.322
4.200	+4.366e+03	+7.441e+03	+1.086e+04	+0.630
4.300	+3.942e+03	+6.777e+03	+1.139e+04	+0.632
4.400	+4.306e+03	+4.910e+03	+8.620e+03	+0.533
4.500	+3.009e+03	+5.554e+03	+9.695e+03	+0.649
4.600	+2.223e+03	+6.896e+03	+1.018e+04	+0.756
4.700	+4.766e+03	+5.941e+03	+1.023e+04	+0.555
4.800	+2.527e+03	+6.819e+03	+8.638e+03	+0.730
4.900	+1.799e+03	+6.745e+03	+1.047e+04	+0.789
5.000	+1.987e+03	+7.656e+03	+1.020e+04	+0.794
5.100	+3.009e+03	+7.427e+03	+9.430e+03	+0.712
5.200	+3.239e+03	+6.305e+03	+8.903e+03	+0.661
5.300	+3.785e+03	+7.921e+03	+1.025e+04	+0.677
5.400	+5.206e+03	+6.594e+03	+1.006e+04	+0.559
5.500	+8.439e+03	+4.486e+03	+1.119e+04	+0.347
5.600	+6.562e+03	+2.417e+03	+1.017e+04	+0.269
5.700	+7.034e+03	+2.019e+03	+1.144e+04	+0.223
5.800	+7.635e+03	+2.185e+03	+9.181e+03	+0.222
5.900	+6.395e+03	+4.054e+03	+1.086e+04	+0.388
6.000	+8.080e+03	+2.213e+03	+1.056e+04	+0.215
6.100	+7.227e+03	+7.752e+02	+1.068e+04	+0.097
6.200	+6.488e+03	+2.862e+03	+9.885e+03	+0.306
6.300	+2.093e+03	+8.320e+03	+9.810e+03	+0.799
6.400	+1.892e+03	+8.209e+03	+9.401e+03	+0.813
6.500	+3.169e+03	+6.823e+03	+1.099e+04	+0.683
6.600	+1.671e+03	+6.761e+03	+9.698e+03	+0.802
6.700	+8.473e+02	+7.872e+03	+9.313e+03	+0.903
6.800	+3.185e+03	+6.895e+03	+1.060e+04	+0.684
6.900	+2.455e+03	+6.373e+03	+9.563e+03	+0.722
7.000	+2.239e+03	+7.869e+03	+9.187e+03	+0.778
7.100	+3.567e+03	+6.457e+03	+9.821e+03	+0.644
7.200	+4.427e+03	+6.976e+03	+9.123e+03	+0.612
7.300	+3.325e+03	+7.025e+03	+1.022e+04	+0.679
7.400	+3.089e+03	+6.386e+03	+8.556e+03	+0.674
7.500	+1.709e+03	+7.341e+03	+1.096e+04	+0.811
7.600	+3.498e+03	+4.896e+03	+1.020e+04	+0.583
7.700	+7.446e+03	+1.836e+03	+1.076e+04	+0.198
7.800	+5.698e+03	+2.698e+03	+1.146e+04	+0.321
7.900	+5.706e+03	+4.190e+03	+8.565e+03	+0.423
8.000	+6.995e+03	+2.391e+03	+9.584e+03	+0.255
8.100	+7.089e+03	+2.528e+03	+9.445e+03	+0.263
8.200	+5.962e+03	+3.053e+03	+9.621e+03	+0.339
8.300	+7.616e+03	+3.851e+03	+1.020e+04	+0.336
8.400	+7.655e+03	+2.710e+03	+8.119e+03	+0.261
8.500	+8.406e+03	+2.527e+03	+8.926e+03	+0.231
8.600	+7.403e+03	+3.099e+03	+8.366e+03	+0.295
8.700	+6.500e+03	+2.923e+03	+1.053e+04	+0.310
8.800	+3.358e+03	+6.010e+03	+9.391e+03	+0.642
8.900	+3.906e+03	+6.459e+03	+1.024e+04	+0.623
9.000	+2.949e+03	+7.517e+03	+1.019e+04	+0.718
9.100	+3.120e+03	+8.402e+03	+8.832e+03	+0.729
9.200	+3.065e+03	+6.163e+03	+1.051e+04	+0.668
9.300	+2.628e+03	+8.065e+03	+9.700e+03	+0.754
9.400	+3.968e+03	+6.907e+03	+9.569e+03	+0.635
9.500	+2.290e+03	+7.564e+03	+9.861e+03	+0.768
9.600	+2.203e+03	+7.026e+03	+1.028e+04	+0.761
9.700	+3.556e+03	+6.484e+03	+9.474e+03	+0.646
9.800	+3.128e+03	+7.420e+03	+1.105e+04	+0.703
9.900	+2.484e+03	+6.546e+03	+1.018e+04	+0.725
10.000	+3.225e+03	+7.509e+03	+1.165e+04	+0.700
10.100	+3.024e+03	+6.021e+03	+1.081e+04	+0.666
10.200	+2.306e+03	+5.781e+03	+1.016e+04	+0.715
10.300	+3.406e+03	+6.916e+03	+1.042e+04	+0.670
10.400	+6.872e+03	+4.435e+03	+1.028e+04	+0.392
10.500	+5.819e+03	+3.016e+03	+1.073e+04	+0.341
10.600	+7.276e+03	+4.175e+03	+1.109e+04	+0.365
10.700	+6.806e+03	+3.935e+03	+8.574e+03	+0.366
10.800	+4.719e+03	+3.788e+03	+1.094e+04	+0.445
10.900	+6.314e+03	+3.335e+03	+1.065e+04	+0.346
11.000	+7.438e+03	+3.286e+03	+8.497e+03	+0.306
11.100	+5.346e+03	+2.673e+03	+9.413e+03	+0.333
11.200	+7.249e+03	+3.358e+03	+1.064e+04	+0.317
11.300	+7.477e+03	+2.704e+03	+9.547e+03	+0.266
11.400	+7.860e+03	+4.047e+03	+1.008e+04	+0.340
11.500	+7.994e+03	+2.213e+03	+1.072e+04	+0.217
11.600	+7.718e+03	+3.200e+03	+9.738e+03	+0.293
11.700	+7.181e+03	+2.270e+03	+1.091e+04	+0.240
11.800	+7.192e+03	+5.157e+03	+9.436e+03	+0.418
11.900	+6.631e+03	+1.422e+03	+1.101e+04	+0.177
12.000	+6.683e+03	+1.878e+03	+9.875e+03	+0.219
12.100	+7.451e+03	+2.532e+03	+9.821e+03	+0.254
12.200	+6.209e+03	+3.157e+03	+1.067e+04	+0.337
12.300	+5.690e+03	+2.087e+03	+9.596e+03	+0.268
12.400	+7.315e+03	+2.742e+03	+9.086e+03	+0.273
12.500	+7.000e+03	+3.919e+03	+9.856e+03	+0.359
12.600	+6.582e+03	+3.086e+03	+8.647e+03	+0.319
12.700	+7.482e+03	+2.231e+03	+1.081e+04	+0.230
12.800	+5.950e+03	+2.318e+03	+8.684e+03	+0.280
12.900	+6.053e+03	+2.459e+03	+9.157e+03	+0.289
13.000	+6.132e+03	+3.986e+03	+8.218e+03	+0.394
13.100	+6.691e+03	+2.935e+03	+9.215e+03	+0.305
13.200	+7.697e+03	+2.808e+03	+1.012e+04	+0.267
13.300	+7.041e+03	+2.170e+03	+1.043e+04	+0.236
13.400	+8.781e+03	+1.341e+03	+9.110e+03	+0.132
13.500	+6.970e+03	+2.167e+03	+8.981e+03	+0.237
13.600	+8.806e+03	+2.171e+03	+8.483e+03	+0.198
13.700	+8.215e+03	+2.109e+03	+9.547e+03	+0.204
13.800	+8.022e+03	+3.053e+03	+9.140e+03	+0.276
13.900	+8.083e+03	+3.093e+03	+1.081e+04	+0.277
14.000	+5.225e+03	+5.090e+03	+9.413e+03	+0.493
14.100	+2.909e+03	+7.157e+03	+1.011e+04	+0.711
14.200	+2.523e+03	+6.574e+03	+9.013e+03	+0.723
14.300	+4.520e+03	+7.393e+03	+1.040e+04	+0.621
14.400	+1.803e+03	+6.924e+03	+9.340e+03	+0.793
14.500	+2.288e+03	+6.939e+03	+9.777e+03	+0.752
14.600	+2.492e+03	+7.168e+03	+1.099e+04	+0.742
14.700	+3.677e+03	+6.182e+03	+1.007e+04	+0.627
14.800	+2.046e+03	+6.902e+03	+9.491e+03	+0.771
14.900	+2.478e+03	+7.025e+03	+9.897e+03	+0.739
15.000	+4.011e+03	+5.327e+03	+1.014e+04	+0.570
15.100	+4.244e+03	+5.608e+03	+8.921e+03	+0.569
15.200	+3.950e+03	+7.106e+03	+9.477e+03	+0.643
15.300	+3.834e+03	+7.684e+03	+1.068e+04	+0.667
15.400	+2.690e+03	+7.668e+03	+8.880e+03	+0.740
15.500	+2.111e+03	+7.356e+03	+8.124e+03	+0.777
15.600	+2.706e+03	+6.427e+03	+1.034e+04	+0.704
15.700	+1.811e+03	+8.094e+03	+8.657e+03	+0.817
15.800	+3.460e+03	+6.747e+03	+8.537e+03	+0.661
15.900	+3.027e+03	+6.951e+03	+9.339e+03	+0.697
16.000	+2.521e+03	+7.840e+03	+1.081e+04	+0.757
16.100	+3.623e+03	+6.058e+03	+9.688e+03	+0.626
16.200	+3.627e+03	+8.095e+03	+9.067e+03	+0.691
16.300	+4.113e+03	+5.808e+03	+1.122e+04	+0.585
16.400	+7.971e+03	+2.026e+03	+1.032e+04	+0.203
16.500	+7.436e+03	+3.392e+03	+9.058e+03	+0.313
16.600	+7.469e+03	+3.941e+03	+1.041e+04	+0.345
16.700	+6.954e+03	+3.269e+03	+9.036e+03	+0.320
16.800	+6.070e+03	+3.250e+03	+9.746e+03	+0.349
16.900	+3.199e+03	+6.220e+03	+1.054e+04	+0.660
17.000	+2.986e+03	+8.228e+03	+1.000e+04	+0.734
17.100	+4.331e+03	+6.636e+03	+1.050e+04	+0.605
17.200	+3.357e+03	+7.264e+03	+8.805e+03	+0.684
17.300	+3.017e+03	+6.448e+03	+9.916e+03	+0.681
17.400	+2.586e+03	+8.744e+03	+8.948e+03	+0.772
17.500	+2.462e+03	+7.445e+03	+1.004e+04	+0.752
17.600	+5.434e+03	+7.277e+03	+9.607e+03	+0.572
17.700	+3.520e+03	+5.872e+03	+9.494e+03	+0.625
17.800	+2.388e+03	+7.421e+03	+8.658e+03	+0.757
17.900	+3.490e+03	+7.711e+03	+9.931e+03	+0.688
18.000	+2.749e+03	+5.021e+03	+1.173e+04	+0.646
18.100	+2.724e+03	+6.090e+03	+1.153e+04	+0.691
18.200	+3.092e+03	+7.965e+03	+1.044e+04	+0.720
18.300	+3.068e+03	+7.133e+03	+9.061e+03	+0.699
18.400	+3.932e+03	+7.929e+03	+8.607e+03	+0.669
18.500	+2.979e+03	+6.885e+03	+1.023e+04	+0.698
18.600	+9.324e+02	+5.912e+03	+9.596e+03	+0.864
18.700	+2.946e+03	+6.371e+03	+9.818e+03	+0.684
18.800	+2.878e+03	+8.118e+03	+1.102e+04	+0.738
18.900	+3.368e+03	+6.706e+03	+9.746e+03	+0.666
19.000	+2.882e+03	+8.606e+03	+8.643e+03	+0.749
19.100	+2.762e+03	+7.227e+03	+9.486e+03	+0.723
19.200	+2.850e+03	+6.581e+03	+9.303e+03	+0.698
19.300	+4.509e+03	+5.874e+03	+1.056e+04	+0.566
19.400	+3.699e+03	+6.316e+03	+9.152e+03	+0.631
19.500	+3.487e+03	+7.256e+03	+1.035e+04	+0.675
19.600	+3.428e+03	+8.232e+03	+1.042e+04	+0.706
19.700	+1.943e+03	+6.260e+03	+1.036e+04	+0.763
19.800	+2.913e+03	+7.337e+03	+1.060e+04	+0.716
19.900	+7.536e+02	+7.019e+03	+1.041e+04	+0.903
20.000	+3.393e+03	+5.511e+03	+1.008e+04	+0.619
20.100	+3.812e+03	+5.852e+03	+1.115e+04	+0.606
20.200	+4.478e+03	+8.103e+03	+1.051e+04	+0.644
20.300	+2.898e+03	+8.541e+03	+1.113e+04	+0.747
20.400	+3.014e+03	+5.566e+03	+1.049e+04	+0.649
20.500	+1.805e+03	+8.613e+03	+9.919e+03	+0.827
20.600	+2.771e+03	+6.198e+03	+1.092e+04	+0.691
20.700	+3.064e+03	+7.777e+03	+1.028e+04	+0.717
20.800	+2.104e+03	+6.635e+03	+1.003e+04	+0.759
20.900	+4.142e+03	+7.602e+03	+1.052e+04	+0.647
21.000	+2.552e+03	+8.583e+03	+1.028e+04	+0.771
21.100	+3.443e+03	+7.037e+03	+8.998e+03	+0.671
21.200	+2.882e+03	+6.074e+03	+9.034e+03	+0.678
21.300	+2.540e+03	+6.266e+03	+1.025e+04	+0.712
21.400	+6.095e+03	+3.807e+03	+1.030e+04	+0.384
21.500	+6.223e+03	+3.639e+03	+9.883e+03	+0.369
21.600	+6.209e+03	+2.203e+03	+9.987e+03	+0.262
21.700	+5.932e+03	+2.575e+03	+9.800e+03	+0.303
21.800	+6.791e+03	+2.689e+03	+1.076e+04	+0.284
21.900	+7.736e+03	+3.961e+03	+9.311e+03	+0.339
22.000	+6.628e+03	+2.836e+03	+1.011e+04	+0.300
22.100	+7.162e+03	+3.163e+03	+9.871e+03	+0.306
22.200	+7.714e+03	+3.359e+03	+1.009e+04	+0.303
22.300	+7.203e+03	+3.491e+03	+8.995e+03	+0.326
22.400	+6.877e+03	+2.637e+03	+1.035e+04	+0.277
22.500	+9.302e+03	+3.289e+03	+8.186e+03	+0.261
22.600	+7.025e+03	+2.893e+03	+1.046e+04	+0.292
22.700	+7.835e+03	+2.550e+03	+8.197e+03	+0.246
22.800	+7.235e+03	+2.264e+03	+9.475e+03	+0.238
22.900	+5.422e+03	+1.449e+03	+1.088e+04	+0.211
23.000	+7.235e+03	+2.814e+03	+1.174e+04	+0.280
23.100	+7.407e+03	+3.085e+03	+9.675e+03	+0.294
23.200	+6.708e+03	+3.817e+03	+9.252e+03	+0.363
23.300	+8.250e+03	+2.572e+03	+1.091e+04	+0.238
23.400	+6.330e+03	+4.865e+03	+9.272e+03	+0.435
23.500	+6.208e+03	+3.114e+03	+9.585e+03	+0.334
23.600	+6.647e+03	+2.492e+03	+9.852e+03	+0.273
23.700	+8.065e+03	+3.069e+03	+8.608e+03	+0.276
23.800	+3.171e+03	+5.610e+03	+1.013e+04	+0.639
23.900	+7.470e+03	+4.592e+03	+1.024e+04	+0.381
24.000	+6.208e+03	+2.954e+03	+1.034e+04	+0.322
24.100	+6.122e+03	+3.224e+03	+9.987e+03	+0.345
24.200	+7.502e+03	+1.659e+03	+1.077e+04	+0.181
24.300	+6.489e+03	+2.300e+03	+1.123e+04	+0.262
24.400	+8.323e+03	+2.337e+03	+1.132e+04	+0.219
24.500	+7.263e+03	+2.963e+03	+9.789e+03	+0.290
24.600	+8.124e+03	+1.632e+03	+9.656e+03	+0.167
24.700	+7.256e+03	+4.010e+03	+1.104e+04	+0.356
24.800	+6.753e+03	+2.151e+03	+9.955e+03	+0.242
24.900	+6.737e+03	+3.284e+03	+1.048e+04	+0.328
25.000	+5.278e+03	+3.242e+03	+9.750e+03	+0.380
25.100	+3.429e+03	+8.598e+03	+9.338e+03	+0.715
25.200	+2.850e+03	+6.982e+03	+1.077e+04	+0.710
25.300	+2.153e+03	+7.580e+03	+9.416e+03	+0.779
25.400	+4.076e+03	+6.286e+03	+8.998e+03	+0.607
25.500	+2.217e+03	+7.552e+03	+1.074e+04	+0.773
25.600	+5.101e+03	+8.513e+03	+1.014e+04	+0.625
25.700	+3.312e+03	+7.639e+03	+9.021e+03	+0.698
25.800	+3.238e+03	+7.267e+03	+1.002e+04	+0.692
25.900	+2.060e+03	+7.659e+03	+9.906e+03	+0.788
26.000	+3.956e+03	+6.984e+03	+1.050e+04	+0.638
26.100	+2.452e+03	+7.102e+03	+9.993e+03	+0.743
26.200	+2.437e+03	+6.776e+03	+9.407e+03	+0.736
26.300	+2.982e+03	+7.172e+03	+9.576e+03	+0.706
26.400	+3.100e+03	+7.872e+03	+1.047e+04	+0.717
26.500	+7.080e+03	+3.614e+03	+9.745e+03	+0.338
26.600	+7.270e+03	+4.306e+03	+1.025e+04	+0.372
26.700	+7.640e+03	+3.845e+03	+9.741e+03	+0.335
26.800	+7.324e+03	+4.191e+03	+8.376e+03	+0.364
26.900	+7.526e+03	+3.884e+03	+9.166e+03	+0.340
27.000	+3.178e+03	+7.391e+03	+1.101e+04	+0.699
27.100	+3.471e+03	+6.939e+03	+1.039e+04	+0.667
27.200	+3.630e+03	+7.932e+03	+1.009e+04	+0.686
27.300	+3.022e+03	+6.465e+03	+1.016e+04	+0.681
27.400	+3.303e+03	+6.548e+03	+9.970e+03	+0.665
27.500	+3.401e+03	+5.570e+03	+1.068e+04	+0.621
27.600	+2.408e+03	+6.776e+03	+9.118e+03	+0.738
27.700	+3.044e+03	+8.203e+03	+9.860e+03	+0.729
27.800	+3.143e+03	+6.438e+03	+1.097e+04	+0.672
27.900	+3.732e+03	+7.306e+03	+1.042e+04	+0.662
28.000	+5.983e+03	+3.818e+03	+9.021e+03	+0.390
28.100	+6.690e+03	+2.906e+03	+1.033e+04	+0.303
28.200	+5.527e+03	+2.801e+03	+1.072e+04	+0.336
28.300	+6.875e+03	+2.799e+03	+9.689e+03	+0.289
28.400	+8.937e+03	+3.329e+03	+1.109e+04	+0.271
28.500	+6.877e+03	+4.502e+03	+1.092e+04	+0.396
28.600	+7.621e+03	+3.528e+03	+1.001e+04	+0.316
28.700	+6.863e+03	+2.156e+03	+9.910e+03	+0.239
28.800	+6.510e+03	+3.356e+03	+1.044e+04	+0.340
28.900	+4.639e+03	+2.778e+03	+1.001e+04	+0.375
29.000	+7.074e+03	+3.042e+03	+8.266e+03	+0.301
29.100	+6.729e+03	+2.245e+03	+9.512e+03	+0.250
29.200	+5.019e+03	+5.428e+03	+1.091e+04	+0.520
29.300	+2.240e+03	+6.244e+03	+9.023e+03	+0.736
29.400	+6.359e+03	+3.822e+03	+9.205e+03	+0.375
29.500	+3.570e+03	+6.528e+03	+9.132e+03	+0.646
29.600	+2.852e+03	+7.049e+03	+9.550e+03	+0.712
29.700	+2.675e+03	+6.586e+03	+9.862e+03	+0.711
29.800	+3.582e+03	+7.448e+03	+1.150e+04	+0.675
29.900	+3.759e+03	+7.265e+03	+1.114e+04	+0.659
30.000	+2.376e+03	+8.349e+03	+1.174e+04	+0.778
30.100	+2.949e+03	+7.044e+03	+1.084e+04	+0.705
30.200	+1.665e+03	+6.126e+03	+9.847e+03	+0.786
30.300	+2.631e+03	+6.227e+03	+9.227e+03	+0.703
30.400	+4.963e+03	+7.245e+03	+9.293e+03	+0.593
30.500	+4.332e+03	+5.164e+03	+1.023e+04	+0.544
30.600	+6.929e+03	+2.570e+03	+1.073e+04	+0.271
30.700	+7.697e+03	+1.998e+03	+9.593e+03	+0.206
30.800	+5.828e+03	+1.529e+03	+1.161e+04	+0.208
30.900	+7.107e+03	+3.577e+03	+1.024e+04	+0.335
31.000	+5.218e+03	+3.697e+03	+1.002e+04	+0.415
31.100	+6.252e+03	+2.826e+03	+9.852e+03	+0.311
31.200	+7.204e+03	+2.414e+03	+9.757e+03	+0.251
31.300	+6.342e+03	+2.463e+03	+1.082e+04	+0.280
31.400	+7.265e+03	+3.402e+03	+1.103e+04	+0.319
31.500	+6.406e+03	+2.359e+03	+9.647e+03	+0.269
31.600	+6.903e+03	+4.271e+03	+9.376e+03	+0.382
31.700	+6.815e+03	+4.509e+03	+1.083e+04	+0.398
31.800	+6.690e+03	+2.253e+03	+1.015e+04	+0.252
31.900	+6.454e+03	+2.382e+03	+9.503e+03	+0.270
32.000	+6.393e+03	+3.302e+03	+9.427e+03	+0.341
32.100	+6.024e+03	+2.156e+03	+1.070e+04	+0.264
32.200	+6.539e+03	+3.340e+03	+1.128e+04	+0.338
32.300	+5.275e+03	+4.413e+03	+9.764e+03	+0.456
32.400	+1.690e+03	+7.126e+03	+8.446e+03	+0.808
32.500	+3.594e+03	+5.784e+03	+9.428e+03	+0.617
32.600	+2.443e+03	+7.500e+03	+1.148e+04	+0.754
32.700	+2.377e+03	+7.895e+03	+1.004e+04	+0.769
32.800	+3.202e+03	+5.658e+03	+1.021e+04	+0.639
32.900	+3.120e+03	+6.219e+03	+9.832e+03	+0.666
33.000	+2.542e+03	+6.525e+03	+1.121e+04	+0.720
33.100	+2.855e+03	+6.982e+03	+1.049e+04	+0.710
33.200	+2.856e+03	+7.401e+03	+9.781e+03	+0.722
33.300	+4.230e+03	+7.652e+03	+8.927e+03	+0.644
33.400	+2.332e+03	+6.761e+03	+9.688e+03	+0.744
33.500	+3.488e+03	+7.148e+03	+1.119e+04	+0.672
33.600	+2.820e+03	+7.820e+03	+9.501e+03	+0.735
33.700	+3.219e+03	+7.841e+03	+9.863e+03	+0.709
33.800	+3.971e+03	+6.896e+03	+1.010e+04	+0.635
33.900	+4.697e+03	+7.352e+03	+9.935e+03	+0.610
34.000	+3.476e+03	+7.145e+03	+9.986e+03	+0.673
34.100	+2.635e+03	+9.180e+03	+1.012e+04	+0.777
34.200	+3.430e+03	+7.108e+03	+1.064e+04	+0.675
34.300	+3.991e+03	+7.681e+03	+1.004e+04	+0.658
34.400	+3.793e+03	+7.536e+03	+1.072e+04	+0.665
34.500	+2.270e+03	+6.751e+03	+9.188e+03	+0.748
34.600	+2.215e+03	+7.326e+03	+9.384e+03	+0.768
34.700	+4.062e+03	+7.628e+03	+9.065e+03	+0.653
34.800	+3.670e+03	+5.999e+03	+9.547e+03	+0.620
34.900	+3.186e+03	+7.240e+03	+1.001e+04	+0.694
35.000	+3.831e+03	+7.423e+03	+9.343e+03	+0.660
35.100	+3.682e+03	+6.204e+03	+1.046e+04	+0.628
35.200	+2.535e+03	+6.609e+03	+9.662e+03	+0.723
35.300	+3.307e+03	+6.921e+03	+8.417e+03	+0.677
35.400	+4.659e+03	+7.123e+03	+1.145e+04	+0.605
35.500	+2.142e+03	+8.228e+03	+1.003e+04	+0.793
35.600	+3.347e+03	+7.542e+03	+1.039e+04	+0.693
35.700	+3.527e+03	+8.101e+03	+1.050e+04	+0.697
35.800	+2.709e+03	+6.656e+03	+1.052e+04	+0.711
35.900	+3.492e+03	+6.484e+03	+9.730e+03	+0.650
36.000	+2.135e+03	+6.543e+03	+1.007e+04	+0.754
36.100	+3.726e+03	+8.263e+03	+1.012e+04	+0.689
36.200	+5.180e+03	+6.975e+03	+8.944e+03	+0.574
36.300	+3.949e+03	+6.323e+03	+9.978e+03	+0.616
36.400	+2.635e+03	+7.870e+03	+9.484e+03	+0.749
36.500	+4.779e+03	+7.595e+03	+9.889e+03	+0.614
36.600	+4.232e+03	+7.280e+03	+9.447e+03	+0.632
36.700	+3.909e+03	+5.149e+03	+1.146e+04	+0.568
36.800	+3.640e+03	+6.004e+03	+1.091e+04	+0.623
36.900	+2.142e+03	+6.744e+03	+1.118e+04	+0.759
37.000	+2.204e+03	+7.224e+03	+9.290e+03	+0.766
37.100	+4.021e+03	+7.518e+03	+1.011e+04	+0.652
37.200	+3.413e+03	+7.987e+03	+9.234e+03	+0.701
37.300	+3.197e+03	+7.363e+03	+1.078e+04	+0.697
37.400	+3.386e+03	+6.230e+03	+9.482e+03	+0.648
37.500	+3.208e+03	+7.457e+03	+9.329e+03	+0.699
37.600	+2.116e+03	+5.588e+03	+7.417e+03	+0.725
37.700	+2.757e+03	+7.450e+03	+9.100e+03	+0.730
37.800	+4.232e+03	+6.729e+03	+9.260e+03	+0.614
37.900	+2.305e+03	+7.385e+03	+9.042e+03	+0.762
38.000	+3.447e+03	+6.568e+03	+9.104e+03	+0.656
38.100	+3.888e+03	+7.223e+03	+1.077e+04	+0.650
38.200	+3.699e+03	+8.390e+03	+1.125e+04	+0.694
38.300	+2.185e+03	+6.985e+03	+9.901e+03	+0.762
38.400	+3.799e+03	+8.237e+03	+1.047e+04	+0.684
38.500	+3.977e+03	+7.221e+03	+9.705e+03	+0.645
38.600	+2.477e+03	+6.886e+03	+8.156e+03	+0.735
38.700	+3.508e+03	+6.146e+03	+8.780e+03	+0.637
38.800	+3.393e+03	+7.831e+03	+1.043e+04	+0.698
38.900	+3.396e+03	+6.821e+03	+1.010e+04	+0.668
39.000	+6.110e+03	+4.936e+03	+9.438e+03	+0.447
39.100	+7.606e+03	+3.843e+03	+9.353e+03	+0.336
39.200	+5.585e+03	+3.446e+03	+9.448e+03	+0.382
39.300	+6.119e+03	+4.991e+03	+1.001e+04	+0.449
39.400	+7.790e+03	+2.972e+03	+9.858e+03	+0.276
39.500	+6.721e+03	+1.950e+03	+9.721e+03	+0.225
39.600	+7.996e+03	+3.284e+03	+1.080e+04	+0.291
39.700	+8.666e+03	+2.887e+03	+1.058e+04	+0.250
39.800	+7.762e+03	+2.449e+03	+1.134e+04	+0.240
39.900	+6.498e+03	+3.953e+03	+1.079e+04	+0.378
40.000	+7.024e+03	+3.084e+03	+1.015e+04	+0.305
40.100	+7.068e+03	+2.505e+03	+1.073e+04	+0.262
40.200	+6.997e+03	+2.192e+03	+1.023e+04	+0.239
40.300	+7.190e+03	+2.036e+03	+9.646e+03	+0.221
40.400	+7.325e+03	+4.678e+03	+7.923e+03	+0.390
40.500	+6.200e+03	+2.188e+03	+1.108e+04	+0.261
40.600	+7.275e+03	+3.902e+03	+1.123e+04	+0.349
40.700	+6.418e+03	+3.125e+03	+9.652e+03	+0.328
40.800	+6.423e+03	+3.333e+03	+1.095e+04	+0.342
40.900	+6.246e+03	+2.650e+03	+1.100e+04	+0.298
41.000	+6.521e+03	+4.793e+03	+1.024e+04	+0.424
41.100	+5.849e+03	+2.448e+03	+9.878e+03	+0.295
41.200	+5.944e+03	+3.948e+03	+9.226e+03	+0.399
41.300	+3.848e+03	+7.354e+03	+9.375e+03	+0.656
41.400	+3.985e+03	+5.816e+03	+9.397e+03	+0.593
41.500	+6.856e+03	+2.421e+03	+1.090e+04	+0.261
41.600	+7.092e+03	+2.450e+03	+9.717e+03	+0.257
41.700	+7.780e+03	+2.737e+03	+1.008e+04	+0.260
41.800	+7.769e+03	+3.890e+03	+1.043e+04	+0.334
41.900	+6.704e+03	+3.941e+03	+1.062e+04	+0.370
42.000	+6.611e+03	+3.652e+03	+9.973e+03	+0.356
42.100	+5.453e+03	+2.695e+03	+8.844e+03	+0.331
42.200	+6.907e+03	+4.437e+03	+9.363e+03	+0.391
42.300	+7.353e+03	+2.920e+03	+1.029e+04	+0.284
42.400	+7.746e+03	+2.689e+03	+9.671e+03	+0.258
42.500	+8.442e+03	+2.758e+03	+9.836e+03	+0.246
42.600	+9.013e+03	+1.123e+03	+9.192e+03	+0.111
42.700	+6.877e+03	+2.513e+03	+9.295e+03	+0.268
42.800	+7.896e+03	+2.617e+03	+1.002e+04	+0.249
42.900	+7.215e+03	+2.039e+03	+8.912e+03	+0.220
43.000	+8.691e+03	+2.905e+03	+1.035e+04	+0.251
43.100	+8.532e+03	+3.279e+03	+1.024e+04	+0.278
43.200	+6.148e+03	+3.842e+03	+9.918e+03	+0.385
43.300	+8.102e+03	+2.617e+03	+1.047e+04	+0.244
43.400	+7.685e+03	+2.423e+03	+9.825e+03	+0.240
43.500	+6.954e+03	+3.761e+03	+9.410e+03	+0.351
43.600	+7.128e+03	+2.560e+03	+9.383e+03	+0.264
43.700	+8.347e+03	+2.367e+03	+8.278e+03	+0.221
43.800	+6.457e+03	+1.798e+03	+9.543e+03	+0.218
43.900	+8.388e+03	+3.741e+03	+8.892e+03	+0.308
44.000	+6.366e+03	+1.897e+03	+1.123e+04	+0.230
44.100	+6.388e+03	+3.681e+03	+9.615e+03	+0.366
44.200	+6.795e+03	+3.659e+03	+1.076e+04	+0.350
44.300	+6.818e+03	+2.498e+03	+9.001e+03	+0.268
44.400	+6.541e+03	+2.302e+03	+1.087e+04	+0.260
44.500	+5.834e+03	+3.672e+03	+1.109e+04	+0.386
44.600	+7.768e+03	+3.410e+03	+1.052e+04	+0.305
44.700	+6.534e+03	+2.523e+03	+1.150e+04	+0.279
44.800	+8.294e+03	+3.167e+03	+1.044e+04	+0.276
44.900	+6.708e+03	+4.322e+03	+9.999e+03	+0.392
45.000	+6.827e+03	+3.058e+03	+9.000e+03	+0.309
45.100	+6.333e+03	+2.973e+03	+9.578e+03	+0.319
45.200	+7.071e+03	+2.652e+03	+1.057e+04	+0.273
45.300	+7.836e+03	+2.150e+03	+1.120e+04	+0.215
45.400	+7.939e+03	+3.865e+03	+9.924e+03	+0.327
45.500	+7.051e+03	+1.896e+03	+9.873e+03	+0.212
45.600	+6.033e+03	+3.538e+03	+9.614e+03	+0.370
45.700	+7.234e+03	+2.679e+03	+1.117e+04	+0.270
45.800	+7.551e+03	+1.900e+03	+9.917e+03	+0.201
45.900	+7.493e+03	+3.448e+03	+9.432e+03	+0.315
46.000	+5.200e+03	+2.040e+03	+1.077e+04	+0.282
46.100	+7.777e+03	+4.049e+03	+1.028e+04	+0.342
46.200	+7.802e+03	+2.730e+03	+1.007e+04	+0.259
46.300	+5.938e+03	+2.154e+03	+9.911e+03	+0.266
46.400	+6.818e+03	+3.673e+03	+9.868e+03	+0.350
46.500	+8.277e+03	+3.016e+03	+9.744e+03	+0.267
46.600	+7.349e+03	+4.446e+03	+9.767e+03	+0.377
46.700	+6.854e+03	+2.457e+03	+1.110e+04	+0.264
46.800	+5.244e+03	+5.604e+03	+9.306e+03	+0.517
46.900	+2.545e+03	+8.774e+03	+1.041e+04	+0.775
47.000	+3.823e+03	+8.189e+03	+8.196e+03	+0.682
47.100	+2.606e+03	+7.200e+03	+9.469e+03	+0.734
47.200	+3.062e+03	+7.631e+03	+1.092e+04	+0.714
47.300	+1.972e+03	+7.640e+03	+9.929e+03	+0.795
47.400	+4.361e+03	+7.345e+03	+1.150e+04	+0.627
47.500	+3.353e+03	+7.482e+03	+9.771e+03	+0.691
47.600	+2.687e+03	+5.589e+03	+8.333e+03	+0.675
47.700	+3.038e+03	+5.771e+03	+9.295e+03	+0.655
47.800	+2.675e+03	+6.805e+03	+9.940e+03	+0.718
47.900	+2.706e+03	+7.339e+03	+1.076e+04	+0.731
48.000	+2.443e+03	+7.235e+03	+9.821e+03	+0.748
48.100	+6.343e+03	+4.690e+03	+9.877e+03	+0.425
48.200	+6.206e+03	+2.440e+03	+9.982e+03	+0.282
48.300	+6.511e+03	+3.055e+03	+1.059e+04	+0.319
48.400	+7.773e+03	+4.297e+03	+1.111e+04	+0.356
48.500	+7.849e+03	+2.832e+03	+9.138e+03	+0.265
48.600	+6.582e+03	+3.544e+03	+9.769e+03	+0.350
48.700	+7.047e+03	+3.701e+03	+1.044e+04	+0.344
48.800	+6.577e+03	+4.563e+03	+9.483e+03	+0.410
48.900	+7.163e+03	+1.583e+03	+1.040e+04	+0.181
49.000	+7.773e+03	+3.642e+03	+9.253e+03	+0.319
49.100	+5.270e+03	+4.807e+03	+1.019e+04	+0.477
49.200	+2.046e+03	+7.262e+03	+1.036e+04	+0.780
49.300	+2.202e+03	+7.545e+03	+1.005e+04	+0.774
49.400	+1.782e+03	+5.417e+03	+1.034e+04	+0.752
49.500	+2.430e+03	+7.262e+03	+9.527e+03	+0.749
49.600	+2.984e+03	+7.397e+03	+1.028e+04	+0.713
49.700	+2.461e+03	+7.724e+03	+9.874e+03	+0.758
49.800	+2.684e+03	+7.071e+03	+1.074e+04	+0.725
49.900	+1.337e+03	+7.966e+03	+9.909e+03	+0.856
50.000	+2.768e+03	+5.734e+03	+1.081e+04	+0.674
50.100	+2.736e+03	+8.133e+03	+9.108e+03	+0.748
50.200	+2.203e+03	+6.594e+03	+8.415e+03	+0.750
50.300	+3.960e+03	+7.255e+03	+9.851e+03	+0.647
50.400	+1.167e+03	+7.542e+03	+1.021e+04	+0.866
50.500	+2.561e+03	+6.198e+03	+8.621e+03	+0.708
50.600	+3.065e+03	+8.141e+03	+8.605e+03	+0.726
50.700	+1.958e+03	+5.965e+03	+1.043e+04	+0.753
50.800	+3.017e+03	+6.456e+03	+8.605e+03	+0.681
50.900	+4.166e+03	+7.932e+03	+1.058e+04	+0.656
51.000	+2.110e+03	+7.657e+03	+9.823e+03	+0.784
51.100	+3.105e+03	+5.338e+03	+9.445e+03	+0.632
51.200	+2.020e+03	+6.259e+03	+1.000e+04	+0.756
51.300	+3.689e+03	+8.161e+03	+9.977e+03	+0.689
51.400	+2.595e+03	+6.706e+03	+1.092e+04	+0.721
51.500	+2.106e+03	+5.961e+03	+1.063e+04	+0.739
51.600	+3.309e+03	+6.409e+03	+1.030e+04	+0.660
51.700	+3.266e+03	+7.781e+03	+9.742e+03	+0.704
51.800	+2.309e+03	+5.540e+03	+1.055e+04	+0.706
51.900	+3.567e+03	+7.138e+03	+1.070e+04	+0.667
52.000	+4.937e+03	+6.966e+03	+8.459e+03	+0.585
52.100	+2.469e+03	+8.218e+03	+1.005e+04	+0.769
52.200	+3.185e+03	+7.232e+03	+9.924e+03	+0.694
52.300	+3.943e+03	+6.277e+03	+9.318e+03	+0.614
52.400	+4.371e+03	+6.787e+03	+1.000e+04	+0.608
52.500	+2.772e+03	+7.518e+03	+9.773e+03	+0.731
52.600	+2.009e+03	+6.992e+03	+9.626e+03	+0.777
52.700	+3.370e+03	+6.284e+03	+1.084e+04	+0.651
52.800	+3.754e+03	+5.959e+03	+1.094e+04	+0.614
52.900	+2.701e+03	+8.681e+03	+1.192e+04	+0.763
53.000	+3.282e+03	+6.414e+03	+8.844e+03	+0.662
53.100	+4.062e+03	+6.208e+03	+8.911e+03	+0.604
53.200	+6.952e+03	+2.721e+03	+1.105e+04	+0.281
53.300	+6.069e+03	+2.097e+03	+1.037e+04	+0.257
53.400	+5.321e+03	+5.937e+03	+1.027e+04	+0.527
53.500	+3.002e+03	+7.150e+03	+1.011e+04	+0.704
53.600	+2.562e+03	+6.560e+03	+9.210e+03	+0.719
53.700	+2.449e+03	+7.020e+03	+9.603e+03	+0.741
53.800	+2.348e+03	+6.181e+03	+9.394e+03	+0.725
53.900	+3.645e+03	+7.120e+03	+1.122e+04	+0.661
54.000	+2.862e+03	+7.687e+03	+9.235e+03	+0.729
54.100	+2.719e+03	+8.302e+03	+9.698e+03	+0.753
54.200	+2.305e+03	+6.068e+03	+9.902e+03	+0.725
54.300	+2.421e+03	+7.752e+03	+9.629e+03	+0.762
54.400	+2.461e+03	+6.584e+03	+9.653e+03	+0.728
54.500	+3.210e+03	+7.330e+03	+1.190e+04	+0.695
54.600	+4.225e+03	+7.678e+03	+9.971e+03	+0.645
54.700	+4.634e+03	+6.252e+03	+9.665e+03	+0.574
54.800	+2.136e+03	+6.246e+03	+1.067e+04	+0.745
54.900	+2.379e+03	+5.354e+03	+1.020e+04	+0.692
55.000	+2.708e+03	+7.202e+03	+9.423e+03	+0.727
55.100	+3.431e+03	+6.414e+03	+1.017e+04	+0.651
55.200	+2.750e+03	+6.634e+03	+1.146e+04	+0.707
55.300	+3.047e+03	+7.292e+03	+1.041e+04	+0.705
55.400	+3.875e+03	+7.938e+03	+9.417e+03	+0.672
55.500	+3.176e+03	+7.263e+03	+8.721e+03	+0.696
55.600	+2.462e+03	+7.738e+03	+1.037e+04	+0.759
55.700	+1.119e+03	+6.693e+03	+9.760e+03	+0.857
55.800	+2.920e+03	+6.203e+03	+9.950e+03	+0.680
55.900	+2.953e+03	+6.614e+03	+9.216e+03	+0.691
56.000	+4.447e+03	+5.888e+03	+9.227e+03	+0.570
56.100	+3.625e+03	+8.242e+03	+1.110e+04	+0.695
56.200	+3.155e+03	+6.484e+03	+1.027e+04	+0.673
56.300	+2.537e+03	+7.898e+03	+1.080e+04	+0.757
56.400	+3.357e+03	+6.166e+03	+1.034e+04	+0.647
56.500	+1.961e+03	+7.232e+03	+9.582e+03	+0.787
56.600	+2.501e+03	+7.544e+03	+8.317e+03	+0.751
56.700	+2.329e+03	+6.529e+03	+1.073e+04	+0.737
56.800	+5.677e+03	+3.485e+03	+9.443e+03	+0.380
56.900	+6.431e+03	+2.783e+03	+9.686e+03	+0.302
57.000	+5.990e+03	+2.383e+03	+1.097e+04	+0.285
57.100	+7.072e+03	+3.543e+03	+1.124e+04	+0.334
57.200	+7.955e+03	+3.989e+03	+8.412e+03	+0.334
57.300	+6.857e+03	+1.616e+03	+1.160e+04	+0.191
57.400	+7.974e+03	+3.967e+03	+9.564e+03	+0.332
57.500	+8.440e+03	+3.928e+03	+9.996e+03	+0.318
57.600	+8.055e+03	+2.033e+03	+1.004e+04	+0.202
57.700	+4.775e+03	+5.807e+03	+9.618e+03	+0.549
57.800	+4.942e+03	+3.984e+03	+9.853e+03	+0.446
57.900	+6.691e+03	+3.580e+03	+1.046e+04	+0.349
58.000	+8.080e+03	+3.812e+03	+1.196e+04	+0.321
58.100	+8.179e+03	+3.630e+03	+9.698e+03	+0.307
58.200	+7.385e+03	+3.785e+03	+1.061e+04	+0.339
58.300	+7.295e+03	+3.404e+03	+9.917e+03	+0.318
58.400	+5.756e+03	+4.903e+03	+1.003e+04	+0.460
58.500	+7.453e+03	+2.908e+03	+1.088e+04	+0.281
58.600	+7.547e+03	+3.377e+03	+9.338e+03	+0.309
58.700	+7.840e+03	+4.248e+03	+1.076e+04	+0.351
58.800	+7.050e+03	+3.556e+03	+1.066e+04	+0.335
58.900	+6.634e+03	+2.712e+03	+1.037e+04	+0.290
59.000	+6.273e+03	+4.663e+03	+9.555e+03	+0.426
59.100	+7.041e+03	+2.675e+03	+9.829e+03	+0.275
59.200	+6.689e+03	+2.560e+03	+1.004e+04	+0.277
59.300	+3.883e+03	+7.614e+03	+9.398e+03	+0.662
59.400	+2.842e+03	+5.888e+03	+1.002e+04	+0.674
59.500	+4.406e+03	+6.057e+03	+9.866e+03	+0.579
59.600	+2.871e+03	+7.342e+03	+8.662e+03	+0.719
59.700	+3.382e+03	+5.956e+03	+1.127e+04	+0.638
59.800	+3.694e+03	+7.736e+03	+1.036e+04	+0.677
59.900	+3.119e+03	+7.039e+03	+8.809e+03	+0.693
60.000	+3.415e+03	+7.153e+03	+1.053e+04	+0.677
60.100	+3.267e+03	+7.742e+03	+1.016e+04	+0.703
60.200	+3.446e+03	+7.066e+03	+1.023e+04	+0.672
60.300	+9.602e+02	+6.765e+03	+9.642e+03	+0.876
60.400	+2.767e+03	+6.312e+03	+8.598e+03	+0.695
60.500	+5.583e+03	+4.293e+03	+1.019e+04	+0.435
60.600	+6.989e+03	+2.777e+03	+8.803e+03	+0.284
60.700	+6.922e+03	+2.528e+03	+1.066e+04	+0.267
60.800	+6.737e+03	+3.629e+03	+9.387e+03	+0.350
60.900	+6.039e+03	+2.253e+03	+9.412e+03	+0.272
61.000	+6.750e+03	+3.132e+03	+1.074e+04	+0.317
61.100	+6.658e+03	+1.763e+03	+1.044e+04	+0.209
61.200	+8.736e+03	+2.947e+03	+9.209e+03	+0.252
61.300	+7.960e+03	+3.243e+03	+9.583e+03	+0.289
61.400	+5.473e+03	+2.193e+03	+1.013e+04	+0.286
61.500	+7.780e+03	+1.890e+03	+9.648e+03	+0.195
61.600	+5.333e+03	+3.527e+03	+1.029e+04	+0.398
61.700	+6.765e+03	+3.789e+03	+1.005e+04	+0.359
61.800	+7.259e+03	+3.740e+03	+1.158e+04	+0.340
61.900	+6.394e+03	+2.947e+03	+9.386e+03	+0.315
62.000	+7.019e+03	+2.583e+03	+1.145e+04	+0.269
62.100	+6.601e+03	+3.292e+03	+8.796e+03	+0.333
62.200	+6.310e+03	+4.254e+03	+1.020e+04	+0.403
62.300	+2.970e+03	+6.576e+03	+1.090e+04	+0.689
62.400	+3.911e+03	+9.016e+03	+9.384e+03	+0.697
62.500	+2.409e+03	+7.745e+03	+1.009e+04	+0.763
62.600	+3.178e+03	+6.465e+03	+9.582e+03	+0.670
62.700	+2.789e+03	+7.269e+03	+1.107e+04	+0.723
62.800	+2.795e+03	+6.101e+03	+1.127e+04	+0.686
62.900	+2.625e+03	+8.340e+03	+1.074e+04	+0.761
63.000	+2.665e+03	+7.272e+03	+1.038e+04	+0.732
63.100	+2.725e+03	+7.963e+03	+1.101e+04	+0.745
63.200	+2.749e+03	+6.917e+03	+1.044e+04	+0.716
63.300	+3.076e+03	+6.822e+03	+1.041e+04	+0.689
63.400	+3.318e+03	+5.463e+03	+9.959e+03	+0.622
63.500	+4.339e+03	+6.980e+03	+8.686e+03	+0.617
63.600	+1.933e+03	+7.269e+03	+8.492e+03	+0.790
63.700	+3.253e+03	+6.053e+03	+9.701e+03	+0.650
63.800	+1.528e+03	+6.109e+03	+9.610e+03	+0.800
63.900	+7.626e+03	+3.777e+03	+8.747e+03	+0.331
64.000	+7.289e+03	+4.266e+03	+1.088e+04	+0.369
64.100	+7.232e+03	+2.748e+03	+9.845e+03	+0.275
64.200	+5.371e+03	+1.455e+03	+1.109e+04	+0.213
64.300	+6.723e+03	+2.385e+03	+9.631e+03	+0.262
64.400	+8.655e+03	+3.432e+03	+1.031e+04	+0.284
64.500	+6.907e+03	+2.610e+03	+1.042e+04	+0.274
64.600	+4.986e+03	+6.836e+03	+9.582e+03	+0.578
64.700	+2.530e+03	+6.073e+03	+8.400e+03	+0.706
64.800	+2.390e+03	+5.483e+03	+1.014e+04	+0.696
64.900	+2.641e+03	+7.368e+03	+8.957e+03	+0.736
65.000	+2.918e+03	+7.185e+03	+8.853e+03	+0.711
65.100	+3.586e+03	+6.475e+03	+8.755e+03	+0.644
65.200	+3.944e+03	+6.833e+03	+9.908e+03	+0.634
65.300	+3.866e+03	+5.656e+03	+9.012e+03	+0.594
65.400	+4.802e+03	+7.244e+03	+9.637e+03	+0.601
65.500	+3.161e+03	+6.397e+03	+1.015e+04	+0.669
65.600	+2.168e+03	+6.314e+03	+1.029e+04	+0.744
65.700	+1.495e+03	+7.903e+03	+9.096e+03	+0.841
65.800	+1.924e+03	+7.314e+03	+8.739e+03	+0.792
65.900	+2.626e+03	+6.405e+03	+9.442e+03	+0.709
66.000	+3.624e+03	+5.895e+03	+1.093e+04	+0.619
66.100	+1.561e+03	+8.564e+03	+9.388e+03	+0.846
66.200	+2.249e+03	+7.274e+03	+9.434e+03	+0.764
66.300	+2.633e+03	+7.628e+03	+1.037e+04	+0.743
66.400	+2.955e+03	+6.908e+03	+8.935e+03	+0.700
66.500	+2.630e+03	+6.839e+03	+1.006e+04	+0.722
66.600	+2.319e+03	+8.396e+03	+9.725e+03	+0.784
66.700	+2.164e+03	+6.537e+03	+1.060e+04	+0.751
66.800	+2.233e+03	+7.490e+03	+1.036e+04	+0.770
66.900	+3.096e+03	+5.834e+03	+8.802e+03	+0.653
67.000	+3.210e+03	+6.246e+03	+8.423e+03	+0.661
67.100	+2.239e+03	+6.737e+03	+1.107e+04	+0.751
67.200	+2.639e+03	+8.334e+03	+9.900e+03	+0.759
67.300	+2.587e+03	+6.930e+03	+1.168e+04	+0.728
67.400	+2.990e+03	+6.576e+03	+9.283e+03	+0.687
67.500	+2.063e+03	+7.245e+03	+1.167e+04	+0.778
67.600	+2.982e+03	+6.113e+03	+1.115e+04	+0.672
67.700	+2.919e+03	+7.253e+03	+1.136e+04	+0.713
67.800	+5.569e+03	+5.217e+03	+9.514e+03	+0.484
67.900	+7.974e+03	+3.967e+03	+1.000e+04	+0.332
68.000	+7.527e+03	+2.723e+03	+1.162e+04	+0.266
68.100	+4.934e+03	+2.840e+03	+1.066e+04	+0.365
68.200	+7.159e+03	+3.946e+03	+9.714e+03	+0.355
68.300	+8.131e+03	+4.130e+03	+9.693e+03	+0.337
68.400	+7.241e+03	+3.828e+03	+9.799e+03	+0.346
68.500	+6.251e+03	+4.620e+03	+9.127e+03	+0.425
68.600	+6.898e+03	+2.480e+03	+8.911e+03	+0.264
68.700	+5.760e+03	+2.117e+03	+1.029e+04	+0.269
68.800	+7.576e+03	+3.460e+03	+8.801e+03	+0.314
68.900	+7.203e+03	+3.720e+03	+1.107e+04	+0.341
69.000	+7.000e+03	+1.871e+03	+1.028e+04	+0.211
69.100	+6.026e+03	+3.030e+03	+9.324e+03	+0.335
69.200	+7.011e+03	+2.309e+03	+9.360e+03	+0.248
69.300	+6.581e+03	+3.440e+03	+7.980e+03	+0.343
69.400	+6.533e+03	+2.980e+03	+1.175e+04	+0.313
69.500	+8.190e+03	+4.188e+03	+9.310e+03	+0.338
69.600	+6.912e+03	+1.818e+03	+8.371e+03	+0.208
69.700	+6.853e+03	+3.084e+03	+8.910e+03	+0.310
69.800	+7.980e+03	+3.510e+03	+1.015e+04	+0.306
69.900	+7.134e+03	+3.203e+03	+9.338e+03	+0.310
70.000	+6.816e+03	+3.517e+03	+9.997e+03	+0.340
70.100	+1.940e+03	+7.439e+03	+1.051e+04	+0.793
70.200	+2.002e+03	+7.386e+03	+9.582e+03	+0.787
70.300	+3.901e+03	+6.518e+03	+9.312e+03	+0.626
70.400	+3.998e+03	+5.099e+03	+1.017e+04	+0.560
70.500	+2.148e+03	+6.995e+03	+1.120e+04	+0.765
70.600	+2.515e+03	+7.101e+03	+1.011e+04	+0.738
70.700	+2.798e+03	+7.876e+03	+1.033e+04	+0.738
70.800	+3.906e+03	+7.462e+03	+9.596e+03	+0.656
70.900	+5.307e+03	+4.773e+03	+9.446e+03	+0.474
71.000	+6.489e+03	+2.210e+03	+1.214e+04	+0.254
71.100	+6.245e+03	+2.566e+03	+9.677e+03	+0.291
71.200	+7.208e+03	+3.237e+03	+9.885e+03	+0.310
71.300	+7.071e+03	+2.830e+03	+9.061e+03	+0.286
71.400	+7.325e+03	+2.873e+03	+1.206e+04	+0.282
71.500	+7.610e+03	+2.554e+03	+1.024e+04	+0.251
71.600	+6.997e+03	+2.590e+03	+7.963e+03	+0.270
71.700	+7.004e+03	+3.424e+03	+1.065e+04	+0.328
71.800	+7.766e+03	+9.760e+02	+9.124e+03	+0.112
71.900	+7.375e+03	+2.728e+03	+9.074e+03	+0.270
72.000	+6.977e+03	+3.422e+03	+1.092e+04	+0.329
72.100	+8.027e+03	+2.890e+03	+9.744e+03	+0.265
72.200	+7.144e+03	+3.962e+03	+1.009e+04	+0.357
72.300	+7.335e+03	+2.250e+03	+1.010e+04	+0.235
72.400	+5.170e+03	+4.563e+03	+8.961e+03	+0.469
72.500	+3.180e+03	+5.902e+03	+1.019e+04	+0.650
72.600	+3.582e+03	+6.775e+03	+9.617e+03	+0.654
72.700	+4.219e+03	+5.731e+03	+8.509e+03	+0.576
72.800	+1.411e+03	+7.773e+03	+1.055e+04	+0.846
72.900	+3.731e+03	+6.832e+03	+1.028e+04	+0.647
73.000	+2.642e+03	+7.773e+03	+1.007e+04	+0.746
73.100	+4.175e+03	+5.988e+03	+1.315e+04	+0.589
73.200	+2.522e+03	+5.882e+03	+9.395e+03	+0.700
73.300	+3.240e+03	+6.309e+03	+9.621e+03	+0.661
73.400	+1.892e+03	+7.673e+03	+9.778e+03	+0.802
73.500	+2.542e+03	+6.458e+03	+1.043e+04	+0.718
73.600	+2.889e+03	+7.364e+03	+9.705e+03	+0.718
73.700	+3.062e+03	+6.970e+03	+1.096e+04	+0.695
73.800	+3.488e+03	+7.181e+03	+1.105e+04	+0.673
73.900	+6.865e+03	+4.428e+03	+1.024e+04	+0.392
74.000	+6.542e+03	+1.942e+03	+1.073e+04	+0.229
74.100	+7.776e+03	+2.364e+03	+1.036e+04	+0.233
74.200	+3.205e+03	+7.127e+03	+1.071e+04	+0.690
74.300	+3.028e+03	+6.836e+03	+9.477e+03	+0.693
74.400	+3.680e+03	+7.670e+03	+1.015e+04	+0.676
74.500	+3.694e+03	+6.524e+03	+1.062e+04	+0.638
74.600	+2.459e+03	+7.583e+03	+9.795e+03	+0.755
74.700	+3.417e+03	+6.952e+03	+9.722e+03	+0.670
74.800	+3.687e+03	+6.441e+03	+9.866e+03	+0.636
74.900	+3.769e+03	+5.735e+03	+9.919e+03	+0.603
75.000	+2.589e+03	+7.454e+03	+1.050e+04	+0.742
75.100	+2.430e+03	+6.888e+03	+9.974e+03	+0.739
75.200	+2.902e+03	+8.070e+03	+1.094e+04	+0.735
75.300	+3.699e+03	+7.582e+03	+9.687e+03	+0.672
75.400	+5.520e+03	+3.967e+03	+9.608e+03	+0.418
75.500	+6.442e+03	+1.757e+03	+8.574e+03	+0.214
75.600	+7.045e+03	+2.032e+03	+9.555e+03	+0.224
75.700	+7.140e+03	+4.978e+03	+1.007e+04	+0.411
75.800	+6.379e+03	+3.180e+03	+1.069e+04	+0.333
75.900	+7.870e+03	+3.548e+03	+8.805e+03	+0.311
76.000	+7.438e+03	+3.422e+03	+1.051e+04	+0.315
76.100	+5.441e+03	+2.948e+03	+1.067e+04	+0.351
76.200	+8.189e+03	+1.048e+03	+1.036e+04	+0.113
76.300	+5.661e+03	+3.298e+03	+8.270e+03	+0.368
76.400	+7.264e+03	+1.526e+03	+9.795e+03	+0.174
76.500	+5.482e+03	+4.788e+03	+1.021e+04	+0.466
76.600	+2.106e+03	+6.431e+03	+1.009e+04	+0.753
76.700	+2.645e+03	+6.990e+03	+8.581e+03	+0.726
76.800	+2.709e+03	+6.582e+03	+9.367e+03	+0.708
76.900	+3.451e+03	+8.545e+03	+1.008e+04	+0.712
77.000	+3.486e+03	+6.114e+03	+1.063e+04	+0.637
77.100	+4.521e+03	+6.805e+03	+9.792e+03	+0.601
77.200	+2.624e+03	+6.597e+03	+1.019e+04	+0.715
77.300	+5.698e+03	+5.121e+03	+1.061e+04	+0.473
77.400	+5.873e+03	+4.052e+03	+9.570e+03	+0.408
77.500	+7.303e+03	+2.529e+03	+1.159e+04	+0.257
77.600	+7.392e+03	+2.441e+03	+8.277e+03	+0.248
77.700	+7.326e+03	+4.400e+03	+9.467e+03	+0.375
77.800	+8.193e+03	+3.290e+03	+1.104e+04	+0.287
77.900	+6.481e+03	+4.045e+03	+1.027e+04	+0.384
78.000	+2.093e+03	+7.222e+03	+9.278e+03	+0.775
78.100	+3.950e+03	+8.089e+03	+1.111e+04	+0.672
