%t (s)	Idd (a.u.)	Ida (a.u.)	Iaa (a.u.)	FRET E
0.000	+3.759e+03	+7.644e+03	+1.055e+04	+0.670
0.100	+3.757e+03	+8.114e+03	+1.162e+04	+0.684
0.200	+3.782e+03	+8.113e+03	+1.130e+04	+0.682
0.300	+3.226e+03	+6.779e+03	+1.053e+04	+0.678
0.400	+4.110e+03	+6.418e+03	+1.007e+04	+0.610
0.500	+5.416e+03	+3.443e+03	+9.999e+03	+0.389
0.600	+7.581e+03	+2.704e+03	+9.055e+03	+0.263
0.700	+6.920e+03	+3.594e+03	+9.868e+03	+0.342
0.800	+7.615e+03	+3.157e+03	+1.001e+04	+0.293
0.900	+7.992e+03	+2.437e+03	+1.066e+04	+0.234
1.000	+5.513e+03	+4.160e+03	+1.029e+04	+0.430
1.100	+2.509e+03	+6.958e+03	+1.058e+04	+0.735
1.200	+3.076e+03	+6.627e+03	+8.144e+03	+0.683
1.300	+2.806e+03	+6.644e+03	+9.730e+03	+0.703
1.400	+4.201e+03	+7.409e+03	+9.993e+03	+0.638
1.500	+3.362e+03	+6.504e+03	+1.031e+04	+0.659
1.600	+2.296e+03	+7.205e+03	+8.705e+03	+0.758
1.700	+6.519e+03	+3.752e+03	+1.046e+04	+0.365
1.800	+8.478e+03	+1.966e+03	+1.018e+04	+0.188
1.900	+7.654e+03	+3.815e+03	+9.282e+03	+0.333
2.000	+7.290e+03	+3.483e+03	+9.947e+03	+0.323
2.100	+6.243e+03	+3.407e+03	+9.887e+03	+0.353
2.200	+6.811e+03	+2.947e+03	+1.070e+04	+0.302
2.300	+6.323e+03	+3.372e+03	+1.032e+04	+0.348
2.400	+7.658e+03	+2.469e+03	+9.668e+03	+0.244
2.500	+5.873e+03	+1.910e+03	+9.243e+03	+0.245
2.600	+5.648e+03	+1.250e+03	+1.046e+04	+0.181
2.700	+6.294e+03	+3.377e+03	+8.254e+03	+0.349
2.800	+5.821e+03	+2.368e+03	+8.905e+03	+0.289
2.900	+7.187e+03	+4.328e+03	+1.006e+04	+0.376
3.000	+7.647e+03	+2.641e+03	+1.080e+04	+0.257
3.100	+7.761e+03	+2.958e+03	+1.017e+04	+0.276
3.200	+5.145e+03	+3.662e+03	+9.243e+03	+0.416
3.300	+3.679e+03	+7.323e+03	+1.180e+04	+0.666
3.400	+2.426e+03	+7.945e+03	+1.079e+04	+0.766
3.500	+2.302e+03	+6.907e+03	+9.847e+03	+0.750
3.600	+3.249e+03	+6.721e+03	+9.346e+03	+0.674
3.700	+3.562e+03	+6.306e+03	+1.047e+04	+0.639
3.800	+2.149e+03	+6.636e+03	+9.406e+03	+0.755
3.900	+2.884e+03	+7.008e+03	+1.042e+04	+0.708
4.000	+3.208e+03	+7.529e+03	+9.715e+03	+0.701
4.100	+2.621e+03	+8.996e+03	+1.058e+04	+0.774
4.200	+4.041e+03	+7.694e+03	+1.040e+04	+0.656
4.300	+2.863e+03	+6.961e+03	+1.011e+04	+0.709
4.400	+5.511e+03	+4.552e+03	+9.929e+03	+0.452
4.500	+7.676e+03	+4.159e+03	+9.758e+03	+0.351
4.600	+7.111e+03	+2.982e+03	+9.781e+03	+0.295
4.700	+7.304e+03	+3.255e+03	+9.367e+03	+0.308
4.800	+6.342e+03	+3.560e+03	+1.108e+04	+0.360
4.900	+6.306e+03	+3.021e+03	+1.096e+04	+0.324
5.000	+6.407e+03	+2.093e+03	+1.031e+04	+0.246
5.100	+4.328e+03	+6.176e+03	+9.818e+03	+0.588
5.200	+2.403e+03	+7.059e+03	+8.818e+03	+0.746
5.300	+2.121e+03	+5.856e+03	+1.059e+04	+0.734
5.400	+2.243e+03	+8.025e+03	+9.284e+03	+0.782
5.500	+4.265e+03	+7.181e+03	+1.076e+04	+0.627
5.600	+3.443e+03	+5.964e+03	+8.650e+03	+0.634
5.700	+2.805e+03	+7.667e+03	+1.134e+04	+0.732
5.800	+3.169e+03	+5.855e+03	+8.920e+03	+0.649
5.900	+2.038e+03	+6.866e+03	+9.591e+03	+0.771
6.000	+3.477e+03	+6.639e+03	+9.854e+03	+0.656
6.100	+2.722e+03	+6.689e+03	+1.045e+04	+0.711
6.200	+2.672e+03	+7.048e+03	+1.032e+04	+0.725
6.300	+3.364e+03	+7.594e+03	+8.261e+03	+0.693
6.400	+3.664e+03	+5.991e+03	+9.750e+03	+0.621
6.500	+3.696e+03	+5.907e+03	+1.005e+04	+0.615
6.600	+2.018e+03	+7.539e+03	+9.782e+03	+0.789
6.700	+2.729e+03	+7.694e+03	+8.727e+03	+0.738
6.800	+3.026e+03	+7.158e+03	+1.061e+04	+0.703
6.900	+3.848e+03	+7.815e+03	+9.235e+03	+0.670
7.000	+7.235e+03	+3.158e+03	+1.034e+04	+0.304
7.100	+7.228e+03	+3.081e+03	+1.064e+04	+0.299
7.200	+7.245e+03	+3.141e+03	+9.728e+03	+0.302
7.300	+7.131e+03	+2.243e+03	+1.116e+04	+0.239
7.400	+8.041e+03	+3.018e+03	+8.909e+03	+0.273
7.500	+5.357e+03	+3.168e+03	+9.693e+03	+0.372
7.600	+6.622e+03	+2.459e+03	+1.066e+04	+0.271
7.700	+5.734e+03	+3.844e+03	+1.099e+04	+0.401
7.800	+7.633e+03	+4.264e+03	+1.016e+04	+0.358
7.900	+7.075e+03	+2.874e+03	+1.070e+04	+0.289
8.000	+9.018e+03	+1.711e+03	+9.811e+03	+0.159
8.100	+5.990e+03	+2.049e+03	+8.493e+03	+0.255
8.200	+7.581e+03	+2.978e+03	+1.010e+04	+0.282
8.300	+7.034e+03	+1.590e+03	+9.722e+03	+0.184
8.400	+6.228e+03	+3.656e+03	+8.784e+03	+0.370
8.500	+8.973e+03	+3.448e+03	+1.003e+04	+0.278
8.600	+2.986e+03	+7.276e+03	+1.063e+04	+0.709
8.700	+3.305e+03	+6.014e+03	+1.059e+04	+0.645
8.800	+5.674e+03	+4.734e+03	+9.254e+03	+0.455
8.900	+8.591e+03	+2.798e+03	+1.018e+04	+0.246
9.000	+6.952e+03	+4.289e+03	+1.015e+04	+0.382
9.100	+5.885e+03	+3.041e+03	+9.540e+03	+0.341
9.200	+8.168e+03	+2.372e+03	+1.052e+04	+0.225
9.300	+6.289e+03	+4.094e+03	+9.839e+03	+0.394
9.400	+6.455e+03	+2.997e+03	+9.820e+03	+0.317
9.500	+6.871e+03	+3.079e+03	+1.049e+04	+0.309
9.600	+5.343e+03	+6.227e+03	+9.287e+03	+0.538
9.700	+3.733e+03	+7.552e+03	+9.549e+03	+0.669
9.800	+3.280e+03	+6.630e+03	+1.018e+04	+0.669
9.900	+2.014e+03	+7.758e+03	+1.091e+04	+0.794
10.000	+4.346e+03	+6.690e+03	+8.204e+03	+0.606
10.100	+2.782e+03	+7.405e+03	+9.468e+03	+0.727
10.200	+2.731e+03	+6.362e+03	+1.030e+04	+0.700
10.300	+4.133e+03	+8.530e+03	+9.862e+03	+0.674
10.400	+1.752e+03	+7.036e+03	+1.194e+04	+0.801
10.500	+2.899e+03	+5.703e+03	+9.696e+03	+0.663
10.600	+3.680e+03	+6.949e+03	+1.082e+04	+0.654
10.700	+1.516e+03	+6.592e+03	+1.049e+04	+0.813
10.800	+3.530e+03	+5.948e+03	+9.652e+03	+0.628
10.900	+4.777e+03	+5.153e+03	+1.022e+04	+0.519
11.000	+6.056e+03	+1.718e+03	+8.912e+03	+0.221
11.100	+8.154e+03	+2.775e+03	+9.662e+03	+0.254
11.200	+2.254e+03	+5.569e+03	+1.062e+04	+0.712
11.300	+3.508e+03	+7.054e+03	+8.855e+03	+0.668
11.400	+3.590e+03	+7.812e+03	+9.481e+03	+0.685
11.500	+3.275e+03	+7.529e+03	+1.096e+04	+0.697
11.600	+4.086e+03	+7.234e+03	+1.025e+04	+0.639
11.700	+2.434e+03	+7.364e+03	+8.946e+03	+0.752
11.800	+4.050e+03	+7.446e+03	+1.050e+04	+0.648
11.900	+4.943e+03	+7.087e+03	+1.001e+04	+0.589
12.000	+2.497e+03	+7.138e+03	+1.117e+04	+0.741
12.100	+3.768e+03	+7.375e+03	+9.335e+03	+0.662
12.200	+4.501e+03	+7.646e+03	+1.028e+04	+0.629
12.300	+5.861e+03	+3.390e+03	+1.094e+04	+0.366
12.400	+6.638e+03	+2.502e+03	+1.040e+04	+0.274
12.500	+6.656e+03	+4.691e+03	+1.031e+04	+0.413
12.600	+4.841e+03	+5.950e+03	+1.026e+04	+0.551
12.700	+5.804e+03	+3.415e+03	+1.010e+04	+0.370
12.800	+3.765e+03	+6.954e+03	+9.172e+03	+0.649
12.900	+3.880e+03	+6.996e+03	+1.021e+04	+0.643
13.000	+1.691e+03	+8.019e+03	+1.019e+04	+0.826
13.100	+5.253e+03	+6.436e+03	+8.849e+03	+0.551
13.200	+2.497e+03	+7.400e+03	+1.076e+04	+0.748
13.300	+3.555e+03	+6.758e+03	+9.084e+03	+0.655
13.400	+3.147e+03	+7.654e+03	+1.043e+04	+0.709
13.500	+4.209e+03	+6.961e+03	+1.064e+04	+0.623
13.600	+3.805e+03	+7.103e+03	+9.820e+03	+0.651
13.700	+2.301e+03	+8.746e+03	+1.048e+04	+0.792
13.800	+2.763e+03	+6.520e+03	+9.950e+03	+0.702
13.900	+3.286e+03	+7.181e+03	+1.114e+04	+0.686
14.000	+7.353e+03	+2.880e+03	+9.749e+03	+0.281
14.100	+6.582e+03	+2.800e+03	+1.081e+04	+0.298
14.200	+6.850e+03	+1.863e+03	+1.050e+04	+0.214
14.300	+6.955e+03	+2.400e+03	+9.387e+03	+0.257
14.400	+6.341e+03	+3.393e+03	+8.890e+03	+0.349
14.500	+8.273e+03	+2.482e+03	+8.716e+03	+0.231
14.600	+6.037e+03	+4.193e+03	+9.209e+03	+0.410
14.700	+6.674e+03	+4.476e+03	+9.937e+03	+0.401
14.800	+5.740e+03	+3.563e+03	+9.890e+03	+0.383
14.900	+7.520e+03	+2.951e+03	+1.026e+04	+0.282
15.000	+6.757e+03	+2.415e+03	+8.755e+03	+0.263
15.100	+2.831e+03	+6.766e+03	+1.007e+04	+0.705
15.200	+3.351e+03	+8.343e+03	+9.325e+03	+0.713
15.300	+3.294e+03	+7.047e+03	+9.556e+03	+0.681
15.400	+3.301e+03	+5.630e+03	+1.058e+04	+0.630
15.500	+4.688e+03	+7.052e+03	+1.006e+04	+0.601
15.600	+2.586e+03	+6.297e+03	+1.001e+04	+0.709
15.700	+2.368e+03	+8.068e+03	+9.885e+03	+0.773
15.800	+3.062e+03	+5.900e+03	+8.729e+03	+0.658
15.900	+2.189e+03	+7.351e+03	+1.021e+04	+0.771
16.000	+2.554e+03	+5.984e+03	+1.132e+04	+0.701
16.100	+5.117e+03	+7.114e+03	+1.081e+04	+0.582
16.200	+2.653e+03	+7.309e+03	+1.064e+04	+0.734
16.300	+3.393e+03	+5.898e+03	+8.329e+03	+0.635
16.400	+4.796e+03	+6.712e+03	+8.836e+03	+0.583
16.500	+3.096e+03	+7.552e+03	+1.007e+04	+0.709
16.600	+3.320e+03	+6.994e+03	+9.508e+03	+0.678
16.700	+1.905e+03	+8.199e+03	+9.392e+03	+0.811
16.800	+3.823e+03	+5.556e+03	+1.037e+04	+0.592
16.900	+1.774e+03	+6.238e+03	+1.003e+04	+0.779
17.000	+3.275e+03	+6.562e+03	+1.023e+04	+0.667
17.100	+1.871e+03	+7.013e+03	+1.063e+04	+0.789
17.200	+1.964e+03	+7.072e+03	+1.055e+04	+0.783
17.300	+2.245e+03	+6.613e+03	+9.680e+03	+0.747
17.400	+2.387e+03	+8.743e+03	+1.055e+04	+0.786
17.500	+3.311e+03	+7.864e+03	+1.021e+04	+0.704
17.600	+1.607e+03	+7.590e+03	+9.575e+03	+0.825
17.700	+2.766e+03	+7.201e+03	+1.009e+04	+0.722
17.800	+2.097e+03	+7.224e+03	+1.062e+04	+0.775
17.900	+5.006e+03	+5.462e+03	+1.014e+04	+0.522
18.000	+6.852e+03	+3.084e+03	+9.854e+03	+0.310
18.100	+2.519e+03	+8.089e+03	+8.997e+03	+0.763
18.200	+2.693e+03	+6.533e+03	+9.415e+03	+0.708
18.300	+2.417e+03	+6.051e+03	+1.053e+04	+0.715
18.400	+1.528e+03	+7.539e+03	+9.849e+03	+0.831
18.500	+2.233e+03	+6.780e+03	+9.987e+03	+0.752
18.600	+2.631e+03	+7.738e+03	+1.061e+04	+0.746
18.700	+2.283e+03	+6.428e+03	+8.962e+03	+0.738
18.800	+2.768e+03	+6.351e+03	+1.011e+04	+0.696
18.900	+2.233e+03	+7.286e+03	+1.046e+04	+0.765
19.000	+3.222e+03	+7.208e+03	+9.764e+03	+0.691
19.100	+3.680e+03	+6.796e+03	+9.769e+03	+0.649
19.200	+2.990e+03	+6.183e+03	+8.919e+03	+0.674
19.300	+5.958e+03	+4.003e+03	+9.897e+03	+0.402
19.400	+6.863e+03	+2.861e+03	+1.045e+04	+0.294
19.500	+6.708e+03	+2.433e+03	+9.635e+03	+0.266
19.600	+6.355e+03	+2.134e+03	+1.090e+04	+0.251
19.700	+8.130e+03	+3.466e+03	+9.950e+03	+0.299
19.800	+7.647e+03	+3.108e+03	+7.965e+03	+0.289
19.900	+7.396e+03	+2.691e+03	+9.457e+03	+0.267
20.000	+6.554e+03	+3.732e+03	+8.400e+03	+0.363
20.100	+7.130e+03	+2.813e+03	+1.017e+04	+0.283
20.200	+6.969e+03	+1.834e+03	+1.025e+04	+0.208
20.300	+8.374e+03	+1.738e+03	+1.054e+04	+0.172
20.400	+3.734e+03	+5.385e+03	+1.078e+04	+0.591
20.500	+5.019e+03	+4.153e+03	+9.757e+03	+0.453
20.600	+7.451e+03	+2.873e+03	+9.146e+03	+0.278
20.700	+7.192e+03	+2.933e+03	+1.074e+04	+0.290
20.800	+8.772e+03	+4.049e+03	+8.028e+03	+0.316
20.900	+5.975e+03	+3.371e+03	+1.088e+04	+0.361
21.000	+7.406e+03	+2.346e+03	+1.004e+04	+0.241
21.100	+7.377e+03	+3.017e+03	+8.705e+03	+0.290
21.200	+6.576e+03	+1.695e+03	+9.922e+03	+0.205
21.300	+5.283e+03	+3.613e+03	+1.011e+04	+0.406
21.400	+3.426e+03	+7.099e+03	+9.207e+03	+0.674
21.500	+3.321e+03	+7.168e+03	+1.017e+04	+0.683
21.600	+2.300e+03	+6.693e+03	+9.388e+03	+0.744
21.700	+2.797e+03	+8.391e+03	+1.062e+04	+0.750
21.800	+3.124e+03	+6.584e+03	+1.112e+04	+0.678
21.900	+6.389e+03	+4.342e+03	+9.722e+03	+0.405
22.000	+7.848e+03	+2.559e+03	+1.130e+04	+0.246
22.100	+7.349e+03	+4.243e+03	+1.027e+04	+0.366
22.200	+7.347e+03	+4.430e+03	+1.060e+04	+0.376
22.300	+4.587e+03	+6.397e+03	+1.127e+04	+0.582
22.400	+2.692e+03	+7.502e+03	+1.090e+04	+0.736
22.500	+4.121e+03	+7.765e+03	+1.084e+04	+0.653
22.600	+2.045e+03	+8.194e+03	+8.990e+03	+0.800
22.700	+4.147e+03	+6.391e+03	+9.630e+03	+0.607
22.800	+2.542e+03	+7.259e+03	+9.800e+03	+0.741
22.900	+3.442e+03	+6.337e+03	+1.054e+04	+0.648
23.000	+4.347e+03	+6.842e+03	+9.808e+03	+0.611
23.100	+2.638e+03	+6.273e+03	+8.181e+03	+0.704
23.200	+4.612e+03	+4.182e+03	+1.036e+04	+0.476
23.300	+7.493e+03	+2.764e+03	+1.145e+04	+0.269
23.400	+3.279e+03	+6.819e+03	+1.070e+04	+0.675
23.500	+3.782e+03	+7.416e+03	+9.749e+03	+0.662
23.600	+4.192e+03	+7.025e+03	+1.063e+04	+0.626
23.700	+1.626e+03	+7.932e+03	+8.585e+03	+0.830
23.800	+1.923e+03	+8.004e+03	+9.123e+03	+0.806
23.900	+3.631e+03	+7.838e+03	+9.603e+03	+0.683
24.000	+2.673e+03	+7.334e+03	+1.062e+04	+0.733
24.100	+7.035e+03	+1.887e+03	+1.012e+04	+0.212
24.200	+6.886e+03	+3.505e+03	+1.115e+04	+0.337
24.300	+6.281e+03	+3.635e+03	+1.054e+04	+0.367
24.400	+6.134e+03	+3.280e+03	+8.999e+03	+0.348
24.500	+2.993e+03	+5.921e+03	+9.939e+03	+0.664
24.600	+3.090e+03	+7.429e+03	+1.024e+04	+0.706
24.700	+2.614e+03	+5.828e+03	+1.038e+04	+0.690
24.800	+4.196e+03	+7.180e+03	+1.026e+04	+0.631
24.900	+4.206e+03	+7.720e+03	+1.028e+04	+0.647
25.000	+2.891e+03	+6.899e+03	+8.975e+03	+0.705
25.100	+3.305e+03	+7.005e+03	+1.161e+04	+0.679
25.200	+3.493e+03	+7.049e+03	+9.434e+03	+0.669
25.300	+3.283e+03	+6.915e+03	+9.465e+03	+0.678
25.400	+4.031e+03	+5.853e+03	+1.114e+04	+0.592
25.500	+6.459e+03	+1.447e+03	+9.686e+03	+0.183
25.600	+6.991e+03	+2.649e+03	+1.047e+04	+0.275
25.700	+8.423e+03	+4.563e+03	+9.798e+03	+0.351
25.800	+1.504e+03	+6.667e+03	+9.563e+03	+0.816
25.900	+7.503e+03	+2.692e+03	+1.047e+04	+0.264
26.000	+6.416e+03	+1.474e+03	+9.741e+03	+0.187
26.100	+4.652e+03	+5.697e+03	+1.007e+04	+0.550
26.200	+3.086e+03	+8.035e+03	+1.038e+04	+0.722
26.300	+2.684e+03	+7.317e+03	+9.148e+03	+0.732
26.400	+4.249e+03	+6.690e+03	+1.043e+04	+0.612
26.500	+2.125e+03	+6.696e+03	+1.030e+04	+0.759
26.600	+3.140e+03	+6.998e+03	+1.067e+04	+0.690
26.700	+2.797e+03	+6.647e+03	+9.326e+03	+0.704
26.800	+4.065e+03	+7.480e+03	+1.011e+04	+0.648
26.900	+2.264e+03	+6.158e+03	+9.054e+03	+0.731
27.000	+3.460e+03	+7.791e+03	+1.014e+04	+0.692
27.100	+2.685e+03	+6.468e+03	+9.845e+03	+0.707
27.200	+4.193e+03	+8.924e+03	+1.013e+04	+0.680
27.300	+3.723e+03	+5.929e+03	+1.073e+04	+0.614
27.400	+6.460e+03	+1.669e+03	+1.046e+04	+0.205
27.500	+8.305e+03	+3.742e+03	+1.080e+04	+0.311
27.600	+6.807e+03	+3.848e+03	+1.038e+04	+0.361
27.700	+7.946e+03	+3.777e+03	+1.051e+04	+0.322
27.800	+7.425e+03	+2.262e+03	+1.079e+04	+0.234
27.900	+6.726e+03	+3.621e+03	+1.006e+04	+0.350
28.000	+7.724e+03	+2.327e+03	+1.026e+04	+0.232
28.100	+6.655e+03	+3.579e+03	+1.041e+04	+0.350
28.200	+6.675e+03	+3.287e+03	+9.638e+03	+0.330
28.300	+5.360e+03	+4.775e+03	+1.027e+04	+0.471
28.400	+3.721e+03	+6.480e+03	+8.942e+03	+0.635
28.500	+2.502e+03	+6.053e+03	+1.073e+04	+0.708
28.600	+2.766e+03	+6.084e+03	+9.696e+03	+0.687
28.700	+3.159e+03	+7.611e+03	+9.823e+03	+0.707
28.800	+2.550e+03	+7.073e+03	+1.108e+04	+0.735
28.900	+2.219e+03	+6.842e+03	+8.433e+03	+0.755
29.000	+1.203e+03	+6.483e+03	+9.438e+03	+0.844
29.100	+1.583e+03	+5.994e+03	+8.538e+03	+0.791
29.200	+2.387e+03	+7.525e+03	+1.008e+04	+0.759
29.300	+3.372e+03	+6.297e+03	+1.017e+04	+0.651
29.400	+3.819e+03	+7.001e+03	+1.049e+04	+0.647
29.500	+1.894e+03	+7.470e+03	+1.092e+04	+0.798
29.600	+2.652e+03	+6.587e+03	+1.039e+04	+0.713
29.700	+3.105e+03	+6.223e+03	+9.752e+03	+0.667
29.800	+3.014e+03	+6.043e+03	+9.398e+03	+0.667
29.900	+1.823e+03	+6.696e+03	+8.091e+03	+0.786
30.000	+4.335e+03	+6.157e+03	+8.896e+03	+0.587
30.100	+2.340e+03	+6.769e+03	+9.882e+03	+0.743
30.200	+3.807e+03	+7.247e+03	+8.525e+03	+0.656
30.300	+2.665e+03	+7.563e+03	+9.310e+03	+0.739
30.400	+2.277e+03	+7.966e+03	+9.247e+03	+0.778
30.500	+3.890e+03	+6.030e+03	+9.537e+03	+0.608
30.600	+2.831e+03	+5.585e+03	+9.538e+03	+0.664
30.700	+2.331e+03	+6.206e+03	+9.805e+03	+0.727
30.800	+1.920e+03	+7.794e+03	+1.181e+04	+0.802
30.900	+3.838e+03	+7.836e+03	+1.075e+04	+0.671
31.000	+2.376e+03	+7.931e+03	+1.074e+04	+0.769
31.100	+1.226e+03	+6.632e+03	+9.785e+03	+0.844
31.200	+2.638e+03	+7.531e+03	+1.007e+04	+0.741
31.300	+2.772e+03	+7.837e+03	+9.529e+03	+0.739
31.400	+3.509e+03	+9.700e+03	+8.418e+03	+0.734
31.500	+3.785e+03	+8.701e+03	+9.665e+03	+0.697
31.600	+2.912e+03	+6.433e+03	+8.677e+03	+0.688
31.700	+3.130e+03	+7.235e+03	+1.068e+04	+0.698
31.800	+3.032e+03	+7.251e+03	+1.099e+04	+0.705
31.900	+2.746e+03	+7.115e+03	+9.608e+03	+0.722
32.000	+3.095e+03	+5.705e+03	+9.887e+03	+0.648
32.100	+4.070e+02	+6.611e+03	+9.490e+03	+0.942
32.200	+2.448e+03	+7.321e+03	+9.328e+03	+0.749
32.300	+2.957e+03	+6.826e+03	+9.633e+03	+0.698
32.400	+3.523e+03	+6.941e+03	+8.879e+03	+0.663
32.500	+2.761e+03	+8.185e+03	+1.075e+04	+0.748
32.600	+2.871e+03	+7.258e+03	+1.213e+04	+0.717
32.700	+2.358e+03	+6.559e+03	+9.116e+03	+0.736
32.800	+2.117e+03	+6.101e+03	+9.221e+03	+0.742
32.900	+1.771e+03	+7.302e+03	+1.054e+04	+0.805
33.000	+4.435e+03	+7.078e+03	+9.875e+03	+0.615
33.100	+3.430e+03	+6.367e+03	+1.053e+04	+0.650
33.200	+2.534e+03	+6.631e+03	+1.005e+04	+0.723
33.300	+4.053e+03	+6.764e+03	+9.926e+03	+0.625
33.400	+4.121e+03	+7.605e+03	+1.076e+04	+0.649
33.500	+3.610e+03	+8.797e+03	+9.774e+03	+0.709
33.600	+3.418e+03	+7.546e+03	+8.755e+03	+0.688
33.700	+3.401e+03	+6.354e+03	+1.039e+04	+0.651
33.800	+5.377e+03	+6.396e+03	+1.093e+04	+0.543
33.900	+3.569e+03	+7.781e+03	+1.091e+04	+0.686
34.000	+2.142e+03	+6.516e+03	+1.003e+04	+0.753
34.100	+2.907e+03	+6.843e+03	+1.054e+04	+0.702
34.200	+5.757e+03	+4.433e+03	+9.970e+03	+0.435
34.300	+6.901e+03	+3.813e+03	+1.161e+04	+0.356
34.400	+6.244e+03	+3.668e+03	+1.044e+04	+0.370
34.500	+1.881e+03	+6.093e+03	+1.003e+04	+0.764
34.600	+2.561e+03	+7.238e+03	+9.654e+03	+0.739
34.700	+2.682e+03	+6.264e+03	+1.058e+04	+0.700
34.800	+2.016e+03	+6.261e+03	+1.066e+04	+0.756
34.900	+2.897e+03	+7.887e+03	+9.491e+03	+0.731
35.000	+3.087e+03	+6.107e+03	+9.102e+03	+0.664
35.100	+2.338e+03	+7.528e+03	+9.054e+03	+0.763
35.200	+2.809e+03	+6.034e+03	+1.073e+04	+0.682
35.300	+3.579e+03	+6.268e+03	+8.415e+03	+0.637
35.400	+4.573e+03	+5.806e+03	+8.976e+03	+0.559
35.500	+6.839e+03	+3.149e+03	+1.076e+04	+0.315
35.600	+6.612e+03	+2.770e+03	+1.040e+04	+0.295
35.700	+5.060e+03	+4.908e+03	+1.003e+04	+0.492
35.800	+2.159e+03	+6.946e+03	+9.700e+03	+0.763
35.900	+2.236e+03	+5.359e+03	+1.014e+04	+0.706
36.000	+8.254e+03	+3.124e+03	+9.526e+03	+0.275
36.100	+7.625e+03	+3.107e+03	+1.093e+04	+0.290
36.200	+5.802e+03	+2.621e+03	+8.741e+03	+0.311
36.300	+6.999e+03	+3.287e+03	+1.073e+04	+0.320
36.400	+6.070e+03	+1.173e+03	+9.675e+03	+0.162
36.500	+7.494e+03	+3.717e+03	+1.059e+04	+0.332
36.600	+6.467e+03	+2.653e+03	+8.698e+03	+0.291
36.700	+6.064e+03	+5.164e+03	+9.247e+03	+0.460
36.800	+7.628e+03	+2.917e+03	+1.025e+04	+0.277
36.900	+8.039e+03	+3.088e+03	+9.669e+03	+0.278
37.000	+7.508e+03	+2.267e+03	+1.034e+04	+0.232
37.100	+8.283e+03	+2.420e+03	+1.182e+04	+0.226
37.200	+7.854e+03	+3.104e+03	+1.090e+04	+0.283
37.300	+6.266e+03	+3.622e+03	+1.022e+04	+0.366
37.400	+7.340e+03	+4.448e+03	+1.023e+04	+0.377
37.500	+7.440e+03	+2.740e+03	+1.032e+04	+0.269
37.600	+9.367e+03	+3.360e+03	+1.013e+04	+0.264
37.700	+7.194e+03	+2.801e+03	+1.005e+04	+0.280
37.800	+6.844e+03	+3.445e+03	+8.659e+03	+0.335
37.900	+6.135e+03	+2.905e+03	+9.915e+03	+0.321
38.000	+7.522e+03	+2.641e+03	+8.713e+03	+0.260
38.100	+7.030e+03	+1.602e+03	+1.004e+04	+0.186
38.200	+7.247e+03	+3.219e+03	+8.745e+03	+0.308
38.300	+5.408e+03	+2.998e+03	+9.368e+03	+0.357
38.400	+6.228e+03	+2.951e+03	+1.005e+04	+0.321
38.500	+6.898e+03	+1.749e+03	+8.281e+03	+0.202
38.600	+6.683e+03	+2.128e+03	+8.820e+03	+0.241
38.700	+8.820e+03	+3.240e+03	+8.618e+03	+0.269
38.800	+5.801e+03	+2.629e+03	+1.048e+04	+0.312
38.900	+6.554e+03	+3.111e+03	+9.395e+03	+0.322
39.000	+6.972e+03	+4.627e+03	+1.042e+04	+0.399
39.100	+6.738e+03	+5.755e+03	+1.018e+04	+0.461
39.200	+7.023e+03	+3.334e+03	+9.506e+03	+0.322
39.300	+6.735e+03	+4.576e+03	+1.083e+04	+0.405
39.400	+7.569e+03	+3.887e+03	+8.369e+03	+0.339
39.500	+6.645e+03	+1.901e+03	+1.150e+04	+0.222
39.600	+9.094e+03	+3.518e+03	+1.076e+04	+0.279
39.700	+8.182e+03	+3.296e+03	+9.226e+03	+0.287
39.800	+8.884e+03	+2.565e+03	+9.942e+03	+0.224
39.900	+6.996e+03	+3.689e+03	+1.023e+04	+0.345
40.000	+7.538e+03	+3.902e+03	+1.021e+04	+0.341
40.100	+6.660e+03	+1.689e+03	+9.592e+03	+0.202
40.200	+7.407e+03	+3.375e+03	+9.846e+03	+0.313
40.300	+7.096e+03	+3.066e+03	+9.764e+03	+0.302
40.400	+6.396e+03	+4.264e+03	+1.103e+04	+0.400
40.500	+3.743e+03	+7.678e+03	+9.889e+03	+0.672
40.600	+3.426e+03	+8.018e+03	+1.012e+04	+0.701
40.700	+3.474e+03	+5.201e+03	+9.648e+03	+0.600
40.800	+2.222e+03	+8.005e+03	+1.030e+04	+0.783
40.900	+3.389e+03	+7.650e+03	+9.397e+03	+0.693
41.000	+2.296e+03	+5.219e+03	+1.094e+04	+0.695
41.100	+3.897e+03	+7.004e+03	+1.012e+04	+0.642
41.200	+5.191e+03	+5.782e+03	+1.050e+04	+0.527
41.300	+7.732e+03	+2.727e+03	+1.038e+04	+0.261
41.400	+6.255e+03	+2.757e+03	+7.350e+03	+0.306
41.500	+7.650e+03	+2.575e+03	+9.445e+03	+0.252
41.600	+8.070e+03	+2.094e+03	+9.471e+03	+0.206
41.700	+6.716e+03	+4.405e+03	+9.505e+03	+0.396
41.800	+7.873e+03	+2.557e+03	+1.052e+04	+0.245
41.900	+6.898e+03	+5.343e+02	+8.559e+03	+0.072
42.000	+6.313e+03	+2.112e+03	+1.047e+04	+0.251
42.100	+8.116e+03	+2.430e+03	+9.607e+03	+0.230
42.200	+6.768e+03	+2.511e+03	+1.027e+04	+0.271
42.300	+5.999e+03	+3.153e+03	+1.030e+04	+0.344
42.400	+7.360e+03	+3.328e+03	+8.986e+03	+0.311
42.500	+8.393e+03	+3.160e+03	+9.963e+03	+0.274
42.600	+7.155e+03	+3.426e+03	+9.236e+03	+0.324
42.700	+8.196e+03	+3.014e+03	+8.597e+03	+0.269
42.800	+8.494e+03	+2.805e+03	+1.087e+04	+0.248
42.900	+6.682e+03	+2.967e+03	+9.510e+03	+0.308
43.000	+6.163e+03	+1.008e+03	+9.850e+03	+0.141
43.100	+6.438e+03	+2.938e+03	+9.001e+03	+0.313
43.200	+6.749e+03	+1.320e+03	+1.135e+04	+0.164
43.300	+8.066e+03	+3.000e+03	+1.092e+04	+0.271
43.400	+5.860e+03	+5.118e+03	+9.522e+03	+0.466
43.500	+3.071e+03	+6.276e+03	+8.351e+03	+0.671
43.600	+3.018e+03	+6.521e+03	+1.106e+04	+0.684
43.700	+4.247e+03	+6.783e+03	+1.044e+04	+0.615
43.800	+2.603e+03	+5.825e+03	+9.571e+03	+0.691
43.900	+4.145e+03	+7.467e+03	+8.986e+03	+0.643
44.000	+3.190e+03	+7.327e+03	+8.530e+03	+0.697
44.100	+3.033e+03	+5.944e+03	+1.035e+04	+0.662
44.200	+3.740e+03	+7.256e+03	+9.822e+03	+0.660
44.300	+1.689e+03	+7.808e+03	+1.116e+04	+0.822
44.400	+2.876e+03	+6.288e+03	+9.534e+03	+0.686
44.500	+7.635e+03	+4.540e+03	+9.872e+03	+0.373
44.600	+5.466e+03	+2.882e+03	+9.341e+03	+0.345
44.700	+6.449e+03	+2.864e+03	+9.202e+03	+0.308
44.800	+7.337e+03	+2.967e+03	+9.633e+03	+0.288
44.900	+5.619e+03	+4.034e+03	+1.066e+04	+0.418
45.000	+6.340e+03	+1.845e+03	+9.424e+03	+0.225
45.100	+7.387e+03	+2.644e+03	+8.033e+03	+0.264
45.200	+7.268e+03	+1.141e+03	+1.057e+04	+0.136
45.300	+7.606e+03	+3.023e+03	+9.856e+03	+0.284
45.400	+5.531e+03	+2.711e+03	+9.221e+03	+0.329
45.500	+5.398e+03	+2.836e+03	+8.738e+03	+0.344
45.600	+7.009e+03	+3.798e+03	+9.427e+03	+0.351
45.700	+7.651e+03	+3.633e+03	+9.706e+03	+0.322
45.800	+5.910e+03	+4.313e+03	+7.300e+03	+0.422
45.900	+7.765e+03	+4.275e+03	+1.010e+04	+0.355
46.000	+6.441e+03	+2.327e+03	+8.759e+03	+0.265
46.100	+6.767e+03	+3.104e+03	+1.054e+04	+0.314
46.200	+7.390e+03	+3.139e+03	+1.007e+04	+0.298
46.300	+8.225e+03	+3.179e+03	+1.123e+04	+0.279
46.400	+6.841e+03	+1.989e+03	+9.175e+03	+0.225
46.500	+6.987e+03	+3.036e+03	+9.386e+03	+0.303
46.600	+6.834e+03	+3.245e+03	+1.149e+04	+0.322
46.700	+7.164e+03	+2.233e+03	+9.732e+03	+0.238
46.800	+8.581e+03	+2.251e+03	+9.603e+03	+0.208
46.900	+6.749e+03	+4.044e+03	+9.742e+03	+0.375
47.000	+6.874e+03	+2.000e+03	+9.579e+03	+0.225
47.100	+7.780e+03	+4.515e+03	+1.049e+04	+0.367
47.200	+6.234e+03	+2.561e+03	+1.093e+04	+0.291
47.300	+7.538e+03	+2.088e+03	+9.937e+03	+0.217
47.400	+6.364e+03	+3.304e+03	+1.043e+04	+0.342
47.500	+7.935e+03	+2.051e+03	+7.728e+03	+0.205
47.600	+7.419e+03	+1.613e+03	+1.021e+04	+0.179
47.700	+7.173e+03	+4.554e+03	+1.084e+04	+0.388
47.800	+7.423e+03	+2.426e+03	+1.037e+04	+0.246
47.900	+6.161e+03	+2.526e+03	+1.143e+04	+0.291
48.000	+5.784e+03	+2.802e+03	+9.920e+03	+0.326
48.100	+7.633e+03	+3.766e+03	+9.557e+03	+0.330
48.200	+7.132e+03	+3.280e+03	+1.086e+04	+0.315
48.300	+7.302e+03	+4.085e+03	+1.087e+04	+0.359
48.400	+7.136e+03	+3.288e+03	+1.006e+04	+0.315
48.500	+7.150e+03	+3.959e+03	+9.900e+03	+0.356
48.600	+8.022e+03	+1.801e+03	+8.544e+03	+0.183
48.700	+8.974e+03	+3.851e+03	+8.087e+03	+0.300
48.800	+6.705e+03	+3.102e+03	+1.162e+04	+0.316
48.900	+7.895e+03	+2.986e+03	+1.001e+04	+0.274
49.000	+8.726e+03	+2.473e+03	+1.162e+04	+0.221
49.100	+7.266e+03	+4.318e+03	+1.130e+04	+0.373
49.200	+6.819e+03	+2.319e+03	+1.039e+04	+0.254
49.300	+6.491e+03	+2.856e+03	+1.019e+04	+0.306
49.400	+5.956e+03	+4.599e+03	+1.022e+04	+0.436
49.500	+3.148e+03	+7.743e+03	+1.124e+04	+0.711
49.600	+2.010e+03	+8.268e+03	+1.100e+04	+0.804
49.700	+2.706e+03	+6.869e+03	+9.092e+03	+0.717
49.800	+3.834e+03	+7.804e+03	+1.072e+04	+0.671
49.900	+2.745e+03	+5.680e+03	+1.087e+04	+0.674
50.000	+2.979e+03	+7.148e+03	+9.843e+03	+0.706
50.100	+3.789e+03	+5.872e+03	+1.021e+04	+0.608
50.200	+3.247e+03	+6.567e+03	+9.630e+03	+0.669
50.300	+3.342e+03	+5.625e+03	+9.672e+03	+0.627
50.400	+6.850e+03	+2.812e+03	+1.029e+04	+0.291
50.500	+7.988e+03	+2.605e+03	+8.999e+03	+0.246
50.600	+3.401e+03	+6.872e+03	+1.188e+04	+0.669
50.700	+3.420e+03	+7.163e+03	+9.898e+03	+0.677
50.800	+2.506e+03	+7.586e+03	+1.091e+04	+0.752
50.900	+1.747e+03	+6.615e+03	+9.559e+03	+0.791
51.000	+3.339e+03	+7.621e+03	+9.819e+03	+0.695
51.100	+1.668e+03	+4.898e+03	+1.137e+04	+0.746
51.200	+3.748e+03	+6.447e+03	+9.841e+03	+0.632
51.300	+3.125e+03	+7.801e+03	+9.968e+03	+0.714
51.400	+2.488e+03	+6.064e+03	+1.037e+04	+0.709
51.500	+2.901e+03	+5.919e+03	+1.094e+04	+0.671
51.600	+1.992e+03	+7.081e+03	+9.524e+03	+0.780
51.700	+2.839e+03	+6.928e+03	+1.055e+04	+0.709
51.800	+2.153e+03	+7.015e+03	+8.786e+03	+0.765
51.900	+3.909e+03	+6.988e+03	+8.846e+03	+0.641
52.000	+3.000e+03	+7.151e+03	+1.049e+04	+0.704
52.100	+3.104e+03	+8.125e+03	+9.351e+03	+0.724
52.200	+1.778e+03	+7.296e+03	+9.084e+03	+0.804
52.300	+3.914e+03	+6.575e+03	+1.009e+04	+0.627
52.400	+6.023e+03	+5.182e+03	+1.021e+04	+0.462
52.500	+6.406e+03	+2.016e+03	+1.047e+04	+0.239
52.600	+5.930e+03	+4.008e+03	+1.039e+04	+0.403
52.700	+7.600e+03	+3.001e+03	+8.438e+03	+0.283
52.800	+6.966e+03	+3.532e+03	+8.915e+03	+0.336
52.900	+7.378e+03	+1.084e+03	+9.887e+03	+0.128
53.000	+5.950e+03	+7.115e+02	+9.109e+03	+0.107
53.100	+4.044e+03	+4.227e+03	+1.025e+04	+0.511
53.200	+4.365e+03	+8.614e+03	+9.857e+03	+0.664
53.300	+4.351e+03	+6.323e+03	+1.047e+04	+0.592
53.400	+6.566e+03	+3.474e+03	+1.115e+04	+0.346
53.500	+7.562e+03	+3.042e+03	+1.082e+04	+0.287
53.600	+7.892e+03	+3.068e+03	+1.056e+04	+0.280
53.700	+7.732e+03	+2.886e+03	+1.087e+04	+0.272
53.800	+8.604e+03	+4.766e+03	+9.719e+03	+0.356
53.900	+6.716e+03	+2.642e+03	+9.670e+03	+0.282
54.000	+3.134e+03	+7.652e+03	+9.619e+03	+0.709
54.100	+2.857e+03	+6.723e+03	+9.023e+03	+0.702
54.200	+3.377e+03	+8.534e+03	+1.151e+04	+0.716
54.300	+3.003e+03	+7.647e+03	+1.038e+04	+0.718
54.400	+3.823e+03	+6.755e+03	+8.851e+03	+0.639
54.500	+1.991e+03	+7.713e+03	+9.914e+03	+0.795
54.600	+2.139e+03	+7.155e+03	+1.014e+04	+0.770
54.700	+1.794e+03	+8.543e+03	+1.089e+04	+0.826
54.800	+3.211e+03	+7.759e+03	+9.321e+03	+0.707
54.900	+2.411e+03	+5.165e+03	+1.047e+04	+0.682
55.000	+2.083e+03	+7.815e+03	+8.984e+03	+0.790
55.100	+3.212e+03	+6.534e+03	+9.352e+03	+0.670
55.200	+3.776e+03	+7.084e+03	+1.035e+04	+0.652
55.300	+3.330e+03	+7.387e+03	+9.278e+03	+0.689
55.400	+3.148e+03	+7.791e+03	+7.938e+03	+0.712
55.500	+2.688e+03	+7.392e+03	+1.018e+04	+0.733
55.600	+3.173e+03	+6.864e+03	+1.205e+04	+0.684
55.700	+2.991e+03	+7.111e+03	+9.219e+03	+0.704
55.800	+3.946e+03	+6.680e+03	+9.956e+03	+0.629
55.900	+3.738e+03	+8.031e+03	+1.011e+04	+0.682
56.000	+2.643e+03	+7.347e+03	+8.900e+03	+0.735
56.100	+2.001e+03	+8.907e+03	+9.526e+03	+0.817
56.200	+2.519e+03	+7.632e+03	+1.024e+04	+0.752
56.300	+4.725e+03	+8.949e+03	+1.093e+04	+0.654
56.400	+2.405e+03	+7.276e+03	+1.091e+04	+0.752
56.500	+4.226e+03	+8.014e+03	+9.248e+03	+0.655
56.600	+1.892e+03	+6.956e+03	+1.060e+04	+0.786
56.700	+1.945e+03	+5.432e+03	+9.951e+03	+0.736
56.800	+2.564e+03	+7.415e+03	+1.138e+04	+0.743
56.900	+3.306e+03	+6.052e+03	+9.812e+03	+0.647
57.000	+2.860e+03	+6.781e+03	+9.716e+03	+0.703
57.100	+4.337e+03	+6.908e+03	+9.495e+03	+0.614
57.200	+3.991e+03	+7.271e+03	+9.610e+03	+0.646
57.300	+3.152e+03	+6.623e+03	+1.066e+04	+0.678
57.400	+5.968e+03	+4.187e+03	+1.038e+04	+0.412
57.500	+7.310e+03	+3.208e+03	+1.110e+04	+0.305
57.600	+7.238e+03	+2.389e+03	+9.907e+03	+0.248
57.700	+6.803e+03	+3.777e+03	+9.743e+03	+0.357
57.800	+7.119e+03	+2.397e+03	+1.178e+04	+0.252
57.900	+8.140e+03	+1.517e+03	+1.013e+04	+0.157
58.000	+6.344e+03	+2.015e+03	+9.193e+03	+0.241
58.100	+6.162e+03	+2.317e+03	+1.101e+04	+0.273
58.200	+6.846e+03	+2.798e+03	+1.170e+04	+0.290
58.300	+7.969e+03	+5.120e+03	+1.015e+04	+0.391
58.400	+6.726e+03	+2.760e+03	+1.183e+04	+0.291
58.500	+8.312e+03	+2.899e+03	+9.477e+03	+0.259
58.600	+7.667e+03	+1.768e+03	+1.100e+04	+0.187
58.700	+6.993e+03	+2.863e+03	+8.690e+03	+0.290
58.800	+1.637e+03	+7.385e+03	+9.051e+03	+0.819
58.900	+3.100e+03	+7.458e+03	+9.185e+03	+0.706
59.000	+2.550e+03	+7.205e+03	+1.028e+04	+0.739
59.100	+2.982e+03	+7.109e+03	+9.847e+03	+0.704
59.200	+3.502e+03	+6.197e+03	+1.053e+04	+0.639
59.300	+2.455e+03	+6.172e+03	+9.360e+03	+0.715
59.400	+2.335e+03	+8.447e+03	+1.010e+04	+0.783
59.500	+3.109e+03	+6.696e+03	+9.958e+03	+0.683
59.600	+3.822e+03	+7.501e+03	+1.054e+04	+0.662
59.700	+3.396e+03	+6.378e+03	+1.063e+04	+0.653
59.800	+1.397e+03	+8.143e+03	+1.044e+04	+0.854
59.900	+2.335e+03	+6.747e+03	+1.123e+04	+0.743
60.000	+4.119e+03	+6.905e+03	+1.160e+04	+0.626
60.100	+3.193e+03	+7.230e+03	+8.994e+03	+0.694
60.200	+2.551e+03	+8.203e+03	+9.724e+03	+0.763
60.300	+1.954e+03	+6.929e+03	+1.100e+04	+0.780
60.400	+2.052e+03	+7.701e+03	+1.065e+04	+0.790
60.500	+3.838e+03	+6.101e+03	+9.819e+03	+0.614
60.600	+2.737e+03	+8.153e+03	+1.019e+04	+0.749
60.700	+3.114e+03	+7.447e+03	+1.119e+04	+0.705
60.800	+3.522e+03	+7.156e+03	+1.137e+04	+0.670
60.900	+2.762e+03	+7.560e+03	+9.651e+03	+0.732
61.000	+3.314e+03	+5.662e+03	+9.818e+03	+0.631
61.100	+3.462e+03	+7.808e+03	+1.108e+04	+0.693
61.200	+1.970e+03	+6.544e+03	+9.912e+03	+0.769
61.300	+2.825e+03	+6.956e+03	+1.111e+04	+0.711
61.400	+2.310e+03	+8.030e+03	+9.147e+03	+0.777
61.500	+2.547e+03	+6.867e+03	+9.451e+03	+0.729
61.600	+1.740e+03	+7.029e+03	+1.100e+04	+0.802
61.700	+1.715e+03	+7.642e+03	+9.750e+03	+0.817
61.800	+2.281e+03	+8.745e+03	+1.218e+04	+0.793
61.900	+4.320e+03	+6.818e+03	+1.049e+04	+0.612
62.000	+2.966e+03	+7.281e+03	+8.912e+03	+0.711
62.100	+3.092e+03	+6.494e+03	+9.561e+03	+0.677
62.200	+3.002e+03	+6.809e+03	+1.043e+04	+0.694
62.300	+2.033e+03	+6.401e+03	+1.035e+04	+0.759
62.400	+2.914e+03	+6.585e+03	+1.100e+04	+0.693
62.500	+3.550e+03	+6.129e+03	+1.015e+04	+0.633
62.600	+3.884e+03	+9.542e+03	+1.019e+04	+0.711
62.700	+3.718e+03	+6.684e+03	+1.283e+04	+0.643
62.800	+3.927e+03	+7.545e+03	+9.908e+03	+0.658
62.900	+4.533e+03	+6.944e+03	+9.491e+03	+0.605
63.000	+4.058e+03	+6.818e+03	+8.961e+03	+0.627
63.100	+3.430e+03	+7.865e+03	+9.848e+03	+0.696
63.200	+3.865e+03	+7.303e+03	+1.043e+04	+0.654
63.300	+3.679e+03	+7.850e+03	+1.112e+04	+0.681
63.400	+3.169e+03	+7.431e+03	+1.033e+04	+0.701
63.500	+2.384e+03	+6.710e+03	+8.132e+03	+0.738
63.600	+3.709e+03	+7.455e+03	+8.742e+03	+0.668
63.700	+2.699e+03	+6.578e+03	+9.159e+03	+0.709
63.800	+2.924e+03	+6.883e+03	+1.033e+04	+0.702
63.900	+6.272e+03	+2.760e+03	+1.006e+04	+0.306
64.000	+2.941e+03	+7.103e+03	+9.247e+03	+0.707
64.100	+3.569e+03	+6.348e+03	+9.807e+03	+0.640
64.200	+3.330e+03	+5.476e+03	+1.135e+04	+0.622
64.300	+3.616e+03	+6.202e+03	+1.045e+04	+0.632
64.400	+8.629e+03	+3.152e+03	+1.018e+04	+0.268
64.500	+7.662e+03	+3.751e+03	+9.068e+03	+0.329
64.600	+7.200e+03	+2.310e+03	+9.347e+03	+0.243
64.700	+6.697e+03	+3.113e+03	+1.020e+04	+0.317
64.800	+7.354e+03	+2.538e+03	+1.018e+04	+0.257
64.900	+6.893e+03	+2.846e+03	+1.108e+04	+0.292
65.000	+2.517e+03	+7.473e+03	+9.887e+03	+0.748
65.100	+4.076e+03	+5.660e+03	+1.014e+04	+0.581
65.200	+4.219e+03	+7.231e+03	+1.045e+04	+0.632
65.300	+3.259e+03	+6.321e+03	+9.993e+03	+0.660
65.400	+3.234e+03	+7.638e+03	+9.280e+03	+0.703
65.500	+2.583e+03	+8.041e+03	+1.084e+04	+0.757
65.600	+3.711e+03	+7.026e+03	+9.926e+03	+0.654
65.700	+3.165e+03	+7.080e+03	+8.824e+03	+0.691
65.800	+2.475e+03	+7.213e+03	+1.023e+04	+0.744
65.900	+2.532e+03	+6.459e+03	+9.017e+03	+0.718
66.000	+2.805e+03	+5.818e+03	+9.572e+03	+0.675
66.100	+1.751e+03	+5.989e+03	+1.096e+04	+0.774
66.200	+2.154e+03	+6.963e+03	+9.335e+03	+0.764
66.300	+4.199e+03	+6.513e+03	+1.014e+04	+0.608
66.400	+2.359e+03	+7.384e+03	+1.069e+04	+0.758
66.500	+3.565e+03	+6.957e+03	+1.049e+04	+0.661
66.600	+3.527e+03	+6.011e+03	+9.107e+03	+0.630
66.700	+2.689e+03	+7.782e+03	+8.168e+03	+0.743
66.800	+3.367e+03	+6.781e+03	+9.804e+03	+0.668
66.900	+3.543e+03	+6.523e+03	+1.032e+04	+0.648
67.000	+2.572e+03	+7.538e+03	+1.135e+04	+0.746
67.100	+3.889e+03	+5.208e+03	+1.060e+04	+0.572
67.200	+3.069e+03	+7.477e+03	+1.010e+04	+0.709
67.300	+4.269e+03	+7.799e+03	+1.035e+04	+0.646
67.400	+2.829e+03	+7.105e+03	+1.112e+04	+0.715
67.500	+4.367e+03	+6.425e+03	+1.129e+04	+0.595
67.600	+3.012e+03	+7.509e+03	+1.088e+04	+0.714
67.700	+1.749e+03	+6.842e+03	+9.852e+03	+0.796
67.800	+3.961e+03	+5.752e+03	+1.085e+04	+0.592
67.900	+3.074e+03	+6.918e+03	+1.141e+04	+0.692
68.000	+4.302e+03	+5.593e+03	+1.060e+04	+0.565
68.100	+2.958e+03	+6.964e+03	+9.946e+03	+0.702
68.200	+1.598e+03	+5.837e+03	+1.060e+04	+0.785
68.300	+2.943e+03	+6.414e+03	+1.048e+04	+0.685
68.400	+2.537e+03	+5.639e+03	+9.484e+03	+0.690
68.500	+2.363e+03	+6.412e+03	+1.027e+04	+0.731
68.600	+4.322e+03	+5.105e+03	+9.814e+03	+0.541
68.700	+6.274e+03	+3.082e+03	+1.226e+04	+0.329
68.800	+6.853e+03	+3.230e+03	+1.065e+04	+0.320
68.900	+8.395e+03	+2.635e+03	+1.128e+04	+0.239
69.000	+6.770e+03	+3.326e+03	+9.732e+03	+0.329
69.100	+6.932e+03	+3.546e+03	+1.109e+04	+0.338
69.200	+7.037e+03	+3.236e+03	+1.018e+04	+0.315
69.300	+7.046e+03	+2.454e+03	+1.075e+04	+0.258
69.400	+6.468e+03	+2.271e+03	+8.792e+03	+0.260
69.500	+6.565e+03	+3.324e+03	+1.111e+04	+0.336
69.600	+8.847e+03	+3.616e+03	+1.032e+04	+0.290
69.700	+7.180e+03	+5.211e+03	+1.025e+04	+0.421
69.800	+7.719e+03	+3.454e+03	+9.696e+03	+0.309
69.900	+7.178e+03	+3.278e+03	+9.942e+03	+0.314
70.000	+8.527e+03	+2.039e+03	+1.041e+04	+0.193
70.100	+3.836e+03	+6.870e+03	+1.157e+04	+0.642
70.200	+2.468e+03	+7.011e+03	+9.664e+03	+0.740
70.300	+3.389e+03	+7.110e+03	+9.463e+03	+0.677
70.400	+4.091e+03	+7.274e+03	+9.968e+03	+0.640
70.500	+2.627e+03	+6.065e+03	+9.759e+03	+0.698
70.600	+4.078e+03	+6.437e+03	+1.009e+04	+0.612
70.700	+3.681e+03	+6.958e+03	+9.462e+03	+0.654
70.800	+3.109e+03	+7.408e+03	+9.591e+03	+0.704
70.900	+2.590e+03	+7.486e+03	+9.851e+03	+0.743
71.000	+1.817e+03	+7.067e+03	+9.975e+03	+0.796
71.100	+2.352e+03	+6.507e+03	+1.003e+04	+0.734
71.200	+1.367e+03	+5.846e+03	+9.702e+03	+0.810
71.300	+2.510e+03	+6.765e+03	+1.031e+04	+0.729
71.400	+2.231e+03	+6.111e+03	+1.071e+04	+0.733
71.500	+2.230e+03	+6.110e+03	+1.009e+04	+0.733
71.600	+3.892e+03	+7.790e+03	+1.002e+04	+0.667
71.700	+4.714e+03	+6.821e+03	+9.667e+03	+0.591
71.800	+2.491e+03	+6.848e+03	+9.935e+03	+0.733
71.900	+2.019e+03	+6.644e+03	+1.033e+04	+0.767
72.000	+2.985e+03	+7.123e+03	+1.151e+04	+0.705
72.100	+1.765e+03	+6.442e+03	+1.018e+04	+0.785
72.200	+3.767e+03	+7.167e+03	+9.236e+03	+0.655
72.300	+2.904e+03	+6.606e+03	+1.041e+04	+0.695
72.400	+1.720e+03	+7.325e+03	+9.298e+03	+0.810
72.500	+2.723e+03	+7.046e+03	+9.080e+03	+0.721
72.600	+3.172e+03	+7.678e+03	+1.021e+04	+0.708
72.700	+2.970e+03	+6.259e+03	+1.189e+04	+0.678
72.800	+6.194e+02	+8.803e+03	+9.124e+03	+0.934
72.900	+1.651e+03	+7.448e+03	+9.691e+03	+0.819
73.000	+3.537e+03	+5.365e+03	+9.479e+03	+0.603
73.100	+2.454e+03	+7.282e+03	+9.881e+03	+0.748
73.200	+2.265e+03	+6.341e+03	+9.584e+03	+0.737
73.300	+2.397e+03	+6.893e+03	+9.616e+03	+0.742
73.400	+4.058e+03	+6.955e+03	+9.691e+03	+0.632
73.500	+2.964e+03	+7.339e+03	+1.010e+04	+0.712
73.600	+2.370e+03	+6.209e+03	+9.067e+03	+0.724
73.700	+3.089e+03	+6.634e+03	+1.000e+04	+0.682
73.800	+2.916e+03	+7.034e+03	+9.522e+03	+0.707
73.900	+3.884e+03	+7.106e+03	+8.547e+03	+0.647
74.000	+3.894e+03	+6.432e+03	+1.037e+04	+0.623
74.100	+6.073e+03	+2.465e+03	+1.074e+04	+0.289
74.200	+6.105e+03	+3.414e+03	+1.108e+04	+0.359
74.300	+5.181e+03	+2.379e+03	+9.828e+03	+0.315
74.400	+7.350e+03	+3.702e+03	+9.610e+03	+0.335
74.500	+7.516e+03	+1.931e+03	+1.050e+04	+0.204
74.600	+6.017e+03	+4.083e+03	+9.344e+03	+0.404
74.700	+6.063e+03	+3.395e+03	+9.833e+03	+0.359
74.800	+5.560e+03	+1.960e+03	+1.098e+04	+0.261
74.900	+6.266e+03	+2.959e+03	+1.055e+04	+0.321
75.000	+7.875e+03	+2.200e+03	+9.279e+03	+0.218
75.100	+8.518e+03	+3.404e+03	+9.030e+03	+0.286
75.200	+5.868e+03	+3.903e+03	+8.812e+03	+0.399
75.300	+6.962e+03	+3.408e+03	+9.559e+03	+0.329
75.400	+7.040e+03	+3.461e+03	+9.925e+03	+0.330
75.500	+7.975e+03	+2.972e+03	+9.746e+03	+0.272
75.600	+5.840e+03	+3.768e+03	+9.769e+03	+0.392
75.700	+3.811e+03	+5.906e+03	+8.285e+03	+0.608
75.800	+3.450e+03	+5.196e+03	+9.916e+03	+0.601
75.900	+3.179e+03	+7.661e+03	+1.025e+04	+0.707
76.000	+4.118e+03	+7.019e+03	+1.027e+04	+0.630
76.100	+2.701e+03	+6.234e+03	+9.170e+03	+0.698
76.200	+3.377e+03	+7.116e+03	+1.053e+04	+0.678
76.300	+2.595e+03	+6.781e+03	+1.003e+04	+0.723
76.400	+3.488e+03	+8.019e+03	+1.058e+04	+0.697
76.500	+1.809e+03	+7.832e+03	+9.212e+03	+0.812
76.600	+4.038e+03	+6.720e+03	+8.886e+03	+0.625
76.700	+4.281e+03	+3.995e+03	+9.530e+03	+0.483
76.800	+7.412e+03	+3.481e+03	+9.337e+03	+0.320
76.900	+5.832e+03	+2.968e+03	+9.071e+03	+0.337
77.000	+5.578e+03	+3.097e+03	+1.030e+04	+0.357
77.100	+7.048e+03	+3.995e+03	+1.066e+04	+0.362
77.200	+8.250e+03	+3.751e+03	+9.740e+03	+0.313
77.300	+8.403e+03	+1.737e+03	+1.026e+04	+0.171
77.400	+7.114e+03	+1.321e+03	+1.000e+04	+0.157
77.500	+8.395e+03	+2.368e+03	+1.079e+04	+0.220
77.600	+6.667e+03	+2.597e+03	+9.031e+03	+0.280
77.700	+7.230e+03	+3.973e+03	+8.055e+03	+0.355
77.800	+6.264e+03	+3.823e+03	+9.326e+03	+0.379
77.900	+7.370e+03	+3.623e+03	+9.497e+03	+0.330
78.000	+7.166e+03	+2.860e+03	+1.029e+04	+0.285
78.100	+8.239e+03	+2.947e+03	+8.869e+03	+0.263
78.200	+2.656e+03	+6.382e+03	+8.802e+03	+0.706
78.300	+2.869e+03	+6.552e+03	+8.129e+03	+0.695
78.400	+3.599e+03	+6.936e+03	+9.864e+03	+0.658
78.500	+2.033e+03	+7.249e+03	+8.727e+03	+0.781
78.600	+3.573e+03	+7.732e+03	+1.109e+04	+0.684
78.700	+3.666e+03	+6.758e+03	+9.118e+03	+0.648
78.800	+2.127e+03	+6.901e+03	+1.080e+04	+0.764
78.900	+2.882e+03	+6.204e+03	+9.696e+03	+0.683
79.000	+2.503e+03	+7.046e+03	+1.085e+04	+0.738
79.100	+3.658e+03	+7.115e+03	+1.130e+04	+0.660
79.200	+6.195e+03	+5.026e+03	+9.038e+03	+0.448
79.300	+6.882e+03	+4.144e+03	+8.554e+03	+0.376
79.400	+5.672e+03	+3.136e+03	+8.387e+03	+0.356
79.500	+6.238e+03	+3.966e+03	+1.010e+04	+0.389
79.600	+7.713e+03	+2.983e+03	+9.585e+03	+0.279
79.700	+5.628e+03	+1.496e+03	+1.012e+04	+0.210
79.800	+7.650e+03	+2.850e+03	+1.191e+04	+0.271
79.900	+7.206e+03	+2.990e+03	+9.541e+03	+0.293
80.000	+5.455e+03	+1.522e+03	+9.707e+03	+0.218
80.100	+7.511e+03	+5.418e+03	+8.976e+03	+0.419
80.200	+6.344e+03	+4.101e+03	+1.004e+04	+0.393
80.300	+5.886e+03	+3.938e+03	+1.021e+04	+0.401
80.400	+7.899e+03	+1.731e+03	+1.025e+04	+0.180
80.500	+7.070e+03	+3.221e+03	+1.001e+04	+0.313
80.600	+6.854e+03	+2.783e+03	+1.048e+04	+0.289
80.700	+7.214e+03	+1.309e+03	+9.137e+03	+0.154
80.800	+5.837e+03	+3.625e+03	+9.756e+03	+0.383
80.900	+5.947e+03	+3.165e+03	+1.043e+04	+0.347
81.000	+9.849e+03	+3.182e+03	+9.667e+03	+0.244
81.100	+6.152e+03	+2.871e+03	+1.017e+04	+0.318
81.200	+4.692e+03	+5.787e+03	+9.972e+03	+0.552
81.300	+3.306e+03	+6.743e+03	+1.011e+04	+0.671
81.400	+2.101e+03	+6.629e+03	+1.114e+04	+0.759
81.500	+6.528e+03	+3.729e+03	+9.081e+03	+0.364
81.600	+7.769e+03	+2.321e+03	+9.954e+03	+0.230
81.700	+3.707e+03	+7.413e+03	+1.046e+04	+0.667
81.800	+3.337e+03	+6.454e+03	+9.491e+03	+0.659
81.900	+3.388e+03	+5.997e+03	+1.115e+04	+0.639
82.000	+1.178e+03	+7.634e+03	+1.032e+04	+0.866
82.100	+3.886e+03	+7.284e+03	+1.047e+04	+0.652
82.200	+3.444e+03	+6.828e+03	+9.930e+03	+0.665
82.300	+2.105e+03	+6.985e+03	+9.323e+03	+0.768
82.400	+2.842e+03	+6.474e+03	+9.036e+03	+0.695
82.500	+3.749e+03	+7.351e+03	+1.083e+04	+0.662
82.600	+3.055e+03	+6.830e+03	+1.002e+04	+0.691
82.700	+2.706e+03	+6.871e+03	+8.729e+03	+0.717
82.800	+3.713e+03	+5.735e+03	+1.024e+04	+0.607
82.900	+4.204e+03	+7.698e+03	+8.881e+03	+0.647
83.000	+2.216e+03	+8.386e+03	+1.039e+04	+0.791
83.100	+2.599e+03	+7.979e+03	+1.013e+04	+0.754
83.200	+2.574e+03	+6.537e+03	+1.016e+04	+0.717
83.300	+3.171e+03	+6.787e+03	+1.019e+04	+0.682
83.400	+3.213e+03	+6.691e+03	+1.062e+04	+0.676
83.500	+3.479e+03	+6.813e+03	+9.957e+03	+0.662
83.600	+3.101e+03	+6.472e+03	+9.516e+03	+0.676
83.700	+3.586e+03	+6.234e+03	+9.420e+03	+0.635
83.800	+3.679e+03	+5.679e+03	+9.082e+03	+0.607
83.900	+2.428e+03	+8.627e+03	+8.689e+03	+0.780
84.000	+2.816e+03	+6.873e+03	+1.131e+04	+0.709
84.100	+4.951e+03	+8.162e+03	+1.024e+04	+0.622
84.200	+5.930e+03	+4.718e+03	+1.023e+04	+0.443
84.300	+6.496e+03	+1.990e+03	+1.095e+04	+0.235
84.400	+6.328e+03	+2.152e+03	+9.744e+03	+0.254
84.500	+6.875e+03	+3.430e+03	+9.877e+03	+0.333
84.600	+6.043e+03	+1.926e+03	+9.663e+03	+0.242
84.700	+5.751e+03	+4.936e+03	+1.009e+04	+0.462
84.800	+7.191e+03	+1.528e+03	+8.587e+03	+0.175
84.900	+7.442e+03	+1.432e+03	+1.043e+04	+0.161
85.000	+7.447e+03	+2.973e+03	+9.704e+03	+0.285
85.100	+5.522e+03	+3.029e+03	+1.061e+04	+0.354
85.200	+4.134e+03	+5.061e+03	+9.968e+03	+0.550
85.300	+3.075e+03	+7.150e+03	+8.903e+03	+0.699
85.400	+3.870e+03	+7.274e+03	+1.117e+04	+0.653
85.500	+3.680e+03	+5.981e+03	+1.014e+04	+0.619
85.600	+6.903e+03	+3.836e+03	+9.261e+03	+0.357
85.700	+7.317e+03	+3.546e+03	+9.471e+03	+0.326
85.800	+7.472e+03	+2.821e+03	+9.931e+03	+0.274
85.900	+6.675e+03	+4.062e+03	+1.061e+04	+0.378
86.000	+3.026e+03	+6.379e+03	+1.263e+04	+0.678
86.100	+2.846e+03	+7.155e+03	+1.037e+04	+0.715
86.200	+3.189e+03	+8.181e+03	+1.048e+04	+0.720
86.300	+1.386e+03	+8.168e+03	+1.006e+04	+0.855
86.400	+2.920e+03	+7.887e+03	+9.769e+03	+0.730
86.500	+3.371e+03	+7.635e+03	+9.364e+03	+0.694
86.600	+2.841e+03	+7.458e+03	+1.006e+04	+0.724
86.700	+2.935e+03	+7.574e+03	+9.929e+03	+0.721
86.800	+3.306e+03	+6.396e+03	+1.177e+04	+0.659
86.900	+2.969e+03	+6.298e+03	+1.170e+04	+0.680
87.000	+3.210e+03	+6.023e+03	+8.662e+03	+0.652
87.100	+3.009e+03	+7.609e+03	+8.460e+03	+0.717
87.200	+2.754e+03	+7.152e+03	+8.438e+03	+0.722
87.300	+3.978e+03	+6.312e+03	+9.933e+03	+0.613
87.400	+3.122e+03	+7.243e+03	+9.874e+03	+0.699
87.500	+3.215e+03	+7.069e+03	+1.141e+04	+0.687
87.600	+3.344e+03	+7.860e+03	+9.318e+03	+0.702
87.700	+4.507e+03	+2.586e+03	+1.022e+04	+0.365
87.800	+5.761e+03	+6.404e+03	+1.002e+04	+0.526
87.900	+1.948e+03	+6.954e+03	+1.014e+04	+0.781
88.000	+4.253e+03	+6.044e+03	+1.135e+04	+0.587
88.100	+3.250e+03	+7.495e+03	+9.538e+03	+0.698
88.200	+2.854e+03	+6.238e+03	+1.019e+04	+0.686
88.300	+2.446e+03	+7.215e+03	+1.040e+04	+0.747
88.400	+2.284e+03	+8.058e+03	+8.138e+03	+0.779
88.500	+4.354e+03	+7.075e+03	+8.954e+03	+0.619
88.600	+2.418e+03	+5.971e+03	+1.169e+04	+0.712
88.700	+3.381e+03	+6.395e+03	+9.732e+03	+0.654
88.800	+4.222e+03	+5.678e+03	+1.017e+04	+0.574
88.900	+1.337e+03	+7.031e+03	+1.170e+04	+0.840
89.000	+1.711e+03	+6.842e+03	+9.698e+03	+0.800
89.100	+3.493e+03	+6.360e+03	+9.174e+03	+0.645
89.200	+2.049e+03	+7.811e+03	+1.020e+04	+0.792
89.300	+3.226e+03	+5.601e+03	+9.261e+03	+0.635
89.400	+3.112e+03	+6.647e+03	+1.114e+04	+0.681
89.500	+3.972e+03	+5.934e+03	+1.090e+04	+0.599
89.600	+2.658e+03	+7.383e+03	+9.489e+03	+0.735
89.700	+2.041e+03	+8.008e+03	+9.264e+03	+0.797
89.800	+2.992e+03	+7.927e+03	+1.010e+04	+0.726
89.900	+2.707e+03	+6.590e+03	+8.986e+03	+0.709
90.000	+2.459e+03	+6.800e+03	+1.167e+04	+0.734
90.100	+3.763e+03	+7.281e+03	+1.049e+04	+0.659
90.200	+2.624e+03	+7.347e+03	+9.925e+03	+0.737
90.300	+2.220e+03	+8.623e+03	+1.033e+04	+0.795
90.400	+3.483e+03	+7.458e+03	+9.474e+03	+0.682
90.500	+5.855e+03	+4.321e+03	+1.038e+04	+0.425
90.600	+5.973e+03	+3.096e+03	+9.015e+03	+0.341
90.700	+5.576e+03	+2.225e+03	+9.786e+03	+0.285
90.800	+6.803e+03	+1.215e+03	+1.037e+04	+0.152
90.900	+6.921e+03	+3.655e+03	+1.030e+04	+0.346
91.000	+7.422e+03	+3.835e+03	+1.038e+04	+0.341
91.100	+7.255e+03	+2.628e+03	+9.863e+03	+0.266
91.200	+8.283e+03	+2.463e+03	+9.926e+03	+0.229
91.300	+7.132e+03	+3.000e+03	+8.360e+03	+0.296
91.400	+5.998e+03	+1.937e+03	+9.383e+03	+0.244
91.500	+6.389e+03	+4.457e+03	+1.043e+04	+0.411
91.600	+6.468e+03	+5.931e+03	+9.949e+03	+0.478
91.700	+2.457e+03	+6.400e+03	+1.069e+04	+0.723
91.800	+3.339e+03	+6.727e+03	+1.028e+04	+0.668
91.900	+3.108e+03	+7.950e+03	+8.109e+03	+0.719
92.000	+5.107e+03	+7.308e+03	+9.741e+03	+0.589
92.100	+4.026e+03	+7.919e+03	+1.036e+04	+0.663
92.200	+7.229e+03	+2.766e+03	+8.672e+03	+0.277
92.300	+7.000e+03	+2.741e+03	+1.008e+04	+0.281
92.400	+6.442e+03	+2.808e+03	+1.125e+04	+0.304
92.500	+7.228e+03	+3.760e+03	+1.041e+04	+0.342
92.600	+8.194e+03	+2.354e+03	+1.041e+04	+0.223
92.700	+7.306e+03	+3.351e+03	+9.531e+03	+0.314
92.800	+7.613e+03	+2.583e+03	+9.404e+03	+0.253
92.900	+7.005e+03	+3.711e+03	+9.578e+03	+0.346
93.000	+6.595e+03	+3.089e+03	+8.389e+03	+0.319
93.100	+7.494e+03	+2.412e+03	+8.680e+03	+0.243
93.200	+7.802e+03	+1.599e+03	+8.976e+03	+0.170
93.300	+6.017e+03	+4.412e+03	+9.956e+03	+0.423
93.400	+6.853e+03	+2.933e+03	+1.009e+04	+0.300
93.500	+7.092e+03	+2.708e+03	+9.988e+03	+0.276
93.600	+6.753e+03	+2.863e+03	+1.069e+04	+0.298
93.700	+6.721e+03	+4.069e+03	+9.711e+03	+0.377
93.800	+6.379e+03	+2.439e+03	+1.031e+04	+0.277
93.900	+7.656e+03	+3.245e+03	+9.820e+03	+0.298
94.000	+6.171e+03	+2.044e+03	+1.061e+04	+0.249
94.100	+7.505e+03	+2.190e+03	+9.122e+03	+0.226
94.200	+5.891e+03	+3.242e+03	+1.060e+04	+0.355
94.300	+6.410e+03	+3.346e+03	+9.169e+03	+0.343
94.400	+7.441e+03	+1.191e+03	+9.517e+03	+0.138
94.500	+6.138e+03	+2.431e+03	+9.796e+03	+0.284
94.600	+6.194e+03	+2.562e+03	+8.557e+03	+0.293
94.700	+4.398e+03	+6.026e+03	+9.556e+03	+0.578
94.800	+2.616e+03	+7.614e+03	+9.093e+03	+0.744
94.900	+3.585e+03	+7.081e+03	+1.032e+04	+0.664
95.000	+2.291e+03	+7.122e+03	+1.041e+04	+0.757
95.100	+3.032e+03	+9.314e+03	+9.792e+03	+0.754
95.200	+2.918e+03	+6.627e+03	+1.025e+04	+0.694
95.300	+2.023e+03	+5.477e+03	+1.032e+04	+0.730
95.400	+9.525e+02	+7.205e+03	+9.591e+03	+0.883
95.500	+3.874e+03	+7.025e+03	+9.568e+03	+0.645
95.600	+2.876e+03	+7.335e+03	+8.635e+03	+0.718
95.700	+4.608e+03	+7.334e+03	+9.577e+03	+0.614
95.800	+3.183e+03	+7.090e+03	+9.634e+03	+0.690
95.900	+4.306e+03	+8.230e+03	+1.041e+04	+0.657
96.000	+3.442e+03	+5.216e+03	+9.580e+03	+0.602
96.100	+2.557e+03	+6.862e+03	+1.121e+04	+0.729
96.200	+1.978e+03	+6.027e+03	+9.446e+03	+0.753
96.300	+3.203e+03	+6.254e+03	+9.443e+03	+0.661
96.400	+3.282e+03	+7.490e+03	+1.044e+04	+0.695
96.500	+1.570e+03	+7.443e+03	+9.636e+03	+0.826
96.600	+2.933e+03	+7.588e+03	+9.295e+03	+0.721
96.700	+2.275e+03	+5.624e+03	+1.042e+04	+0.712
96.800	+3.406e+03	+6.602e+03	+9.651e+03	+0.660
96.900	+3.713e+03	+6.178e+03	+1.117e+04	+0.625
97.000	+2.721e+03	+6.395e+03	+9.598e+03	+0.702
97.100	+3.556e+03	+7.709e+03	+9.552e+03	+0.684
97.200	+3.971e+03	+5.269e+03	+9.761e+03	+0.570
97.300	+1.801e+03	+6.291e+03	+1.058e+04	+0.777
97.400	+2.207e+03	+7.327e+03	+1.049e+04	+0.769
97.500	+1.090e+03	+7.383e+03	+1.041e+04	+0.871
97.600	+6.079e+03	+3.432e+03	+9.113e+03	+0.361
97.700	+7.492e+03	+2.948e+03	+1.004e+04	+0.282
97.800	+7.122e+03	+2.988e+03	+1.017e+04	+0.296
97.900	+6.048e+03	+2.544e+03	+1.039e+04	+0.296
98.000	+5.571e+03	+3.542e+03	+1.089e+04	+0.389
98.100	+6.622e+03	+4.147e+03	+9.355e+03	+0.385
98.200	+4.742e+03	+5.768e+03	+9.893e+03	+0.549
98.300	+4.505e+03	+6.307e+03	+1.058e+04	+0.583
98.400	+2.300e+03	+7.712e+03	+1.011e+04	+0.770
98.500	+6.300e+03	+3.080e+03	+9.198e+03	+0.328
98.600	+8.305e+03	+2.940e+03	+9.173e+03	+0.261
98.700	+7.970e+03	+1.914e+03	+9.957e+03	+0.194
98.800	+6.664e+03	+3.131e+03	+1.065e+04	+0.320
98.900	+6.949e+03	+2.780e+03	+1.032e+04	+0.286
99.000	+6.231e+03	+3.160e+03	+1.098e+04	+0.336
99.100	+7.457e+03	+3.400e+03	+9.568e+03	+0.313
99.200	+6.472e+03	+2.941e+03	+1.095e+04	+0.312
99.300	+6.201e+03	+1.664e+03	+8.694e+03	+0.212
99.400	+6.748e+03	+2.405e+03	+1.092e+04	+0.263
99.500	+7.465e+03	+2.474e+03	+9.362e+03	+0.249
99.600	+8.801e+03	+3.042e+03	+9.126e+03	+0.257
99.700	+7.489e+03	+2.245e+03	+9.803e+03	+0.231
99.800	+6.059e+03	+3.352e+03	+1.036e+04	+0.356
99.900	+7.217e+03	+3.411e+03	+1.033e+04	+0.321
100.000	+7.733e+03	+4.372e+03	+1.171e+04	+0.361
100.100	+7.522e+03	+2.797e+03	+1.103e+04	+0.271
100.200	+4.922e+03	+4.145e+03	+1.037e+04	+0.457
100.300	+1.909e+03	+6.760e+03	+8.402e+03	+0.780
100.400	+4.134e+03	+7.878e+03	+9.265e+03	+0.656
100.500	+2.186e+03	+6.841e+03	+9.633e+03	+0.758
100.600	+2.623e+03	+8.160e+03	+9.355e+03	+0.757
100.700	+2.137e+03	+6.196e+03	+1.049e+04	+0.744
100.800	+2.579e+03	+7.748e+03	+1.105e+04	+0.750
100.900	+4.163e+03	+7.264e+03	+1.186e+04	+0.636
101.000	+3.290e+03	+6.670e+03	+1.051e+04	+0.670
101.100	+3.883e+03	+5.909e+03	+9.832e+03	+0.603
101.200	+6.507e+03	+3.381e+03	+9.669e+03	+0.342
101.300	+7.670e+03	+2.842e+03	+9.491e+03	+0.270
101.400	+4.489e+03	+6.271e+03	+1.033e+04	+0.583
101.500	+1.922e+03	+6.813e+03	+9.902e+03	+0.780
101.600	+4.074e+03	+6.011e+03	+1.026e+04	+0.596
101.700	+2.832e+03	+5.937e+03	+1.027e+04	+0.677
101.800	+3.242e+03	+5.904e+03	+1.002e+04	+0.646
101.900	+6.620e+03	+3.000e+03	+1.044e+04	+0.312
102.000	+6.897e+03	+3.437e+03	+1.015e+04	+0.333
102.100	+6.185e+03	+1.902e+03	+1.057e+04	+0.235
102.200	+7.220e+03	+3.993e+03	+1.018e+04	+0.356
102.300	+6.473e+03	+2.232e+03	+1.096e+04	+0.256
102.400	+7.303e+03	+2.218e+03	+1.009e+04	+0.233
102.500	+7.419e+03	+3.104e+03	+1.112e+04	+0.295
102.600	+7.595e+03	+2.934e+03	+1.033e+04	+0.279
102.700	+6.834e+03	+2.238e+03	+1.010e+04	+0.247
102.800	+3.591e+03	+7.602e+03	+1.050e+04	+0.679
102.900	+2.258e+03	+7.130e+03	+1.090e+04	+0.760
103.000	+6.504e+03	+2.907e+03	+9.363e+03	+0.309
103.100	+5.850e+03	+3.120e+03	+1.119e+04	+0.348
103.200	+6.970e+03	+2.637e+03	+9.285e+03	+0.274
103.300	+5.762e+03	+2.812e+03	+9.410e+03	+0.328
103.400	+8.048e+03	+2.566e+03	+9.461e+03	+0.242
103.500	+8.818e+03	+2.801e+03	+1.035e+04	+0.241
103.600	+7.381e+03	+1.598e+03	+1.024e+04	+0.178
103.700	+7.922e+03	+2.328e+03	+9.259e+03	+0.227
103.800	+6.139e+03	+9.783e+01	+1.132e+04	+0.016
103.900	+6.126e+03	+2.849e+03	+9.160e+03	+0.317
104.000	+5.991e+03	+3.222e+03	+1.119e+04	+0.350
104.100	+7.894e+03	+1.609e+03	+9.138e+03	+0.169
104.200	+6.282e+03	+3.424e+03	+1.000e+04	+0.353
104.300	+7.923e+03	+3.524e+03	+9.598e+03	+0.308
104.400	+3.849e+03	+6.756e+03	+1.019e+04	+0.637
104.500	+4.126e+03	+7.178e+03	+8.454e+03	+0.635
104.600	+3.450e+03	+5.815e+03	+1.137e+04	+0.628
104.700	+3.293e+03	+6.861e+03	+1.095e+04	+0.676
104.800	+3.113e+03	+8.647e+03	+1.070e+04	+0.735
104.900	+2.742e+03	+8.735e+03	+9.439e+03	+0.761
105.000	+2.898e+03	+6.151e+03	+9.963e+03	+0.680
105.100	+8.209e+03	+3.471e+03	+9.666e+03	+0.297
105.200	+8.260e+03	+3.207e+03	+8.973e+03	+0.280
105.300	+7.229e+03	+2.461e+03	+9.305e+03	+0.254
105.400	+7.276e+03	+2.063e+03	+7.609e+03	+0.221
105.500	+6.240e+03	+1.855e+03	+1.173e+04	+0.229
105.600	+5.943e+03	+2.857e+03	+8.684e+03	+0.325
105.700	+7.511e+03	+3.041e+03	+1.048e+04	+0.288
105.800	+8.197e+03	+3.112e+03	+9.869e+03	+0.275
105.900	+7.978e+03	+3.281e+03	+1.061e+04	+0.291
106.000	+7.521e+03	+3.656e+03	+9.805e+03	+0.327
106.100	+5.556e+03	+3.758e+03	+7.705e+03	+0.403
106.200	+5.388e+03	+2.589e+03	+1.060e+04	+0.325
106.300	+3.350e+03	+7.101e+03	+1.074e+04	+0.679
106.400	+2.855e+03	+7.887e+03	+1.009e+04	+0.734
106.500	+2.127e+03	+6.928e+03	+1.068e+04	+0.765
106.600	+7.445e+03	+2.462e+03	+1.077e+04	+0.249
106.700	+6.099e+03	+3.206e+03	+1.022e+04	+0.345
106.800	+7.147e+03	+2.872e+03	+9.178e+03	+0.287
106.900	+3.678e+03	+6.144e+03	+9.918e+03	+0.626
107.000	+4.402e+03	+8.128e+03	+1.000e+04	+0.649
107.100	+2.876e+03	+7.086e+03	+1.000e+04	+0.711
107.200	+1.223e+03	+7.816e+03	+1.135e+04	+0.865
107.300	+3.458e+03	+7.978e+03	+9.081e+03	+0.698
107.400	+2.435e+03	+6.669e+03	+1.046e+04	+0.733
107.500	+2.954e+03	+6.316e+03	+1.068e+04	+0.681
107.600	+2.748e+03	+7.360e+03	+1.113e+04	+0.728
107.700	+2.346e+03	+8.150e+03	+9.765e+03	+0.776
107.800	+4.167e+03	+7.917e+03	+9.972e+03	+0.655
107.900	+3.564e+03	+6.789e+03	+1.047e+04	+0.656
108.000	+3.768e+03	+7.471e+03	+9.073e+03	+0.665
108.100	+4.006e+03	+6.251e+03	+1.005e+04	+0.609
108.200	+3.353e+03	+6.932e+03	+9.231e+03	+0.674
108.300	+2.808e+03	+7.049e+03	+8.985e+03	+0.715
108.400	+2.940e+03	+8.199e+03	+1.036e+04	+0.736
108.500	+4.533e+03	+6.641e+03	+1.017e+04	+0.594
108.600	+4.627e+03	+6.835e+03	+9.452e+03	+0.596
108.700	+2.996e+03	+7.704e+03	+1.094e+04	+0.720
108.800	+4.429e+03	+7.447e+03	+9.590e+03	+0.627
108.900	+3.030e+03	+6.511e+03	+1.082e+04	+0.682
109.000	+4.895e+03	+6.487e+03	+1.006e+04	+0.570
109.100	+8.875e+02	+7.086e+03	+1.023e+04	+0.889
109.200	+3.697e+03	+6.272e+03	+9.076e+03	+0.629
109.300	+3.122e+03	+7.711e+03	+1.031e+04	+0.712
109.400	+3.899e+03	+7.584e+03	+1.073e+04	+0.660
109.500	+2.431e+03	+6.153e+03	+1.111e+04	+0.717
109.600	+4.338e+03	+7.432e+03	+1.029e+04	+0.631
109.700	+4.546e+03	+6.903e+03	+1.033e+04	+0.603
109.800	+8.331e+03	+2.519e+03	+8.920e+03	+0.232
109.900	+7.515e+03	+3.669e+03	+1.018e+04	+0.328
110.000	+6.669e+03	+3.695e+03	+9.867e+03	+0.356
110.100	+5.933e+03	+3.788e+03	+1.105e+04	+0.390
110.200	+2.537e+03	+8.114e+03	+1.019e+04	+0.762
110.300	+4.351e+03	+5.926e+03	+9.651e+03	+0.577
110.400	+3.238e+03	+7.916e+03	+9.373e+03	+0.710
110.500	+3.468e+03	+6.905e+03	+8.516e+03	+0.666
110.600	+2.896e+03	+5.423e+03	+8.647e+03	+0.652
110.700	+4.631e+03	+5.480e+03	+1.094e+04	+0.542
110.800	+8.069e+03	+2.772e+03	+1.185e+04	+0.256
110.900	+7.234e+03	+2.420e+03	+1.064e+04	+0.251
111.000	+5.945e+03	+2.966e+03	+8.859e+03	+0.333
111.100	+7.600e+03	+4.597e+03	+9.772e+03	+0.377
111.200	+6.022e+03	+5.130e+03	+1.023e+04	+0.460
111.300	+3.423e+03	+7.341e+03	+1.160e+04	+0.682
111.400	+2.513e+03	+6.319e+03	+9.982e+03	+0.716
111.500	+2.695e+03	+6.439e+03	+8.502e+03	+0.705
111.600	+2.586e+03	+7.757e+03	+1.060e+04	+0.750
111.700	+8.255e+02	+8.182e+03	+1.001e+04	+0.908
111.800	+2.375e+03	+8.344e+03	+9.786e+03	+0.778
111.900	+2.570e+03	+8.055e+03	+9.089e+03	+0.758
112.000	+3.063e+03	+7.117e+03	+9.972e+03	+0.699
112.100	+4.371e+03	+6.382e+03	+9.672e+03	+0.594
112.200	+2.337e+03	+7.096e+03	+9.533e+03	+0.752
112.300	+2.931e+03	+6.197e+03	+9.615e+03	+0.679
112.400	+1.564e+03	+7.553e+03	+9.579e+03	+0.828
112.500	+2.878e+03	+7.681e+03	+9.579e+03	+0.727
112.600	+3.743e+03	+6.919e+03	+1.088e+04	+0.649
112.700	+3.254e+03	+5.671e+03	+9.491e+03	+0.635
112.800	+1.261e+03	+7.314e+03	+9.844e+03	+0.853
112.900	+2.274e+03	+6.416e+03	+1.040e+04	+0.738
113.000	+7.185e+03	+4.116e+03	+1.034e+04	+0.364
113.100	+6.737e+03	+3.577e+03	+9.482e+03	+0.347
113.200	+6.256e+03	+1.893e+03	+1.135e+04	+0.232
113.300	+7.087e+03	+4.303e+03	+1.012e+04	+0.378
113.400	+6.156e+03	+3.365e+03	+1.027e+04	+0.353
113.500	+6.408e+03	+3.124e+03	+1.037e+04	+0.328
113.600	+5.837e+03	+2.718e+03	+1.100e+04	+0.318
113.700	+8.047e+03	+2.245e+03	+1.022e+04	+0.218
113.800	+7.219e+03	+3.524e+03	+1.038e+04	+0.328
113.900	+6.347e+03	+3.312e+03	+9.144e+03	+0.343
114.000	+8.022e+03	+2.508e+03	+1.072e+04	+0.238
114.100	+6.041e+03	+4.577e+03	+1.153e+04	+0.431
114.200	+2.435e+03	+6.715e+03	+1.026e+04	+0.734
114.300	+2.494e+03	+7.165e+03	+1.095e+04	+0.742
114.400	+2.619e+03	+6.052e+03	+9.518e+03	+0.698
114.500	+6.294e+03	+3.477e+03	+1.021e+04	+0.356
114.600	+6.572e+03	+3.435e+03	+1.031e+04	+0.343
114.700	+5.883e+03	+3.316e+03	+8.592e+03	+0.360
114.800	+6.996e+03	+2.753e+03	+1.047e+04	+0.282
114.900	+6.521e+03	+3.656e+03	+9.276e+03	+0.359
115.000	+4.826e+03	+4.550e+03	+9.650e+03	+0.485
115.100	+2.294e+03	+7.542e+03	+1.120e+04	+0.767
115.200	+3.810e+03	+7.220e+03	+1.228e+04	+0.655
115.300	+3.388e+03	+6.581e+03	+9.811e+03	+0.660
115.400	+2.792e+03	+7.815e+03	+9.760e+03	+0.737
115.500	+3.224e+03	+7.149e+03	+1.020e+04	+0.689
115.600	+2.710e+03	+5.534e+03	+1.016e+04	+0.671
115.700	+1.774e+03	+7.529e+03	+1.009e+04	+0.809
115.800	+4.836e+03	+5.420e+03	+1.078e+04	+0.528
115.900	+7.219e+03	+3.485e+03	+1.097e+04	+0.326
116.000	+6.521e+03	+4.089e+03	+1.016e+04	+0.385
116.100	+2.652e+03	+7.434e+03	+1.012e+04	+0.737
116.200	+3.344e+03	+8.193e+03	+1.129e+04	+0.710
116.300	+3.183e+03	+7.774e+03	+1.199e+04	+0.710
116.400	+3.762e+03	+6.994e+03	+1.110e+04	+0.650
116.500	+3.430e+03	+7.043e+03	+8.401e+03	+0.673
116.600	+3.427e+03	+7.855e+03	+1.148e+04	+0.696
116.700	+4.335e+03	+6.325e+03	+1.024e+04	+0.593
116.800	+8.345e+03	+3.187e+03	+1.115e+04	+0.276
116.900	+7.928e+03	+3.362e+03	+1.023e+04	+0.298
117.000	+6.731e+03	+3.784e+03	+9.936e+03	+0.360
117.100	+4.230e+03	+5.380e+03	+9.616e+03	+0.560
117.200	+3.732e+03	+7.378e+03	+1.036e+04	+0.664
117.300	+1.800e+03	+5.279e+03	+9.528e+03	+0.746
117.400	+3.249e+03	+5.927e+03	+9.472e+03	+0.646
117.500	+3.078e+03	+7.297e+03	+9.594e+03	+0.703
117.600	+3.837e+03	+6.881e+03	+9.676e+03	+0.642
117.700	+4.285e+03	+6.366e+03	+9.661e+03	+0.598
117.800	+3.017e+03	+9.476e+03	+9.471e+03	+0.759
117.900	+3.535e+03	+6.155e+03	+1.024e+04	+0.635
118.000	+3.070e+03	+7.926e+03	+1.128e+04	+0.721
118.100	+3.054e+03	+7.319e+03	+1.057e+04	+0.706
118.200	+3.281e+03	+6.296e+03	+9.412e+03	+0.657
118.300	+3.198e+03	+5.940e+03	+1.051e+04	+0.650
118.400	+3.896e+03	+6.194e+03	+9.165e+03	+0.614
118.500	+2.972e+03	+7.106e+03	+1.018e+04	+0.705
118.600	+1.404e+03	+7.113e+03	+9.336e+03	+0.835
118.700	+3.945e+03	+7.070e+03	+1.141e+04	+0.642
118.800	+2.910e+03	+6.903e+03	+9.815e+03	+0.703
118.900	+4.210e+03	+6.022e+03	+1.005e+04	+0.589
119.000	+2.824e+03	+7.505e+03	+9.033e+03	+0.727
119.100	+3.754e+03	+5.828e+03	+9.754e+03	+0.608
119.200	+2.033e+03	+7.313e+03	+1.010e+04	+0.782
119.300	+2.786e+03	+6.612e+03	+9.420e+03	+0.704
119.400	+2.542e+03	+5.324e+03	+1.082e+04	+0.677
119.500	+4.184e+03	+8.090e+03	+1.029e+04	+0.659
119.600	+3.159e+03	+6.095e+03	+8.579e+03	+0.659
119.700	+1.379e+03	+6.843e+03	+9.944e+03	+0.832
119.800	+2.505e+03	+6.487e+03	+8.423e+03	+0.721
119.900	+2.959e+03	+6.833e+03	+9.896e+03	+0.698
120.000	+4.753e+03	+9.069e+03	+1.207e+04	+0.656
120.100	+2.847e+03	+8.197e+03	+1.006e+04	+0.742
120.200	+2.479e+03	+7.575e+03	+1.170e+04	+0.753
120.300	+3.944e+03	+8.357e+03	+1.082e+04	+0.679
120.400	+4.010e+03	+8.022e+03	+8.451e+03	+0.667
120.500	+5.044e+03	+5.425e+03	+9.904e+03	+0.518
120.600	+2.003e+03	+8.315e+03	+9.030e+03	+0.806
120.700	+3.908e+03	+7.145e+03	+1.044e+04	+0.646
120.800	+2.320e+03	+6.491e+03	+1.028e+04	+0.737
120.900	+4.131e+03	+6.454e+03	+1.054e+04	+0.610
121.000	+4.342e+03	+7.844e+03	+1.072e+04	+0.644
121.100	+1.423e+03	+5.771e+03	+1.085e+04	+0.802
121.200	+2.648e+03	+6.137e+03	+1.041e+04	+0.699
121.300	+4.081e+03	+6.760e+03	+1.037e+04	+0.624
121.400	+2.130e+03	+7.752e+03	+1.122e+04	+0.784
121.500	+3.563e+03	+6.586e+03	+1.009e+04	+0.649
121.600	+2.670e+03	+8.000e+03	+9.971e+03	+0.750
121.700	+3.536e+03	+6.603e+03	+1.038e+04	+0.651
121.800	+3.349e+03	+8.083e+03	+1.063e+04	+0.707
121.900	+1.876e+03	+7.441e+03	+1.057e+04	+0.799
122.000	+3.353e+03	+6.049e+03	+1.130e+04	+0.643
122.100	+4.117e+03	+7.515e+03	+9.561e+03	+0.646
122.200	+3.388e+03	+7.099e+03	+1.034e+04	+0.677
122.300	+3.148e+03	+5.980e+03	+1.134e+04	+0.655
122.400	+3.410e+03	+6.571e+03	+1.008e+04	+0.658
122.500	+3.642e+03	+7.581e+03	+1.099e+04	+0.675
122.600	+7.848e+03	+2.751e+03	+1.008e+04	+0.260
122.700	+7.182e+03	+2.960e+03	+1.029e+04	+0.292
122.800	+7.021e+03	+3.731e+03	+8.846e+03	+0.347
122.900	+8.170e+03	+2.534e+03	+9.351e+03	+0.237
123.000	+7.715e+03	+3.074e+03	+1.053e+04	+0.285
123.100	+8.319e+03	+2.272e+03	+1.042e+04	+0.215
123.200	+7.324e+03	+3.561e+03	+8.822e+03	+0.327
123.300	+6.321e+03	+3.508e+03	+9.869e+03	+0.357
123.400	+6.309e+03	+2.269e+03	+9.100e+03	+0.265
123.500	+6.541e+03	+3.546e+03	+1.040e+04	+0.352
123.600	+2.159e+03	+6.822e+03	+9.401e+03	+0.760
123.700	+1.462e+03	+7.233e+03	+1.024e+04	+0.832
123.800	+3.350e+03	+7.065e+03	+9.204e+03	+0.678
123.900	+4.041e+03	+8.274e+03	+9.225e+03	+0.672
124.000	+2.121e+03	+6.966e+03	+9.229e+03	+0.767
124.100	+3.019e+03	+6.415e+03	+1.090e+04	+0.680
124.200	+2.515e+03	+6.152e+03	+1.107e+04	+0.710
124.300	+3.968e+03	+6.760e+03	+1.031e+04	+0.630
124.400	+3.446e+03	+6.870e+03	+9.210e+03	+0.666
124.500	+3.356e+03	+6.996e+03	+8.891e+03	+0.676
124.600	+2.067e+03	+6.880e+03	+8.183e+03	+0.769
124.700	+2.908e+03	+6.247e+03	+1.013e+04	+0.682
124.800	+3.168e+03	+7.201e+03	+1.004e+04	+0.694
124.900	+3.521e+03	+7.156e+03	+9.529e+03	+0.670
125.000	+1.737e+03	+5.546e+03	+9.647e+03	+0.761
125.100	+3.822e+03	+5.487e+03	+1.006e+04	+0.589
125.200	+2.096e+03	+7.985e+03	+9.459e+03	+0.792
125.300	+1.977e+03	+5.725e+03	+1.010e+04	+0.743
125.400	+1.571e+03	+7.571e+03	+9.343e+03	+0.828
125.500	+5.091e+03	+5.072e+03	+9.986e+03	+0.499
125.600	+5.674e+03	+2.712e+03	+8.742e+03	+0.323
125.700	+2.774e+03	+6.810e+03	+9.454e+03	+0.711
125.800	+2.742e+03	+7.480e+03	+1.030e+04	+0.732
125.900	+2.708e+03	+7.771e+03	+1.137e+04	+0.742
126.000	+3.418e+03	+5.845e+03	+9.518e+03	+0.631
126.100	+2.026e+03	+6.715e+03	+1.184e+04	+0.768
126.200	+1.319e+03	+6.852e+03	+9.252e+03	+0.839
126.300	+3.745e+03	+5.755e+03	+9.378e+03	+0.606
126.400	+4.336e+03	+8.770e+03	+1.024e+04	+0.669
126.500	+2.717e+03	+7.147e+03	+9.052e+03	+0.725
126.600	+2.688e+03	+7.537e+03	+9.858e+03	+0.737
126.700	+2.700e+03	+7.795e+03	+9.234e+03	+0.743
126.800	+3.896e+03	+6.017e+03	+1.073e+04	+0.607
126.900	+3.961e+03	+5.943e+03	+9.386e+03	+0.600
127.000	+3.088e+03	+6.644e+03	+1.132e+04	+0.683
127.100	+2.710e+03	+7.672e+03	+1.078e+04	+0.739
127.200	+3.612e+03	+6.895e+03	+9.542e+03	+0.656
127.300	+2.935e+03	+6.278e+03	+1.053e+04	+0.681
127.400	+2.777e+03	+6.831e+03	+8.812e+03	+0.711
127.500	+2.801e+03	+6.257e+03	+9.200e+03	+0.691
127.600	+5.302e+03	+5.974e+03	+1.109e+04	+0.530
127.700	+1.446e+03	+7.999e+03	+1.027e+04	+0.847
127.800	+1.827e+03	+7.408e+03	+8.470e+03	+0.802
127.900	+3.178e+03	+5.794e+03	+1.079e+04	+0.646
128.000	+3.492e+03	+8.098e+03	+9.085e+03	+0.699
128.100	+1.091e+03	+6.590e+03	+9.836e+03	+0.858
128.200	+2.866e+03	+6.051e+03	+9.531e+03	+0.679
128.300	+1.979e+03	+7.638e+03	+8.915e+03	+0.794
128.400	+3.314e+03	+8.735e+03	+8.228e+03	+0.725
128.500	+2.767e+03	+7.063e+03	+9.275e+03	+0.719
128.600	+3.609e+03	+6.423e+03	+8.993e+03	+0.640
128.700	+3.428e+03	+7.051e+03	+1.023e+04	+0.673
128.800	+4.623e+03	+6.313e+03	+9.078e+03	+0.577
128.900	+3.221e+03	+7.811e+03	+1.131e+04	+0.708
129.000	+1.760e+03	+7.931e+03	+8.510e+03	+0.818
129.100	+3.680e+03	+8.364e+03	+1.144e+04	+0.694
129.200	+3.383e+03	+7.859e+03	+1.166e+04	+0.699
129.300	+2.698e+03	+8.573e+03	+1.035e+04	+0.761
129.400	+3.740e+03	+5.920e+03	+1.072e+04	+0.613
129.500	+3.159e+03	+6.498e+03	+9.223e+03	+0.673
129.600	+2.844e+03	+5.492e+03	+1.004e+04	+0.659
129.700	+2.982e+03	+7.660e+03	+1.258e+04	+0.720
129.800	+3.138e+03	+6.304e+03	+9.622e+03	+0.668
129.900	+3.030e+03	+7.472e+03	+1.112e+04	+0.711
130.000	+3.720e+03	+5.625e+03	+1.102e+04	+0.602
130.100	+1.481e+03	+6.231e+03	+1.059e+04	+0.808
130.200	+3.159e+03	+6.367e+03	+9.626e+03	+0.668
130.300	+4.285e+03	+7.170e+03	+9.301e+03	+0.626
130.400	+2.983e+03	+6.220e+03	+1.017e+04	+0.676
130.500	+3.812e+03	+6.492e+03	+9.649e+03	+0.630
130.600	+2.630e+03	+7.563e+03	+1.008e+04	+0.742
130.700	+3.499e+03	+7.247e+03	+9.879e+03	+0.674
130.800	+3.007e+03	+7.100e+03	+1.030e+04	+0.703
130.900	+5.209e+03	+6.930e+03	+1.174e+04	+0.571
131.000	+4.136e+03	+7.771e+03	+9.700e+03	+0.653
131.100	+3.138e+03	+6.316e+03	+1.178e+04	+0.668
131.200	+3.833e+03	+6.727e+03	+9.858e+03	+0.637
131.300	+1.639e+03	+7.911e+03	+1.099e+04	+0.828
131.400	+3.591e+03	+6.495e+03	+9.865e+03	+0.644
131.500	+3.197e+03	+6.285e+03	+1.033e+04	+0.663
131.600	+5.431e+03	+5.784e+03	+1.014e+04	+0.516
131.700	+7.940e+03	+5.394e+03	+9.694e+03	+0.405
131.800	+4.144e+03	+4.783e+03	+8.736e+03	+0.536
131.900	+3.796e+03	+6.291e+03	+8.393e+03	+0.624
132.000	+1.707e+03	+5.736e+03	+1.020e+04	+0.771
132.100	+3.861e+03	+6.803e+03	+1.069e+04	+0.638
132.200	+3.217e+03	+6.563e+03	+1.012e+04	+0.671
132.300	+5.354e+03	+6.203e+03	+9.802e+03	+0.537
132.400	+4.432e+03	+6.235e+03	+9.843e+03	+0.585
132.500	+2.747e+03	+7.151e+03	+9.600e+03	+0.722
132.600	+2.368e+03	+6.808e+03	+1.107e+04	+0.742
132.700	+2.873e+03	+6.676e+03	+1.146e+04	+0.699
132.800	+2.717e+03	+6.326e+03	+1.042e+04	+0.700
132.900	+2.344e+03	+8.834e+03	+1.044e+04	+0.790
133.000	+3.574e+03	+5.538e+03	+1.128e+04	+0.608
133.100	+3.448e+03	+6.484e+03	+1.163e+04	+0.653
133.200	+3.377e+03	+7.178e+03	+1.029e+04	+0.680
133.300	+2.272e+03	+7.998e+03	+9.900e+03	+0.779
133.400	+2.379e+03	+5.878e+03	+1.006e+04	+0.712
133.500	+2.602e+03	+7.520e+03	+1.057e+04	+0.743
133.600	+1.306e+03	+6.056e+03	+9.232e+03	+0.823
133.700	+2.722e+03	+7.757e+03	+1.041e+04	+0.740
133.800	+2.505e+03	+5.563e+03	+1.114e+04	+0.689
133.900	+1.247e+03	+7.323e+03	+1.142e+04	+0.854
134.000	+2.048e+03	+7.839e+03	+1.061e+04	+0.793
134.100	+2.627e+03	+6.654e+03	+9.352e+03	+0.717
134.200	+3.550e+03	+7.518e+03	+8.737e+03	+0.679
134.300	+2.322e+03	+7.388e+03	+9.739e+03	+0.761
134.400	+3.544e+03	+7.019e+03	+8.830e+03	+0.664
134.500	+2.346e+03	+7.577e+03	+1.123e+04	+0.764
134.600	+3.713e+03	+7.357e+03	+9.111e+03	+0.665
134.700	+3.393e+03	+6.010e+03	+1.035e+04	+0.639
134.800	+3.286e+03	+7.104e+03	+1.037e+04	+0.684
134.900	+6.039e+03	+4.878e+03	+9.578e+03	+0.447
135.000	+3.895e+03	+6.552e+03	+1.055e+04	+0.627
135.100	+4.298e+03	+7.358e+03	+1.058e+04	+0.631
135.200	+2.697e+03	+8.327e+03	+9.729e+03	+0.755
135.300	+2.381e+03	+7.620e+03	+1.012e+04	+0.762
135.400	+3.073e+03	+6.796e+03	+1.059e+04	+0.689
135.500	+3.961e+03	+7.647e+03	+9.854e+03	+0.659
135.600	+2.188e+03	+6.211e+03	+1.154e+04	+0.739
135.700	+3.097e+03	+7.357e+03	+1.222e+04	+0.704
135.800	+3.455e+03	+7.152e+03	+1.087e+04	+0.674
135.900	+4.234e+03	+5.939e+03	+9.896e+03	+0.584
136.000	+5.015e+03	+2.846e+03	+8.674e+03	+0.362
136.100	+4.926e+03	+4.011e+03	+1.068e+04	+0.449
136.200	+6.902e+03	+2.963e+03	+1.023e+04	+0.300
136.300	+6.965e+03	+3.926e+03	+8.892e+03	+0.361
136.400	+6.755e+03	+2.400e+03	+1.022e+04	+0.262
136.500	+5.818e+03	+3.008e+03	+9.821e+03	+0.341
136.600	+8.158e+03	+3.042e+03	+8.716e+03	+0.272
136.700	+7.347e+03	+3.427e+03	+9.421e+03	+0.318
136.800	+7.505e+03	+3.181e+03	+1.055e+04	+0.298
136.900	+5.159e+03	+2.489e+03	+9.952e+03	+0.325
137.000	+8.119e+03	+3.788e+03	+9.895e+03	+0.318
137.100	+7.371e+03	+3.469e+03	+9.598e+03	+0.320
137.200	+7.911e+03	+1.747e+03	+1.053e+04	+0.181
137.300	+6.088e+03	+2.120e+03	+1.065e+04	+0.258
137.400	+8.723e+03	+2.455e+03	+9.444e+03	+0.220
137.500	+6.213e+03	+3.764e+03	+9.207e+03	+0.377
137.600	+6.919e+03	+2.947e+03	+8.763e+03	+0.299
137.700	+7.200e+03	+1.399e+03	+1.018e+04	+0.163
137.800	+4.661e+03	+5.999e+03	+1.134e+04	+0.563
137.900	+2.101e+03	+7.655e+03	+1.179e+04	+0.785
138.000	+2.398e+03	+7.421e+03	+1.173e+04	+0.756
138.100	+3.703e+03	+7.462e+03	+9.340e+03	+0.668
138.200	+2.778e+03	+7.807e+03	+9.427e+03	+0.738
138.300	+2.659e+03	+7.845e+03	+9.913e+03	+0.747
138.400	+1.632e+03	+6.727e+03	+1.072e+04	+0.805
138.500	+1.279e+03	+7.014e+03	+1.114e+04	+0.846
138.600	+3.674e+03	+7.228e+03	+1.109e+04	+0.663
138.700	+4.088e+03	+6.283e+03	+1.085e+04	+0.606
138.800	+8.139e+03	+3.566e+03	+1.025e+04	+0.305
138.900	+6.601e+03	+3.733e+03	+9.603e+03	+0.361
139.000	+8.124e+03	+3.690e+03	+9.923e+03	+0.312
139.100	+7.287e+03	+3.058e+03	+8.899e+03	+0.296
139.200	+6.754e+03	+4.180e+03	+8.706e+03	+0.382
139.300	+7.232e+03	+2.611e+03	+1.014e+04	+0.265
139.400	+7.152e+03	+3.017e+03	+1.226e+04	+0.297
139.500	+6.293e+03	+4.209e+03	+9.266e+03	+0.401
139.600	+4.918e+03	+5.321e+03	+9.599e+03	+0.520
139.700	+2.590e+03	+6.965e+03	+9.189e+03	+0.729
139.800	+4.729e+03	+7.331e+03	+1.077e+04	+0.608
139.900	+2.465e+03	+7.700e+03	+1.031e+04	+0.757
140.000	+2.300e+03	+5.556e+03	+1.004e+04	+0.707
140.100	+3.411e+03	+5.927e+03	+1.138e+04	+0.635
140.200	+1.715e+03	+7.195e+03	+1.037e+04	+0.808
140.300	+3.754e+03	+6.634e+03	+8.847e+03	+0.639
140.400	+4.591e+03	+6.649e+03	+9.682e+03	+0.592
140.500	+2.800e+03	+7.728e+03	+9.385e+03	+0.734
140.600	+3.557e+03	+7.192e+03	+9.904e+03	+0.669
140.700	+1.808e+03	+7.864e+03	+7.931e+03	+0.813
140.800	+1.973e+03	+7.035e+03	+1.095e+04	+0.781
140.900	+3.118e+03	+8.298e+03	+9.707e+03	+0.727
141.000	+2.859e+03	+7.569e+03	+9.256e+03	+0.726
141.100	+3.491e+03	+8.777e+03	+9.219e+03	+0.715
141.200	+2.180e+03	+5.510e+03	+9.369e+03	+0.717
141.300	+3.020e+03	+6.097e+03	+9.483e+03	+0.669
141.400	+2.377e+03	+6.295e+03	+9.862e+03	+0.726
141.500	+3.430e+03	+7.403e+03	+1.005e+04	+0.683
141.600	+3.045e+03	+6.881e+03	+1.003e+04	+0.693
141.700	+4.835e+03	+7.175e+03	+9.761e+03	+0.597
141.800	+2.031e+03	+6.579e+03	+1.011e+04	+0.764
141.900	+2.129e+03	+7.187e+03	+8.839e+03	+0.771
142.000	+2.293e+03	+6.822e+03	+1.049e+04	+0.748
142.100	+2.987e+03	+8.263e+03	+1.077e+04	+0.734
142.200	+4.252e+03	+6.456e+03	+9.736e+03	+0.603
142.300	+4.013e+03	+6.374e+03	+9.200e+03	+0.614
142.400	+7.595e+03	+3.195e+03	+1.090e+04	+0.296
142.500	+5.331e+03	+4.185e+03	+1.055e+04	+0.440
142.600	+4.564e+03	+6.718e+03	+9.653e+03	+0.595
142.700	+3.207e+03	+6.679e+03	+1.051e+04	+0.676
142.800	+2.762e+03	+5.840e+03	+1.071e+04	+0.679
142.900	+3.948e+03	+7.555e+03	+9.300e+03	+0.657
143.000	+3.781e+03	+6.379e+03	+1.098e+04	+0.628
143.100	+1.128e+03	+7.771e+03	+9.261e+03	+0.873
143.200	+3.756e+03	+7.872e+03	+9.531e+03	+0.677
143.300	+1.335e+03	+6.343e+03	+1.109e+04	+0.826
143.400	+3.033e+03	+7.728e+03	+9.669e+03	+0.718
143.500	+3.789e+03	+6.441e+03	+1.131e+04	+0.630
143.600	+3.755e+03	+7.518e+03	+1.041e+04	+0.667
143.700	+2.997e+03	+6.179e+03	+1.100e+04	+0.673
143.800	+3.547e+03	+7.223e+03	+7.653e+03	+0.671
143.900	+3.316e+03	+7.540e+03	+8.787e+03	+0.695
144.000	+5.608e+03	+4.155e+03	+1.045e+04	+0.426
144.100	+6.683e+03	+2.836e+03	+1.227e+04	+0.298
144.200	+7.757e+03	+1.924e+03	+1.074e+04	+0.199
144.300	+7.070e+03	+3.433e+03	+1.018e+04	+0.327
144.400	+6.956e+03	+1.852e+03	+1.028e+04	+0.210
144.500	+6.586e+03	+2.963e+03	+9.899e+03	+0.310
144.600	+7.165e+03	+3.854e+03	+8.762e+03	+0.350
144.700	+7.485e+03	+2.023e+03	+1.177e+04	+0.213
144.800	+6.853e+03	+3.141e+03	+9.793e+03	+0.314
144.900	+6.539e+03	+3.338e+03	+1.009e+04	+0.338
145.000	+4.386e+03	+6.745e+03	+8.571e+03	+0.606
145.100	+3.022e+03	+6.664e+03	+9.693e+03	+0.688
145.200	+2.423e+03	+7.421e+03	+8.357e+03	+0.754
145.300	+1.890e+03	+7.428e+03	+1.067e+04	+0.797
145.400	+1.090e+03	+6.026e+03	+1.035e+04	+0.847
145.500	+3.578e+03	+5.656e+03	+1.012e+04	+0.613
145.600	+3.428e+03	+7.126e+03	+9.214e+03	+0.675
145.700	+4.279e+03	+6.503e+03	+1.022e+04	+0.603
145.800	+2.939e+03	+7.836e+03	+9.394e+03	+0.727
145.900	+3.468e+03	+7.341e+03	+1.074e+04	+0.679
146.000	+3.566e+03	+6.833e+03	+9.086e+03	+0.657
146.100	+4.317e+03	+6.850e+03	+9.807e+03	+0.613
146.200	+3.329e+03	+7.267e+03	+1.072e+04	+0.686
146.300	+2.248e+03	+4.936e+03	+9.782e+03	+0.687
146.400	+1.627e+03	+7.689e+03	+1.066e+04	+0.825
146.500	+2.078e+03	+7.535e+03	+9.793e+03	+0.784
146.600	+3.969e+03	+5.893e+03	+1.216e+04	+0.598
146.700	+3.007e+03	+6.879e+03	+1.070e+04	+0.696
146.800	+3.925e+03	+6.370e+03	+9.508e+03	+0.619
146.900	+4.197e+03	+7.845e+03	+1.079e+04	+0.651
147.000	+2.790e+03	+5.888e+03	+1.081e+04	+0.679
147.100	+2.674e+03	+6.444e+03	+9.826e+03	+0.707
147.200	+3.626e+03	+6.249e+03	+7.748e+03	+0.633
147.300	+1.117e+03	+6.660e+03	+9.801e+03	+0.856
147.400	+3.172e+03	+6.834e+03	+1.024e+04	+0.683
147.500	+2.446e+03	+6.770e+03	+9.034e+03	+0.735
147.600	+1.769e+03	+6.471e+03	+1.114e+04	+0.785
147.700	+2.847e+03	+7.130e+03	+9.755e+03	+0.715
147.800	+3.924e+03	+7.998e+03	+9.236e+03	+0.671
147.900	+2.408e+03	+8.484e+03	+8.976e+03	+0.779
148.000	+2.915e+03	+8.470e+03	+1.131e+04	+0.744
148.100	+2.515e+03	+6.828e+03	+9.195e+03	+0.731
148.200	+2.548e+03	+6.853e+03	+9.179e+03	+0.729
148.300	+4.038e+03	+6.476e+03	+1.041e+04	+0.616
148.400	+1.659e+03	+7.334e+03	+9.106e+03	+0.815
148.500	+4.224e+03	+7.344e+03	+1.000e+04	+0.635
148.600	+2.518e+03	+8.116e+03	+9.837e+03	+0.763
148.700	+3.551e+03	+6.434e+03	+8.559e+03	+0.644
148.800	+1.824e+03	+6.778e+03	+1.046e+04	+0.788
148.900	+2.765e+03	+7.975e+03	+9.251e+03	+0.743
149.000	+2.934e+03	+6.703e+03	+9.095e+03	+0.696
149.100	+3.416e+03	+7.538e+03	+1.036e+04	+0.688
149.200	+4.222e+03	+7.330e+03	+1.119e+04	+0.635
149.300	+4.847e+03	+6.651e+03	+9.762e+03	+0.578
149.400	+2.105e+03	+8.721e+03	+9.417e+03	+0.806
149.500	+6.159e+03	+1.975e+03	+9.937e+03	+0.243
149.600	+6.408e+03	+2.954e+03	+9.886e+03	+0.316
149.700	+7.590e+03	+3.024e+03	+9.778e+03	+0.285
149.800	+6.302e+03	+4.440e+03	+1.070e+04	+0.413
149.900	+4.631e+03	+2.628e+03	+9.906e+03	+0.362
150.000	+6.041e+03	+2.771e+03	+8.817e+03	+0.314
150.100	+8.143e+03	+2.738e+03	+1.019e+04	+0.252
150.200	+7.575e+03	+4.024e+03	+1.029e+04	+0.347
150.300	+8.068e+03	+3.269e+03	+1.070e+04	+0.288
150.400	+8.420e+03	+3.504e+03	+9.404e+03	+0.294
150.500	+7.235e+03	+2.198e+03	+9.539e+03	+0.233
150.600	+5.278e+03	+1.831e+03	+1.010e+04	+0.258
150.700	+7.762e+03	+1.898e+03	+1.009e+04	+0.197
150.800	+5.814e+03	+2.100e+03	+1.022e+04	+0.265
150.900	+6.930e+03	+2.700e+03	+1.032e+04	+0.280
151.000	+8.000e+03	+4.083e+03	+1.097e+04	+0.338
151.100	+6.234e+03	+3.049e+03	+1.053e+04	+0.328
151.200	+6.606e+03	+1.645e+03	+1.032e+04	+0.199
151.300	+6.893e+03	+2.492e+03	+1.067e+04	+0.266
151.400	+7.180e+03	+2.222e+03	+9.916e+03	+0.236
151.500	+7.284e+03	+1.797e+03	+1.219e+04	+0.198
151.600	+6.150e+03	+2.719e+03	+9.739e+03	+0.307
151.700	+7.798e+03	+3.299e+03	+8.119e+03	+0.297
151.800	+6.676e+03	+2.139e+03	+1.030e+04	+0.243
151.900	+6.018e+03	+3.736e+03	+1.058e+04	+0.383
152.000	+8.038e+03	+2.271e+03	+1.007e+04	+0.220
152.100	+6.898e+03	+2.701e+03	+1.059e+04	+0.281
152.200	+7.790e+03	+3.475e+03	+8.332e+03	+0.308
152.300	+6.784e+03	+2.023e+03	+9.532e+03	+0.230
152.400	+6.683e+03	+3.892e+03	+8.935e+03	+0.368
152.500	+7.794e+03	+2.586e+03	+1.003e+04	+0.249
152.600	+6.469e+03	+1.771e+03	+9.899e+03	+0.215
152.700	+6.785e+03	+3.752e+03	+9.522e+03	+0.356
152.800	+4.109e+03	+6.804e+03	+9.115e+03	+0.623
152.900	+3.540e+03	+7.052e+03	+1.087e+04	+0.666
153.000	+3.951e+03	+7.098e+03	+9.400e+03	+0.642
153.100	+3.049e+03	+8.040e+03	+1.054e+04	+0.725
153.200	+4.952e+03	+7.289e+03	+1.036e+04	+0.595
153.300	+6.450e+03	+2.804e+03	+1.000e+04	+0.303
153.400	+7.157e+03	+4.304e+03	+9.476e+03	+0.376
153.500	+7.633e+03	+3.507e+03	+8.239e+03	+0.315
153.600	+6.168e+03	+3.797e+03	+1.084e+04	+0.381
153.700	+6.833e+03	+2.598e+03	+1.036e+04	+0.275
153.800	+7.447e+03	+3.183e+03	+9.199e+03	+0.299
153.900	+6.522e+03	+3.325e+03	+1.013e+04	+0.338
154.000	+6.469e+03	+2.632e+03	+1.084e+04	+0.289
154.100	+7.437e+03	+3.112e+03	+1.074e+04	+0.295
154.200	+8.041e+03	+4.131e+03	+9.309e+03	+0.339
154.300	+6.829e+03	+3.753e+03	+1.055e+04	+0.355
154.400	+7.125e+03	+3.326e+03	+1.158e+04	+0.318
154.500	+7.428e+03	+3.531e+03	+9.622e+03	+0.322
154.600	+6.704e+03	+2.987e+03	+1.025e+04	+0.308
154.700	+8.189e+03	+3.314e+03	+9.143e+03	+0.288
154.800	+6.815e+03	+2.786e+03	+1.152e+04	+0.290
154.900	+6.638e+03	+3.311e+03	+9.677e+03	+0.333
155.000	+6.361e+03	+2.288e+03	+9.316e+03	+0.265
155.100	+4.030e+03	+5.937e+03	+9.511e+03	+0.596
155.200	+3.999e+03	+9.225e+03	+9.102e+03	+0.698
155.300	+3.312e+03	+7.062e+03	+1.132e+04	+0.681
155.400	+2.829e+03	+7.099e+03	+1.160e+04	+0.715
155.500	+5.454e+03	+4.848e+03	+1.065e+04	+0.471
155.600	+8.665e+03	+2.867e+03	+1.152e+04	+0.249
155.700	+6.403e+03	+2.899e+03	+9.174e+03	+0.312
155.800	+7.707e+03	+2.771e+03	+9.418e+03	+0.264
155.900	+7.846e+03	+2.226e+03	+1.012e+04	+0.221
156.000	+6.201e+03	+2.923e+03	+9.058e+03	+0.320
156.100	+5.087e+03	+5.143e+03	+1.034e+04	+0.503
156.200	+3.351e+03	+8.250e+03	+1.008e+04	+0.711
156.300	+1.897e+03	+7.459e+03	+1.095e+04	+0.797
156.400	+2.285e+03	+6.944e+03	+1.035e+04	+0.752
156.500	+5.235e+03	+6.427e+03	+1.015e+04	+0.551
156.600	+2.841e+03	+6.460e+03	+9.365e+03	+0.695
156.700	+1.754e+03	+5.228e+03	+1.052e+04	+0.749
156.800	+3.586e+03	+7.934e+03	+9.386e+03	+0.689
156.900	+2.965e+03	+7.215e+03	+9.786e+03	+0.709
157.000	+2.963e+03	+7.746e+03	+1.092e+04	+0.723
157.100	+3.483e+03	+7.664e+03	+1.043e+04	+0.688
157.200	+2.651e+03	+6.192e+03	+9.622e+03	+0.700
157.300	+2.889e+03	+7.604e+03	+1.042e+04	+0.725
157.400	+5.634e+03	+4.503e+03	+1.047e+04	+0.444
157.500	+7.034e+03	+2.909e+03	+1.027e+04	+0.293
157.600	+7.110e+03	+2.863e+03	+8.717e+03	+0.287
157.700	+7.321e+03	+2.948e+03	+1.139e+04	+0.287
157.800	+7.198e+03	+3.067e+03	+1.057e+04	+0.299
157.900	+4.978e+03	+5.173e+03	+1.123e+04	+0.510
158.000	+8.031e+03	+2.803e+03	+1.068e+04	+0.259
158.100	+7.042e+03	+3.489e+03	+9.341e+03	+0.331
158.200	+7.823e+03	+3.986e+03	+9.453e+03	+0.338
158.300	+5.972e+03	+2.776e+03	+9.073e+03	+0.317
158.400	+5.516e+03	+4.424e+03	+1.040e+04	+0.445
158.500	+1.732e+03	+5.355e+03	+9.401e+03	+0.756
158.600	+2.086e+03	+6.857e+03	+9.686e+03	+0.767
158.700	+1.382e+03	+5.302e+03	+1.024e+04	+0.793
158.800	+3.633e+03	+7.126e+03	+1.021e+04	+0.662
158.900	+2.758e+03	+8.238e+03	+9.664e+03	+0.749
159.000	+3.943e+03	+6.841e+03	+1.018e+04	+0.634
159.100	+5.378e+03	+2.931e+03	+1.007e+04	+0.353
159.200	+8.619e+03	+3.509e+03	+1.101e+04	+0.289
159.300	+8.702e+03	+3.293e+03	+8.681e+03	+0.275
159.400	+7.208e+03	+2.778e+03	+1.074e+04	+0.278
159.500	+7.548e+03	+3.126e+03	+9.622e+03	+0.293
159.600	+6.907e+03	+3.841e+03	+9.894e+03	+0.357
159.700	+9.038e+03	+2.787e+03	+9.661e+03	+0.236
159.800	+7.444e+03	+4.013e+03	+8.846e+03	+0.350
159.900	+5.722e+03	+3.320e+03	+1.006e+04	+0.367
160.000	+5.888e+03	+3.049e+03	+1.022e+04	+0.341
160.100	+7.290e+03	+2.170e+03	+9.792e+03	+0.229
160.200	+6.803e+03	+2.882e+03	+1.030e+04	+0.298
160.300	+5.153e+03	+4.877e+03	+1.043e+04	+0.486
160.400	+2.161e+03	+7.997e+03	+9.627e+03	+0.787
160.500	+9.049e+02	+6.936e+03	+9.858e+03	+0.885
160.600	+2.702e+03	+7.094e+03	+9.971e+03	+0.724
160.700	+1.752e+03	+5.714e+03	+9.393e+03	+0.765
160.800	+3.233e+03	+6.125e+03	+1.045e+04	+0.655
160.900	+3.057e+03	+7.164e+03	+1.002e+04	+0.701
161.000	+1.779e+03	+6.656e+03	+9.277e+03	+0.789
161.100	+5.854e+03	+5.149e+03	+8.896e+03	+0.468
161.200	+5.999e+03	+2.237e+03	+9.504e+03	+0.272
161.300	+7.195e+03	+3.860e+03	+9.517e+03	+0.349
161.400	+7.087e+03	+3.517e+03	+1.038e+04	+0.332
161.500	+4.636e+03	+2.347e+03	+8.838e+03	+0.336
161.600	+6.531e+03	+3.057e+03	+1.177e+04	+0.319
161.700	+6.093e+03	+3.401e+03	+9.263e+03	+0.358
161.800	+5.888e+03	+4.364e+03	+1.039e+04	+0.426
161.900	+7.170e+03	+2.760e+03	+9.160e+03	+0.278
162.000	+7.476e+03	+2.639e+03	+1.079e+04	+0.261
162.100	+8.193e+03	+3.580e+03	+1.011e+04	+0.304
162.200	+3.427e+03	+8.103e+03	+1.052e+04	+0.703
162.300	+3.272e+03	+6.673e+03	+9.871e+03	+0.671
162.400	+4.397e+03	+6.196e+03	+9.802e+03	+0.585
162.500	+2.468e+03	+6.937e+03	+9.958e+03	+0.738
162.600	+3.987e+03	+6.242e+03	+1.049e+04	+0.610
162.700	+3.036e+03	+7.041e+03	+1.128e+04	+0.699
162.800	+2.023e+03	+7.982e+03	+8.830e+03	+0.798
162.900	+3.168e+03	+6.145e+03	+9.742e+03	+0.660
163.000	+3.603e+03	+8.523e+03	+1.024e+04	+0.703
163.100	+2.354e+03	+7.414e+03	+1.039e+04	+0.759
163.200	+3.132e+03	+7.230e+03	+9.837e+03	+0.698
163.300	+4.013e+03	+7.123e+03	+9.679e+03	+0.640
163.400	+3.185e+03	+6.780e+03	+7.958e+03	+0.680
163.500	+1.494e+03	+8.884e+03	+1.024e+04	+0.856
163.600	+3.726e+03	+7.458e+03	+8.914e+03	+0.667
163.700	+3.701e+03	+7.197e+03	+9.263e+03	+0.660
163.800	+5.153e+03	+7.989e+03	+9.042e+03	+0.608
163.900	+3.907e+03	+5.201e+03	+1.112e+04	+0.571
164.000	+2.830e+03	+7.067e+03	+1.097e+04	+0.714
164.100	+2.387e+03	+6.422e+03	+1.160e+04	+0.729
164.200	+2.990e+03	+6.609e+03	+9.843e+03	+0.688
164.300	+4.958e+03	+7.698e+03	+9.277e+03	+0.608
164.400	+4.668e+03	+6.712e+03	+1.055e+04	+0.590
164.500	+5.538e+03	+5.213e+03	+1.005e+04	+0.485
164.600	+7.046e+03	+2.764e+03	+1.002e+04	+0.282
164.700	+6.395e+03	+2.516e+03	+9.619e+03	+0.282
164.800	+7.583e+03	+3.605e+03	+9.853e+03	+0.322
164.900	+8.180e+03	+2.906e+03	+1.061e+04	+0.262
165.000	+7.523e+03	+2.151e+03	+1.030e+04	+0.222
165.100	+4.547e+03	+5.026e+03	+1.018e+04	+0.525
165.200	+2.346e+03	+8.498e+03	+1.020e+04	+0.784
165.300	+3.539e+03	+6.645e+03	+9.753e+03	+0.652
165.400	+3.036e+03	+7.971e+03	+1.013e+04	+0.724
165.500	+3.675e+03	+5.257e+03	+9.086e+03	+0.589
165.600	+3.619e+03	+7.693e+03	+1.124e+04	+0.680
165.700	+6.786e+03	+2.812e+03	+1.010e+04	+0.293
165.800	+4.976e+03	+5.124e+03	+9.967e+03	+0.507
165.900	+7.574e+03	+2.784e+03	+9.660e+03	+0.269
166.000	+7.948e+03	+3.541e+03	+1.057e+04	+0.308
166.100	+7.635e+03	+1.857e+03	+1.015e+04	+0.196
166.200	+6.881e+03	+2.452e+03	+1.052e+04	+0.263
166.300	+6.385e+03	+3.996e+03	+8.488e+03	+0.385
166.400	+6.009e+03	+2.665e+03	+9.294e+03	+0.307
166.500	+3.097e+03	+7.625e+03	+9.869e+03	+0.711
166.600	+2.941e+03	+6.378e+03	+1.027e+04	+0.684
166.700	+3.020e+03	+7.276e+03	+9.229e+03	+0.707
166.800	+2.637e+03	+6.905e+03	+9.799e+03	+0.724
166.900	+2.332e+03	+7.007e+03	+1.125e+04	+0.750
167.000	+3.357e+03	+6.532e+03	+8.935e+03	+0.661
167.100	+3.561e+03	+6.985e+03	+1.036e+04	+0.662
167.200	+1.953e+03	+7.098e+03	+9.325e+03	+0.784
167.300	+3.174e+03	+5.349e+03	+9.690e+03	+0.628
167.400	+2.988e+03	+7.832e+03	+1.183e+04	+0.724
167.500	+1.149e+03	+6.484e+03	+9.727e+03	+0.849
167.600	+3.086e+03	+6.052e+03	+9.734e+03	+0.662
167.700	+2.207e+03	+8.194e+03	+1.019e+04	+0.788
167.800	+2.661e+03	+7.130e+03	+9.426e+03	+0.728
167.900	+3.004e+03	+6.546e+03	+1.018e+04	+0.685
168.000	+3.318e+03	+6.927e+03	+9.863e+03	+0.676
168.100	+2.592e+03	+6.782e+03	+9.889e+03	+0.723
168.200	+3.004e+03	+6.654e+03	+1.064e+04	+0.689
168.300	+3.376e+03	+6.581e+03	+9.038e+03	+0.661
168.400	+2.041e+03	+6.809e+03	+1.091e+04	+0.769
168.500	+4.087e+03	+7.037e+03	+1.016e+04	+0.633
168.600	+5.112e+03	+4.299e+03	+9.191e+03	+0.457
168.700	+9.058e+03	+2.341e+03	+9.636e+03	+0.205
168.800	+3.284e+03	+6.209e+03	+1.093e+04	+0.654
168.900	+3.754e+03	+6.967e+03	+9.142e+03	+0.650
169.000	+4.317e+03	+6.688e+03	+8.921e+03	+0.608
169.100	+2.202e+03	+6.361e+03	+8.381e+03	+0.743
169.200	+3.153e+03	+7.190e+03	+9.530e+03	+0.695
169.300	+2.971e+03	+6.980e+03	+9.588e+03	+0.701
169.400	+3.366e+03	+6.442e+03	+1.114e+04	+0.657
169.500	+2.381e+03	+7.693e+03	+1.018e+04	+0.764
169.600	+3.504e+03	+6.825e+03	+1.005e+04	+0.661
169.700	+3.949e+03	+7.425e+03	+9.947e+03	+0.653
169.800	+3.416e+03	+6.206e+03	+1.146e+04	+0.645
169.900	+3.659e+03	+5.808e+03	+1.117e+04	+0.614
170.000	+3.211e+03	+6.971e+03	+9.637e+03	+0.685
170.100	+4.208e+03	+6.221e+03	+1.106e+04	+0.597
170.200	+3.407e+03	+5.937e+03	+9.659e+03	+0.635
170.300	+3.131e+03	+7.276e+03	+1.105e+04	+0.699
170.400	+2.512e+03	+8.570e+03	+1.154e+04	+0.773
170.500	+1.573e+03	+5.814e+03	+9.392e+03	+0.787
170.600	+4.308e+03	+7.949e+03	+1.080e+04	+0.649
170.700	+3.107e+03	+7.041e+03	+1.018e+04	+0.694
170.800	+4.839e+03	+8.256e+03	+1.016e+04	+0.630
170.900	+2.046e+03	+7.246e+03	+1.090e+04	+0.780
171.000	+3.632e+03	+6.105e+03	+1.073e+04	+0.627
171.100	+5.579e+03	+4.126e+03	+1.070e+04	+0.425
171.200	+7.361e+03	+2.368e+03	+9.049e+03	+0.243
171.300	+3.214e+03	+7.374e+03	+9.058e+03	+0.696
171.400	+2.920e+03	+7.802e+03	+8.780e+03	+0.728
171.500	+2.469e+03	+6.964e+03	+1.255e+04	+0.738
171.600	+2.186e+03	+8.731e+03	+9.434e+03	+0.800
171.700	+3.121e+03	+4.282e+03	+1.089e+04	+0.578
171.800	+2.645e+03	+7.292e+03	+8.865e+03	+0.734
171.900	+3.241e+03	+6.183e+03	+9.298e+03	+0.656
172.000	+2.551e+03	+6.012e+03	+9.731e+03	+0.702
172.100	+4.803e+03	+5.550e+03	+9.985e+03	+0.536
172.200	+7.521e+03	+2.400e+03	+9.842e+03	+0.242
172.300	+5.997e+03	+4.317e+03	+9.206e+03	+0.419
172.400	+7.293e+03	+3.167e+03	+9.873e+03	+0.303
172.500	+6.898e+03	+2.736e+03	+9.424e+03	+0.284
172.600	+6.704e+03	+3.084e+03	+1.101e+04	+0.315
172.700	+6.226e+03	+2.902e+03	+1.125e+04	+0.318
172.800	+7.683e+03	+2.581e+03	+8.393e+03	+0.251
172.900	+5.499e+03	+4.912e+03	+9.005e+03	+0.472
173.000	+4.143e+03	+7.761e+03	+1.132e+04	+0.652
173.100	+3.191e+03	+6.066e+03	+1.093e+04	+0.655
173.200	+2.506e+03	+8.027e+03	+9.661e+03	+0.762
173.300	+2.803e+03	+6.664e+03	+1.028e+04	+0.704
173.400	+2.273e+03	+7.314e+03	+1.042e+04	+0.763
173.500	+4.038e+03	+7.706e+03	+1.165e+04	+0.656
173.600	+1.490e+03	+6.821e+03	+9.668e+03	+0.821
173.700	+3.534e+03	+6.121e+03	+9.151e+03	+0.634
173.800	+2.009e+03	+6.375e+03	+9.937e+03	+0.760
173.900	+2.893e+03	+7.195e+03	+9.697e+03	+0.713
174.000	+2.255e+03	+6.202e+03	+1.121e+04	+0.733
174.100	+3.224e+03	+5.742e+03	+1.028e+04	+0.640
174.200	+2.106e+03	+7.892e+03	+1.133e+04	+0.789
174.300	+2.559e+03	+7.014e+03	+9.899e+03	+0.733
174.400	+2.318e+03	+7.934e+03	+9.312e+03	+0.774
174.500	+2.701e+03	+7.054e+03	+1.088e+04	+0.723
174.600	+2.745e+03	+7.060e+03	+9.988e+03	+0.720
174.700	+1.940e+03	+6.571e+03	+1.078e+04	+0.772
174.800	+4.582e+03	+8.096e+03	+1.165e+04	+0.639
174.900	+2.237e+03	+6.269e+03	+1.029e+04	+0.737
175.000	+2.986e+03	+6.640e+03	+9.738e+03	+0.690
175.100	+1.570e+03	+7.253e+03	+1.103e+04	+0.822
175.200	+2.284e+03	+5.948e+03	+9.500e+03	+0.723
175.300	+2.720e+03	+7.293e+03	+1.101e+04	+0.728
175.400	+3.493e+03	+7.818e+03	+9.785e+03	+0.691
175.500	+1.715e+03	+7.276e+03	+1.074e+04	+0.809
175.600	+3.930e+03	+5.593e+03	+1.051e+04	+0.587
175.700	+1.782e+03	+6.759e+03	+9.463e+03	+0.791
175.800	+3.703e+03	+6.092e+03	+1.005e+04	+0.622
175.900	+8.337e+03	+2.881e+03	+1.002e+04	+0.257
176.000	+6.319e+03	+3.290e+03	+1.058e+04	+0.342
176.100	+6.414e+03	+2.611e+03	+1.085e+04	+0.289
176.200	+6.645e+03	+3.025e+03	+9.954e+03	+0.313
176.300	+7.708e+03	+4.243e+03	+9.277e+03	+0.355
176.400	+5.519e+03	+2.134e+03	+1.033e+04	+0.279
176.500	+7.748e+03	+3.505e+03	+1.026e+04	+0.312
176.600	+8.064e+03	+3.457e+03	+9.133e+03	+0.300
176.700	+7.111e+03	+3.263e+03	+9.473e+03	+0.315
176.800	+6.293e+03	+1.910e+03	+9.673e+03	+0.233
176.900	+6.371e+03	+2.318e+03	+8.568e+03	+0.267
177.000	+6.541e+03	+3.170e+03	+9.593e+03	+0.326
177.100	+8.228e+03	+4.019e+03	+9.941e+03	+0.328
177.200	+6.263e+03	+3.590e+03	+9.514e+03	+0.364
177.300	+2.747e+03	+7.305e+03	+8.742e+03	+0.727
177.400	+3.773e+03	+7.165e+03	+1.021e+04	+0.655
177.500	+4.241e+03	+7.973e+03	+9.646e+03	+0.653
177.600	+3.036e+03	+6.280e+03	+1.023e+04	+0.674
177.700	+3.093e+03	+7.350e+03	+8.930e+03	+0.704
177.800	+4.233e+03	+6.599e+03	+1.055e+04	+0.609
177.900	+3.482e+03	+7.311e+03	+9.005e+03	+0.677
178.000	+2.552e+03	+7.797e+03	+1.071e+04	+0.753
178.100	+3.475e+03	+7.381e+03	+8.820e+03	+0.680
178.200	+4.400e+03	+7.272e+03	+8.749e+03	+0.623
178.300	+2.478e+03	+7.671e+03	+1.075e+04	+0.756
178.400	+2.967e+03	+5.568e+03	+1.026e+04	+0.652
178.500	+2.671e+03	+5.991e+03	+8.840e+03	+0.692
178.600	+3.894e+03	+7.614e+03	+1.097e+04	+0.662
178.700	+2.685e+03	+7.340e+03	+1.017e+04	+0.732
178.800	+2.411e+03	+7.404e+03	+9.412e+03	+0.754
178.900	+2.812e+03	+5.940e+03	+9.875e+03	+0.679
179.000	+3.190e+03	+6.467e+03	+9.857e+03	+0.670
179.100	+5.365e+03	+3.129e+03	+1.010e+04	+0.368
179.200	+6.892e+03	+3.123e+03	+9.539e+03	+0.312
179.300	+5.849e+03	+1.596e+03	+1.030e+04	+0.214
179.400	+5.353e+03	+5.970e+03	+8.802e+03	+0.527
179.500	+2.547e+03	+8.639e+03	+9.219e+03	+0.772
179.600	+4.231e+03	+7.859e+03	+1.007e+04	+0.650
179.700	+2.814e+03	+7.356e+03	+1.099e+04	+0.723
179.800	+3.762e+03	+6.837e+03	+9.677e+03	+0.645
179.900	+2.673e+03	+8.031e+03	+1.172e+04	+0.750
180.000	+2.003e+03	+7.191e+03	+9.265e+03	+0.782
180.100	+2.363e+03	+6.982e+03	+1.155e+04	+0.747
180.200	+2.565e+03	+7.354e+03	+1.005e+04	+0.741
180.300	+3.079e+03	+5.658e+03	+1.064e+04	+0.648
180.400	+3.885e+03	+7.632e+03	+9.453e+03	+0.663
180.500	+1.123e+03	+7.552e+03	+1.037e+04	+0.871
180.600	+2.818e+03	+5.815e+03	+9.780e+03	+0.674
180.700	+3.302e+03	+6.156e+03	+9.859e+03	+0.651
180.800	+3.595e+03	+6.414e+03	+9.216e+03	+0.641
180.900	+2.794e+03	+5.368e+03	+1.027e+04	+0.658
181.000	+2.641e+03	+7.447e+03	+9.746e+03	+0.738
181.100	+3.060e+03	+6.319e+03	+9.810e+03	+0.674
181.200	+3.355e+03	+6.314e+03	+1.077e+04	+0.653
181.300	+3.190e+03	+7.976e+03	+1.035e+04	+0.714
181.400	+3.189e+03	+6.030e+03	+1.041e+04	+0.654
181.500	+3.760e+03	+6.285e+03	+1.015e+04	+0.626
181.600	+2.725e+03	+7.254e+03	+1.030e+04	+0.727
181.700	+3.430e+03	+7.543e+03	+9.409e+03	+0.687
181.800	+9.502e+02	+7.074e+03	+9.287e+03	+0.882
181.900	+3.672e+03	+5.849e+03	+1.064e+04	+0.614
182.000	+9.272e+03	+1.033e+03	+7.875e+03	+0.100
182.100	+5.938e+03	+2.583e+03	+9.929e+03	+0.303
182.200	+7.700e+03	+3.773e+03	+1.016e+04	+0.329
182.300	+8.500e+03	+3.719e+03	+8.995e+03	+0.304
182.400	+6.806e+03	+3.569e+03	+1.019e+04	+0.344
182.500	+7.108e+03	+2.244e+03	+1.158e+04	+0.240
182.600	+7.458e+03	+3.470e+03	+9.203e+03	+0.318
182.700	+7.636e+03	+3.553e+03	+9.526e+03	+0.318
182.800	+8.750e+03	+2.691e+03	+1.065e+04	+0.235
182.900	+6.500e+03	+1.885e+03	+9.836e+03	+0.225
183.000	+5.238e+03	+2.955e+03	+1.104e+04	+0.361
183.100	+7.417e+03	+4.184e+03	+1.017e+04	+0.361
183.200	+4.118e+03	+7.448e+03	+8.796e+03	+0.644
183.300	+4.000e+03	+7.239e+03	+1.095e+04	+0.644
183.400	+2.919e+03	+5.806e+03	+9.519e+03	+0.665
183.500	+3.542e+03	+7.929e+03	+1.058e+04	+0.691
183.600	+2.891e+03	+6.824e+03	+1.062e+04	+0.702
183.700	+7.267e+03	+2.647e+03	+8.111e+03	+0.267
183.800	+6.465e+03	+2.460e+03	+1.037e+04	+0.276
183.900	+6.294e+03	+3.271e+03	+9.816e+03	+0.342
184.000	+7.066e+03	+3.083e+03	+1.172e+04	+0.304
184.100	+6.986e+03	+2.842e+03	+9.746e+03	+0.289
184.200	+7.114e+03	+3.061e+03	+1.006e+04	+0.301
184.300	+6.210e+03	+2.833e+03	+1.089e+04	+0.313
184.400	+8.094e+03	+4.215e+03	+9.051e+03	+0.342
184.500	+7.292e+03	+3.315e+03	+1.115e+04	+0.313
184.600	+7.524e+03	+3.698e+03	+9.176e+03	+0.330
184.700	+6.791e+03	+4.717e+03	+9.183e+03	+0.410
184.800	+7.111e+03	+4.971e+03	+1.138e+04	+0.411
184.900	+6.685e+03	+2.595e+03	+9.809e+03	+0.280
185.000	+7.187e+03	+3.091e+03	+1.013e+04	+0.301
185.100	+7.954e+03	+3.275e+03	+1.077e+04	+0.292
185.200	+6.498e+03	+1.715e+03	+8.978e+03	+0.209
185.300	+7.129e+03	+3.125e+03	+1.031e+04	+0.305
185.400	+6.138e+03	+2.403e+03	+1.187e+04	+0.281
185.500	+8.555e+03	+2.483e+03	+1.082e+04	+0.225
185.600	+6.644e+03	+2.294e+03	+9.381e+03	+0.257
185.700	+7.266e+03	+3.016e+03	+8.548e+03	+0.293
185.800	+6.852e+03	+3.302e+03	+9.298e+03	+0.325
185.900	+7.494e+03	+3.013e+03	+8.782e+03	+0.287
186.000	+7.581e+03	+3.015e+03	+8.861e+03	+0.285
186.100	+7.460e+03	+4.398e+03	+9.444e+03	+0.371
186.200	+6.848e+03	+2.870e+03	+9.792e+03	+0.295
186.300	+5.682e+03	+2.551e+03	+1.040e+04	+0.310
186.400	+9.322e+03	+2.779e+03	+8.686e+03	+0.230
186.500	+7.568e+03	+2.632e+03	+1.004e+04	+0.258
186.600	+3.591e+03	+6.653e+03	+9.293e+03	+0.649
186.700	+3.353e+03	+8.206e+03	+1.012e+04	+0.710
186.800	+3.322e+03	+7.233e+03	+8.280e+03	+0.685
186.900	+2.814e+03	+7.186e+03	+1.031e+04	+0.719
187.000	+6.315e+03	+2.130e+03	+9.514e+03	+0.252
187.100	+7.708e+03	+2.212e+03	+1.161e+04	+0.223
187.200	+8.346e+03	+1.395e+03	+8.904e+03	+0.143
187.300	+8.016e+03	+3.712e+03	+9.564e+03	+0.317
187.400	+5.505e+03	+3.348e+03	+1.005e+04	+0.378
187.500	+7.788e+03	+1.855e+03	+1.007e+04	+0.192
187.600	+7.390e+03	+4.445e+03	+9.467e+03	+0.376
187.700	+3.155e+03	+6.200e+03	+1.082e+04	+0.663
187.800	+4.118e+03	+7.344e+03	+1.096e+04	+0.641
187.900	+3.990e+03	+8.912e+03	+1.069e+04	+0.691
188.000	+1.769e+03	+7.521e+03	+1.050e+04	+0.810
188.100	+2.615e+03	+6.944e+03	+1.020e+04	+0.726
188.200	+3.107e+03	+6.194e+03	+8.977e+03	+0.666
188.300	+3.622e+03	+6.812e+03	+1.020e+04	+0.653
188.400	+6.040e+03	+5.066e+03	+1.000e+04	+0.456
188.500	+5.662e+03	+4.172e+03	+8.791e+03	+0.424
188.600	+6.574e+03	+3.183e+03	+8.368e+03	+0.326
188.700	+7.277e+03	+1.562e+03	+1.025e+04	+0.177
188.800	+7.802e+03	+3.142e+03	+1.037e+04	+0.287
188.900	+8.260e+03	+4.051e+03	+9.835e+03	+0.329
189.000	+5.499e+03	+2.391e+03	+8.924e+03	+0.303
189.100	+6.652e+03	+2.958e+03	+9.154e+03	+0.308
189.200	+6.984e+03	+1.917e+03	+9.214e+03	+0.215
189.300	+5.975e+03	+2.322e+03	+1.062e+04	+0.280
189.400	+7.653e+03	+1.272e+03	+1.014e+04	+0.143
189.500	+6.923e+03	+1.857e+03	+1.004e+04	+0.211
189.600	+7.534e+03	+2.239e+03	+1.001e+04	+0.229
189.700	+7.704e+03	+3.939e+03	+9.037e+03	+0.338
189.800	+3.161e+03	+6.672e+03	+1.032e+04	+0.678
189.900	+3.208e+03	+7.147e+03	+1.064e+04	+0.690
190.000	+2.249e+03	+7.182e+03	+1.035e+04	+0.762
190.100	+2.576e+03	+6.676e+03	+1.093e+04	+0.722
190.200	+3.076e+03	+6.320e+03	+9.817e+03	+0.673
190.300	+2.453e+03	+8.501e+03	+1.078e+04	+0.776
190.400	+3.687e+03	+7.039e+03	+8.585e+03	+0.656
190.500	+3.415e+03	+7.995e+03	+1.059e+04	+0.701
190.600	+2.935e+03	+7.244e+03	+1.092e+04	+0.712
190.700	+1.802e+03	+8.360e+03	+1.040e+04	+0.823
190.800	+3.290e+03	+6.021e+03	+1.052e+04	+0.647
190.900	+3.896e+03	+8.377e+03	+9.318e+03	+0.683
191.000	+3.181e+03	+5.186e+03	+1.013e+04	+0.620
191.100	+1.746e+03	+8.873e+03	+1.051e+04	+0.836
191.200	+2.528e+03	+5.909e+03	+1.014e+04	+0.700
191.300	+1.627e+03	+5.998e+03	+9.046e+03	+0.787
191.400	+3.255e+03	+6.549e+03	+1.159e+04	+0.668
191.500	+5.707e+03	+6.706e+03	+9.358e+03	+0.540
191.600	+3.394e+03	+7.445e+03	+9.452e+03	+0.687
191.700	+2.001e+03	+6.320e+03	+1.002e+04	+0.760
191.800	+2.306e+03	+6.798e+03	+9.219e+03	+0.747
191.900	+2.519e+03	+7.985e+03	+9.515e+03	+0.760
192.000	+3.446e+03	+6.082e+03	+8.049e+03	+0.638
192.100	+2.507e+03	+6.823e+03	+9.374e+03	+0.731
192.200	+4.040e+03	+5.913e+03	+8.578e+03	+0.594
192.300	+1.898e+03	+5.236e+03	+1.030e+04	+0.734
192.400	+2.545e+03	+7.885e+03	+1.022e+04	+0.756
192.500	+3.480e+03	+5.992e+03	+9.570e+03	+0.633
192.600	+3.165e+03	+6.142e+03	+9.816e+03	+0.660
192.700	+6.970e+03	+3.648e+03	+1.164e+04	+0.344
192.800	+2.620e+03	+4.575e+03	+9.216e+03	+0.636
192.900	+2.006e+03	+7.597e+03	+9.357e+03	+0.791
193.000	+5.685e+03	+3.567e+03	+1.014e+04	+0.386
193.100	+5.880e+03	+5.098e+03	+1.039e+04	+0.464
193.200	+2.422e+03	+8.278e+03	+9.651e+03	+0.774
193.300	+5.146e+03	+5.221e+03	+1.141e+04	+0.504
193.400	+6.515e+03	+3.684e+03	+9.024e+03	+0.361
193.500	+6.425e+03	+2.130e+03	+1.077e+04	+0.249
193.600	+7.387e+03	+3.338e+03	+9.061e+03	+0.311
193.700	+8.256e+03	+2.687e+03	+9.761e+03	+0.246
193.800	+6.061e+03	+3.056e+03	+9.737e+03	+0.335
193.900	+2.785e+03	+6.667e+03	+1.005e+04	+0.705
194.000	+4.377e+03	+7.152e+03	+9.369e+03	+0.620
194.100	+1.233e+03	+6.350e+03	+1.111e+04	+0.837
194.200	+2.189e+03	+7.147e+03	+1.074e+04	+0.766
194.300	+2.440e+03	+6.851e+03	+8.828e+03	+0.737
194.400	+3.338e+03	+7.717e+03	+1.088e+04	+0.698
194.500	+3.187e+03	+7.014e+03	+1.114e+04	+0.688
194.600	+5.960e+03	+4.506e+03	+1.008e+04	+0.431
194.700	+7.806e+03	+2.440e+03	+1.006e+04	+0.238
194.800	+6.777e+03	+3.162e+03	+8.888e+03	+0.318
194.900	+7.441e+03	+3.573e+03	+1.042e+04	+0.324
195.000	+6.673e+03	+2.566e+03	+1.031e+04	+0.278
195.100	+7.598e+03	+3.561e+03	+1.063e+04	+0.319
195.200	+6.496e+03	+1.461e+03	+8.793e+03	+0.184
195.300	+6.729e+03	+2.521e+03	+1.075e+04	+0.273
195.400	+8.199e+03	+3.698e+03	+1.066e+04	+0.311
195.500	+8.077e+03	+3.099e+03	+9.855e+03	+0.277
195.600	+7.132e+03	+3.018e+03	+1.029e+04	+0.297
195.700	+7.846e+03	+2.457e+03	+8.903e+03	+0.238
195.800	+8.018e+03	+3.918e+03	+1.117e+04	+0.328
195.900	+7.835e+03	+2.808e+03	+9.399e+03	+0.264
196.000	+5.304e+03	+2.374e+03	+9.238e+03	+0.309
196.100	+7.952e+03	+3.852e+03	+9.269e+03	+0.326
196.200	+5.964e+03	+2.275e+03	+9.904e+03	+0.276
196.300	+7.087e+03	+2.551e+03	+8.674e+03	+0.265
196.400	+6.214e+03	+2.958e+03	+1.178e+04	+0.323
196.500	+6.867e+03	+2.518e+03	+1.068e+04	+0.268
196.600	+8.003e+03	+2.726e+03	+9.162e+03	+0.254
196.700	+4.476e+03	+5.241e+03	+1.078e+04	+0.539
196.800	+8.048e+03	+2.817e+03	+1.105e+04	+0.259
196.900	+5.444e+03	+4.909e+03	+9.567e+03	+0.474
197.000	+6.213e+03	+3.099e+03	+9.661e+03	+0.333
197.100	+7.009e+03	+3.199e+03	+8.934e+03	+0.313
197.200	+7.341e+03	+4.607e+03	+8.980e+03	+0.386
197.300	+7.165e+03	+2.378e+03	+1.016e+04	+0.249
197.400	+8.478e+03	+1.796e+03	+1.011e+04	+0.175
197.500	+6.941e+03	+1.015e+03	+9.618e+03	+0.128
197.600	+7.047e+03	+1.826e+03	+9.926e+03	+0.206
197.700	+8.935e+03	+2.423e+03	+1.008e+04	+0.213
197.800	+7.595e+03	+2.954e+03	+1.048e+04	+0.280
197.900	+4.630e+03	+5.589e+03	+8.831e+03	+0.547
198.000	+3.165e+03	+7.709e+03	+8.305e+03	+0.709
198.100	+2.999e+03	+6.798e+03	+1.038e+04	+0.694
198.200	+2.999e+03	+8.162e+03	+1.077e+04	+0.731
198.300	+7.401e+03	+3.257e+03	+8.991e+03	+0.306
198.400	+6.251e+03	+2.658e+03	+9.501e+03	+0.298
198.500	+6.749e+03	+2.203e+03	+1.004e+04	+0.246
198.600	+6.543e+03	+3.182e+03	+1.069e+04	+0.327
198.700	+6.101e+03	+1.708e+03	+1.037e+04	+0.219
198.800	+7.985e+03	+3.739e+03	+9.821e+03	+0.319
198.900	+6.065e+03	+2.442e+03	+9.630e+03	+0.287
199.000	+6.191e+03	+2.300e+03	+9.383e+03	+0.271
199.100	+7.683e+03	+3.389e+03	+8.800e+03	+0.306
199.200	+7.710e+03	+1.970e+03	+1.072e+04	+0.204
199.300	+6.775e+03	+3.743e+03	+9.075e+03	+0.356
199.400	+2.307e+03	+7.903e+03	+9.118e+03	+0.774
199.500	+2.220e+03	+7.601e+03	+9.810e+03	+0.774
199.600	+3.215e+03	+6.320e+03	+1.076e+04	+0.663
199.700	+2.991e+03	+6.851e+03	+1.050e+04	+0.696
199.800	+2.916e+03	+7.333e+03	+1.099e+04	+0.715
199.900	+2.082e+03	+6.987e+03	+9.419e+03	+0.770
200.000	+3.531e+03	+7.494e+03	+1.077e+04	+0.680
200.100	+3.080e+03	+8.057e+03	+1.022e+04	+0.723
200.200	+4.227e+03	+7.374e+03	+1.064e+04	+0.636
200.300	+2.540e+03	+5.947e+03	+9.993e+03	+0.701
200.400	+3.933e+03	+5.974e+03	+8.275e+03	+0.603
200.500	+2.393e+03	+6.956e+03	+1.168e+04	+0.744
200.600	+3.302e+03	+8.432e+03	+1.026e+04	+0.719
200.700	+2.995e+03	+8.036e+03	+9.935e+03	+0.728
