%t (s)	Idd (a.u.)	Ida (a.u.)	Iaa (a.u.)	FRET E
0.000	+7.556e+03	+2.501e+03	+1.062e+04	+0.249
0.100	+6.150e+03	+4.922e+03	+9.904e+03	+0.445
0.200	+7.179e+03	+2.888e+03	+1.046e+04	+0.287
0.300	+4.954e+03	+2.720e+03	+9.678e+03	+0.354
0.400	+8.302e+03	+2.479e+03	+1.033e+04	+0.230
0.500	+7.074e+03	+3.332e+03	+1.011e+04	+0.320
0.600	+6.107e+03	+2.747e+03	+9.301e+03	+0.310
0.700	+6.980e+03	+3.976e+03	+1.029e+04	+0.363
0.800	+7.525e+03	+4.311e+03	+1.090e+04	+0.364
0.900	+6.057e+03	+2.894e+03	+1.014e+04	+0.323
1.000	+6.384e+03	+3.151e+03	+9.463e+03	+0.330
1.100	+8.234e+03	+2.828e+03	+1.014e+04	+0.256
1.200	+3.796e+03	+6.883e+03	+9.622e+03	+0.645
1.300	+3.451e+03	+7.846e+03	+9.678e+03	+0.695
1.400	+2.224e+03	+7.113e+03	+9.567e+03	+0.762
1.500	+3.340e+03	+6.687e+03	+1.039e+04	+0.667
1.600	+2.752e+03	+6.209e+03	+1.031e+04	+0.693
1.700	+2.825e+03	+6.506e+03	+1.065e+04	+0.697
1.800	+2.181e+03	+7.086e+03	+1.029e+04	+0.765
1.900	+3.368e+03	+7.602e+03	+9.040e+03	+0.693
2.000	+5.320e+03	+2.101e+03	+1.038e+04	+0.283
2.100	+6.009e+03	+2.797e+03	+1.117e+04	+0.318
2.200	+6.503e+03	+4.665e+03	+9.917e+03	+0.418
2.300	+3.982e+03	+6.233e+03	+1.040e+04	+0.610
2.400	+3.054e+03	+7.669e+03	+8.737e+03	+0.715
2.500	+5.013e+03	+7.790e+03	+9.938e+03	+0.608
2.600	+2.430e+03	+6.154e+03	+1.040e+04	+0.717
2.700	+3.807e+03	+5.788e+03	+9.545e+03	+0.603
2.800	+6.082e+03	+2.104e+03	+1.153e+04	+0.257
2.900	+7.089e+03	+2.368e+03	+1.048e+04	+0.250
3.000	+7.809e+03	+2.618e+03	+1.047e+04	+0.251
3.100	+3.404e+03	+7.768e+03	+9.456e+03	+0.695
3.200	+3.607e+03	+8.325e+03	+1.031e+04	+0.698
3.300	+3.458e+03	+7.085e+03	+9.979e+03	+0.672
3.400	+1.815e+03	+7.211e+03	+9.400e+03	+0.799
3.500	+5.199e+03	+4.759e+03	+8.852e+03	+0.478
3.600	+7.764e+03	+1.734e+03	+9.322e+03	+0.183
3.700	+5.954e+03	+2.992e+03	+1.092e+04	+0.335
3.800	+7.664e+03	+1.096e+03	+9.791e+03	+0.125
3.900	+7.908e+03	+3.802e+03	+1.000e+04	+0.325
4.000	+6.308e+03	+3.332e+03	+9.979e+03	+0.346
4.100	+7.604e+03	+2.980e+03	+8.660e+03	+0.282
4.200	+6.131e+03	+2.636e+03	+1.074e+04	+0.301
4.300	+6.505e+03	+3.069e+03	+9.838e+03	+0.321
4.400	+7.523e+03	+3.019e+03	+9.521e+03	+0.286
4.500	+6.764e+03	+2.905e+03	+1.098e+04	+0.300
4.600	+6.912e+03	+3.493e+02	+9.389e+03	+0.048
4.700	+5.468e+03	+2.770e+03	+9.177e+03	+0.336
4.800	+5.965e+03	+3.121e+03	+1.160e+04	+0.343
4.900	+7.137e+03	+2.780e+03	+8.953e+03	+0.280
5.000	+6.644e+03	+2.859e+03	+1.105e+04	+0.301
5.100	+6.746e+03	+2.415e+03	+1.015e+04	+0.264
5.200	+6.458e+03	+3.652e+03	+9.883e+03	+0.361
5.300	+7.135e+03	+2.132e+03	+1.014e+04	+0.230
5.400	+6.797e+03	+1.234e+03	+9.757e+03	+0.154
5.500	+6.510e+03	+4.550e+03	+1.027e+04	+0.411
5.600	+5.886e+03	+2.876e+03	+8.626e+03	+0.328
5.700	+5.438e+03	+5.387e+03	+9.650e+03	+0.498
5.800	+2.908e+03	+8.113e+03	+9.848e+03	+0.736
5.900	+3.367e+03	+6.535e+03	+9.818e+03	+0.660
6.000	+3.838e+03	+8.160e+03	+8.591e+03	+0.680
6.100	+6.075e+03	+5.899e+03	+1.009e+04	+0.493
6.200	+7.082e+03	+2.219e+03	+1.074e+04	+0.239
6.300	+7.021e+03	+3.353e+03	+1.064e+04	+0.323
6.400	+7.617e+03	+2.990e+03	+1.048e+04	+0.282
6.500	+6.538e+03	+3.076e+03	+1.024e+04	+0.320
6.600	+7.040e+03	+2.966e+03	+9.673e+03	+0.296
6.700	+5.272e+03	+5.532e+03	+1.007e+04	+0.512
6.800	+2.431e+03	+8.204e+03	+9.538e+03	+0.771
6.900	+3.488e+03	+6.292e+03	+1.040e+04	+0.643
7.000	+3.145e+03	+6.292e+03	+9.342e+03	+0.667
7.100	+3.541e+03	+8.533e+03	+8.201e+03	+0.707
7.200	+2.926e+03	+6.797e+03	+1.102e+04	+0.699
7.300	+4.231e+03	+6.144e+03	+1.034e+04	+0.592
7.400	+2.939e+03	+6.787e+03	+9.527e+03	+0.698
7.500	+2.225e+02	+7.345e+03	+9.970e+03	+0.971
7.600	+2.460e+03	+6.928e+03	+8.934e+03	+0.738
7.700	+4.500e+03	+4.479e+03	+8.747e+03	+0.499
7.800	+5.902e+03	+3.158e+03	+9.462e+03	+0.349
7.900	+7.459e+03	+1.987e+03	+9.833e+03	+0.210
8.000	+6.575e+03	+2.561e+03	+8.709e+03	+0.280
8.100	+7.432e+03	+3.148e+03	+1.037e+04	+0.298
8.200	+3.823e+03	+7.240e+03	+1.025e+04	+0.654
8.300	+3.636e+03	+6.837e+03	+1.111e+04	+0.653
8.400	+3.868e+03	+6.260e+03	+9.863e+03	+0.618
8.500	+2.386e+03	+7.164e+03	+9.590e+03	+0.750
8.600	+2.600e+03	+6.701e+03	+1.118e+04	+0.720
8.700	+2.867e+03	+8.196e+03	+1.000e+04	+0.741
8.800	+5.102e+03	+5.784e+03	+9.692e+03	+0.531
8.900	+6.869e+03	+2.928e+03	+1.100e+04	+0.299
9.000	+8.307e+03	+2.662e+03	+9.401e+03	+0.243
9.100	+8.002e+03	+4.013e+03	+9.914e+03	+0.334
9.200	+6.225e+03	+1.869e+03	+1.046e+04	+0.231
9.300	+6.534e+03	+3.367e+03	+1.046e+04	+0.340
9.400	+8.138e+03	+1.750e+03	+9.592e+03	+0.177
9.500	+7.183e+03	+2.288e+03	+8.858e+03	+0.242
9.600	+4.150e+03	+5.828e+03	+1.004e+04	+0.584
9.700	+2.870e+03	+7.291e+03	+1.150e+04	+0.718
9.800	+3.488e+03	+6.035e+03	+9.227e+03	+0.634
9.900	+4.185e+03	+6.693e+03	+1.034e+04	+0.615
10.000	+2.111e+03	+6.707e+03	+1.044e+04	+0.761
10.100	+3.989e+03	+5.636e+03	+1.003e+04	+0.586
10.200	+1.958e+03	+7.317e+03	+9.875e+03	+0.789
10.300	+2.536e+03	+7.250e+03	+1.137e+04	+0.741
10.400	+1.427e+03	+9.816e+03	+8.438e+03	+0.873
10.500	+2.591e+03	+6.833e+03	+9.472e+03	+0.725
10.600	+2.646e+03	+7.711e+03	+1.163e+04	+0.745
10.700	+1.339e+03	+8.235e+03	+8.385e+03	+0.860
10.800	+4.298e+03	+6.717e+03	+1.067e+04	+0.610
10.900	+2.319e+03	+6.848e+03	+9.693e+03	+0.747
11.000	+6.467e+03	+4.221e+03	+9.035e+03	+0.395
11.100	+6.319e+03	+1.930e+03	+9.794e+03	+0.234
11.200	+6.407e+03	+2.875e+03	+1.029e+04	+0.310
11.300	+5.575e+03	+2.730e+03	+1.069e+04	+0.329
11.400	+7.245e+03	+3.314e+03	+1.189e+04	+0.314
11.500	+8.350e+03	+3.086e+03	+9.837e+03	+0.270
11.600	+8.208e+03	+3.719e+03	+9.196e+03	+0.312
11.700	+6.751e+03	+2.444e+03	+9.264e+03	+0.266
11.800	+6.839e+03	+3.225e+03	+1.005e+04	+0.320
11.900	+7.261e+03	+3.383e+03	+1.032e+04	+0.318
12.000	+7.092e+03	+3.194e+03	+9.329e+03	+0.311
12.100	+4.911e+03	+4.693e+03	+1.002e+04	+0.489
12.200	+2.576e+03	+7.295e+03	+1.055e+04	+0.739
12.300	+2.906e+03	+5.732e+03	+8.948e+03	+0.664
12.400	+4.812e+03	+4.887e+03	+1.013e+04	+0.504
12.500	+7.502e+03	+3.949e+03	+9.432e+03	+0.345
12.600	+7.172e+03	+4.603e+03	+1.096e+04	+0.391
12.700	+2.597e+03	+5.589e+03	+8.524e+03	+0.683
12.800	+2.677e+03	+6.540e+03	+1.127e+04	+0.710
12.900	+3.848e+03	+6.540e+03	+1.054e+04	+0.630
13.000	+3.202e+03	+7.468e+03	+9.728e+03	+0.700
13.100	+3.286e+03	+5.805e+03	+1.161e+04	+0.639
13.200	+2.870e+03	+6.381e+03	+1.035e+04	+0.690
13.300	+2.981e+03	+6.796e+03	+1.140e+04	+0.695
13.400	+3.381e+03	+7.077e+03	+1.030e+04	+0.677
13.500	+1.687e+03	+6.719e+03	+9.885e+03	+0.799
13.600	+3.351e+03	+6.700e+03	+1.001e+04	+0.667
13.700	+5.536e+03	+2.727e+03	+1.139e+04	+0.330
13.800	+6.852e+03	+2.911e+03	+9.989e+03	+0.298
13.900	+5.949e+03	+2.404e+03	+9.188e+03	+0.288
14.000	+7.652e+03	+3.346e+03	+8.536e+03	+0.304
14.100	+7.713e+03	+4.884e+03	+1.002e+04	+0.388
14.200	+7.024e+03	+2.692e+03	+1.033e+04	+0.277
14.300	+5.629e+03	+2.061e+03	+9.697e+03	+0.268
14.400	+6.456e+03	+2.292e+03	+9.629e+03	+0.262
14.500	+6.733e+03	+4.180e+03	+9.008e+03	+0.383
14.600	+6.723e+03	+2.490e+03	+9.105e+03	+0.270
14.700	+5.954e+03	+2.011e+03	+9.854e+03	+0.253
14.800	+7.461e+03	+2.853e+03	+9.844e+03	+0.277
14.900	+6.316e+03	+2.531e+03	+1.106e+04	+0.286
15.000	+6.501e+03	+3.183e+03	+9.810e+03	+0.329
15.100	+6.414e+03	+2.749e+03	+8.797e+03	+0.300
15.200	+5.446e+03	+4.072e+03	+9.623e+03	+0.428
15.300	+7.993e+03	+2.944e+03	+1.075e+04	+0.269
15.400	+8.622e+03	+3.650e+03	+8.506e+03	+0.297
15.500	+6.621e+03	+1.924e+03	+1.158e+04	+0.225
15.600	+7.226e+03	+3.357e+03	+1.034e+04	+0.317
15.700	+8.483e+03	+3.419e+03	+1.003e+04	+0.287
15.800	+6.690e+03	+2.126e+03	+1.063e+04	+0.241
15.900	+6.535e+03	+3.560e+03	+1.011e+04	+0.353
16.000	+7.106e+03	+1.164e+03	+9.376e+03	+0.141
16.100	+7.682e+03	+3.722e+03	+1.127e+04	+0.326
16.200	+8.043e+03	+2.700e+03	+1.037e+04	+0.251
16.300	+7.634e+03	+2.811e+03	+9.401e+03	+0.269
16.400	+7.842e+03	+2.232e+03	+1.004e+04	+0.222
16.500	+6.937e+03	+4.881e+03	+1.120e+04	+0.413
16.600	+6.244e+03	+3.756e+03	+9.941e+03	+0.376
16.700	+8.354e+03	+3.000e+03	+9.954e+03	+0.264
16.800	+6.674e+03	+3.830e+03	+9.148e+03	+0.365
16.900	+5.853e+03	+3.839e+03	+1.009e+04	+0.396
17.000	+7.012e+03	+2.624e+03	+9.517e+03	+0.272
17.100	+8.466e+03	+2.981e+03	+9.600e+03	+0.260
17.200	+7.339e+03	+2.725e+03	+1.122e+04	+0.271
17.300	+6.310e+03	+2.541e+03	+1.118e+04	+0.287
17.400	+6.177e+03	+2.255e+03	+1.049e+04	+0.267
17.500	+7.998e+03	+2.791e+03	+9.940e+03	+0.259
17.600	+6.715e+03	+2.650e+03	+9.704e+03	+0.283
17.700	+7.249e+03	+2.940e+03	+1.025e+04	+0.289
17.800	+5.883e+03	+3.177e+03	+9.835e+03	+0.351
17.900	+5.036e+03	+2.463e+03	+9.312e+03	+0.328
18.000	+7.510e+03	+3.074e+03	+9.764e+03	+0.290
18.100	+6.059e+03	+2.663e+03	+9.238e+03	+0.305
18.200	+7.632e+03	+2.133e+03	+9.837e+03	+0.218
18.300	+6.008e+03	+1.435e+03	+8.328e+03	+0.193
18.400	+6.175e+03	+3.522e+03	+1.123e+04	+0.363
18.500	+4.050e+03	+6.240e+03	+1.122e+04	+0.606
18.600	+3.127e+03	+6.923e+03	+1.111e+04	+0.689
18.700	+4.141e+03	+6.890e+03	+1.053e+04	+0.625
18.800	+3.912e+03	+8.135e+03	+9.858e+03	+0.675
18.900	+3.336e+03	+7.213e+03	+8.614e+03	+0.684
19.000	+2.229e+03	+7.947e+03	+9.922e+03	+0.781
19.100	+4.870e+03	+4.989e+03	+1.002e+04	+0.506
19.200	+6.200e+03	+3.329e+03	+1.028e+04	+0.349
19.300	+7.083e+03	+2.839e+03	+8.737e+03	+0.286
19.400	+8.079e+03	+3.249e+03	+1.081e+04	+0.287
19.500	+7.068e+03	+2.242e+03	+9.986e+03	+0.241
19.600	+7.151e+03	+2.976e+03	+1.041e+04	+0.294
19.700	+6.577e+03	+3.039e+03	+9.829e+03	+0.316
19.800	+5.448e+03	+4.235e+03	+8.857e+03	+0.437
19.900	+6.762e+03	+2.275e+03	+1.026e+04	+0.252
20.000	+7.059e+03	+2.484e+03	+9.732e+03	+0.260
20.100	+7.002e+03	+2.693e+03	+9.514e+03	+0.278
20.200	+2.855e+03	+7.119e+03	+1.033e+04	+0.714
20.300	+3.592e+03	+6.427e+03	+1.088e+04	+0.641
20.400	+2.886e+03	+7.127e+03	+9.506e+03	+0.712
20.500	+5.434e+03	+5.270e+03	+1.022e+04	+0.492
20.600	+5.769e+03	+1.958e+03	+9.757e+03	+0.253
20.700	+6.978e+03	+1.640e+03	+1.018e+04	+0.190
20.800	+7.277e+03	+1.978e+03	+9.036e+03	+0.214
20.900	+6.263e+03	+2.135e+03	+8.500e+03	+0.254
21.000	+6.449e+03	+1.870e+03	+1.041e+04	+0.225
21.100	+7.375e+03	+3.089e+03	+8.373e+03	+0.295
21.200	+6.784e+03	+3.857e+03	+1.094e+04	+0.362
21.300	+6.621e+03	+2.861e+03	+9.838e+03	+0.302
21.400	+7.871e+03	+3.158e+03	+9.621e+03	+0.286
21.500	+6.977e+03	+3.581e+03	+1.052e+04	+0.339
21.600	+8.108e+03	+2.367e+03	+9.094e+03	+0.226
21.700	+5.119e+03	+2.594e+03	+9.755e+03	+0.336
21.800	+6.468e+03	+3.136e+03	+1.019e+04	+0.327
21.900	+6.607e+03	+1.962e+03	+1.072e+04	+0.229
22.000	+6.253e+03	+5.513e+02	+1.115e+04	+0.081
22.100	+7.101e+03	+2.246e+03	+9.129e+03	+0.240
22.200	+6.861e+03	+3.114e+03	+9.225e+03	+0.312
22.300	+8.029e+03	+3.130e+03	+1.068e+04	+0.280
22.400	+7.187e+03	+3.472e+03	+1.062e+04	+0.326
22.500	+5.979e+03	+1.466e+03	+9.895e+03	+0.197
22.600	+2.304e+03	+6.848e+03	+1.143e+04	+0.748
22.700	+3.257e+03	+6.704e+03	+1.007e+04	+0.673
22.800	+2.824e+03	+6.198e+03	+1.025e+04	+0.687
22.900	+3.779e+03	+5.864e+03	+9.900e+03	+0.608
23.000	+2.770e+03	+7.817e+03	+1.020e+04	+0.738
23.100	+2.647e+03	+6.850e+03	+9.222e+03	+0.721
23.200	+4.672e+03	+6.601e+03	+9.865e+03	+0.586
23.300	+3.313e+03	+6.178e+03	+1.072e+04	+0.651
23.400	+6.664e+03	+2.903e+03	+9.627e+03	+0.303
23.500	+7.350e+03	+1.939e+03	+8.435e+03	+0.209
23.600	+7.255e+03	+2.607e+03	+9.541e+03	+0.264
23.700	+7.443e+03	+2.780e+03	+9.390e+03	+0.272
23.800	+7.017e+03	+3.028e+03	+9.954e+03	+0.301
23.900	+6.472e+03	+1.851e+03	+1.023e+04	+0.222
24.000	+7.454e+03	+2.386e+03	+1.090e+04	+0.242
24.100	+7.070e+03	+2.642e+03	+1.125e+04	+0.272
24.200	+7.340e+03	+2.988e+03	+1.096e+04	+0.289
24.300	+6.628e+03	+3.136e+03	+1.057e+04	+0.321
24.400	+6.515e+03	+2.639e+03	+9.535e+03	+0.288
24.500	+6.799e+03	+2.281e+03	+9.778e+03	+0.251
24.600	+7.584e+03	+2.865e+03	+1.045e+04	+0.274
24.700	+7.791e+03	+2.263e+03	+9.196e+03	+0.225
24.800	+8.047e+03	+2.060e+03	+1.002e+04	+0.204
24.900	+8.019e+03	+1.842e+03	+1.043e+04	+0.187
25.000	+6.360e+03	+2.410e+03	+1.058e+04	+0.275
25.100	+7.704e+03	+3.414e+03	+9.928e+03	+0.307
25.200	+5.604e+03	+3.322e+03	+8.712e+03	+0.372
25.300	+6.579e+03	+3.090e+03	+8.975e+03	+0.320
25.400	+5.959e+03	+1.868e+03	+1.005e+04	+0.239
25.500	+5.201e+03	+2.698e+03	+8.554e+03	+0.342
25.600	+6.132e+03	+3.885e+03	+9.717e+03	+0.388
25.700	+7.514e+03	+3.231e+03	+1.123e+04	+0.301
25.800	+6.012e+03	+2.337e+03	+9.692e+03	+0.280
25.900	+6.458e+03	+3.376e+03	+9.739e+03	+0.343
26.000	+7.638e+03	+2.770e+03	+1.141e+04	+0.266
26.100	+7.638e+03	+2.605e+03	+1.044e+04	+0.254
26.200	+7.002e+03	+2.812e+03	+1.070e+04	+0.287
26.300	+7.446e+03	+2.183e+03	+8.999e+03	+0.227
26.400	+7.475e+03	+3.556e+03	+1.098e+04	+0.322
26.500	+5.896e+03	+3.483e+03	+1.077e+04	+0.371
26.600	+4.905e+03	+6.391e+03	+9.829e+03	+0.566
26.700	+3.755e+03	+6.527e+03	+1.001e+04	+0.635
26.800	+3.668e+03	+8.236e+03	+8.634e+03	+0.692
26.900	+2.353e+03	+6.259e+03	+9.806e+03	+0.727
27.000	+3.956e+03	+5.758e+03	+9.970e+03	+0.593
27.100	+6.990e+03	+3.221e+03	+1.001e+04	+0.315
27.200	+7.277e+03	+1.652e+03	+1.052e+04	+0.185
27.300	+6.438e+03	+4.727e+03	+1.033e+04	+0.423
27.400	+4.933e+03	+3.410e+03	+9.462e+03	+0.409
27.500	+7.575e+03	+1.901e+03	+9.628e+03	+0.201
27.600	+7.199e+03	+3.303e+03	+1.047e+04	+0.315
27.700	+7.695e+03	+2.899e+03	+1.052e+04	+0.274
27.800	+7.121e+03	+3.393e+03	+1.038e+04	+0.323
27.900	+6.813e+03	+2.795e+03	+1.133e+04	+0.291
28.000	+4.590e+03	+5.928e+03	+9.862e+03	+0.564
28.100	+2.674e+03	+8.623e+03	+1.032e+04	+0.763
28.200	+2.863e+03	+7.704e+03	+1.010e+04	+0.729
28.300	+3.110e+03	+8.280e+03	+9.033e+03	+0.727
28.400	+4.593e+03	+4.950e+03	+1.030e+04	+0.519
28.500	+4.442e+03	+7.505e+03	+9.414e+03	+0.628
28.600	+2.214e+03	+8.385e+03	+1.038e+04	+0.791
28.700	+3.444e+03	+7.257e+03	+9.597e+03	+0.678
28.800	+3.948e+03	+7.658e+03	+1.012e+04	+0.660
28.900	+2.312e+03	+8.220e+03	+9.934e+03	+0.780
29.000	+3.836e+03	+8.523e+03	+1.035e+04	+0.690
29.100	+2.851e+03	+6.936e+03	+1.087e+04	+0.709
29.200	+2.503e+03	+8.531e+03	+1.071e+04	+0.773
29.300	+2.613e+03	+6.373e+03	+1.056e+04	+0.709
29.400	+2.381e+03	+7.118e+03	+1.003e+04	+0.749
29.500	+2.899e+03	+7.747e+03	+1.129e+04	+0.728
29.600	+2.080e+03	+6.403e+03	+9.421e+03	+0.755
29.700	+5.426e+03	+4.186e+03	+9.670e+03	+0.436
29.800	+8.266e+03	+3.765e+03	+9.500e+03	+0.313
29.900	+7.873e+03	+3.238e+03	+9.972e+03	+0.291
30.000	+7.007e+03	+2.032e+03	+1.026e+04	+0.225
30.100	+7.612e+03	+1.851e+03	+1.101e+04	+0.196
30.200	+7.839e+03	+2.709e+03	+9.928e+03	+0.257
30.300	+6.775e+03	+2.003e+03	+9.170e+03	+0.228
30.400	+5.662e+03	+2.676e+03	+1.151e+04	+0.321
30.500	+7.973e+03	+2.645e+03	+1.081e+04	+0.249
30.600	+6.455e+03	+3.500e+03	+8.940e+03	+0.352
30.700	+6.938e+03	+4.299e+03	+1.020e+04	+0.383
30.800	+6.428e+03	+3.770e+03	+1.025e+04	+0.370
30.900	+2.877e+03	+6.781e+03	+9.275e+03	+0.702
31.000	+2.917e+03	+7.034e+03	+1.012e+04	+0.707
31.100	+3.450e+03	+6.441e+03	+9.007e+03	+0.651
31.200	+2.843e+03	+7.484e+03	+1.002e+04	+0.725
31.300	+1.574e+03	+6.708e+03	+9.352e+03	+0.810
31.400	+3.545e+03	+7.449e+03	+1.033e+04	+0.678
31.500	+2.355e+03	+6.590e+03	+1.014e+04	+0.737
31.600	+3.123e+03	+6.718e+03	+9.239e+03	+0.683
31.700	+4.701e+03	+7.045e+03	+8.671e+03	+0.600
31.800	+2.993e+03	+6.545e+03	+1.109e+04	+0.686
31.900	+3.241e+03	+5.947e+03	+1.163e+04	+0.647
32.000	+2.958e+03	+7.914e+03	+9.961e+03	+0.728
32.100	+5.089e+03	+3.343e+03	+9.904e+03	+0.396
32.200	+5.766e+03	+2.641e+03	+1.013e+04	+0.314
32.300	+6.559e+03	+2.727e+03	+1.033e+04	+0.294
32.400	+7.716e+03	+1.913e+03	+1.028e+04	+0.199
32.500	+5.893e+03	+2.274e+03	+1.076e+04	+0.278
32.600	+7.044e+03	+1.719e+03	+1.218e+04	+0.196
32.700	+6.781e+03	+2.734e+03	+1.214e+04	+0.287
32.800	+6.737e+03	+4.705e+03	+9.789e+03	+0.411
32.900	+1.631e+03	+8.435e+03	+8.022e+03	+0.838
33.000	+3.420e+03	+7.713e+03	+9.306e+03	+0.693
33.100	+3.596e+03	+7.676e+03	+9.551e+03	+0.681
33.200	+2.479e+03	+7.778e+03	+9.838e+03	+0.758
33.300	+4.377e+03	+6.282e+03	+9.988e+03	+0.589
33.400	+6.920e+03	+3.060e+03	+1.063e+04	+0.307
33.500	+8.082e+03	+1.696e+03	+9.561e+03	+0.173
33.600	+6.609e+03	+3.191e+03	+1.073e+04	+0.326
33.700	+5.708e+03	+3.439e+03	+1.041e+04	+0.376
33.800	+7.788e+03	+1.608e+03	+1.154e+04	+0.171
33.900	+5.627e+03	+4.136e+03	+1.003e+04	+0.424
34.000	+3.174e+03	+7.191e+03	+1.166e+04	+0.694
34.100	+3.460e+03	+8.487e+03	+9.915e+03	+0.710
34.200	+5.402e+03	+5.089e+03	+1.079e+04	+0.485
34.300	+6.623e+03	+4.630e+03	+1.201e+04	+0.411
34.400	+6.156e+03	+1.949e+03	+9.717e+03	+0.241
34.500	+3.665e+03	+7.087e+03	+9.157e+03	+0.659
34.600	+3.928e+03	+7.237e+03	+1.050e+04	+0.648
34.700	+2.489e+03	+6.055e+03	+7.980e+03	+0.709
34.800	+1.911e+03	+6.888e+03	+9.626e+03	+0.783
34.900	+3.088e+03	+6.685e+03	+1.095e+04	+0.684
35.000	+2.893e+03	+6.229e+03	+7.993e+03	+0.683
35.100	+3.353e+03	+5.959e+03	+9.049e+03	+0.640
35.200	+3.938e+03	+6.671e+03	+9.959e+03	+0.629
35.300	+8.944e+02	+7.725e+03	+9.892e+03	+0.896
35.400	+2.024e+03	+5.900e+03	+9.636e+03	+0.745
35.500	+1.555e+03	+7.484e+03	+1.105e+04	+0.828
35.600	+5.712e+03	+4.605e+03	+9.758e+03	+0.446
35.700	+7.942e+03	+2.497e+03	+9.508e+03	+0.239
35.800	+5.864e+03	+4.534e+03	+1.013e+04	+0.436
35.900	+3.533e+03	+7.561e+03	+1.068e+04	+0.682
36.000	+4.444e+03	+6.659e+03	+9.412e+03	+0.600
36.100	+2.426e+03	+7.110e+03	+1.053e+04	+0.746
36.200	+3.494e+03	+7.227e+03	+1.142e+04	+0.674
36.300	+1.440e+03	+5.853e+03	+9.873e+03	+0.803
36.400	+4.166e+03	+8.695e+03	+1.107e+04	+0.676
36.500	+3.531e+03	+6.537e+03	+1.007e+04	+0.649
36.600	+1.428e+03	+7.710e+03	+8.963e+03	+0.844
36.700	+4.283e+03	+7.053e+03	+9.964e+03	+0.622
36.800	+3.021e+03	+8.412e+03	+9.871e+03	+0.736
36.900	+5.762e+03	+3.845e+03	+1.018e+04	+0.400
37.000	+6.110e+03	+3.736e+03	+1.050e+04	+0.379
37.100	+5.947e+03	+4.623e+03	+1.005e+04	+0.437
37.200	+4.266e+03	+7.970e+03	+1.171e+04	+0.651
37.300	+3.416e+03	+7.681e+03	+9.108e+03	+0.692
37.400	+3.284e+03	+6.553e+03	+1.019e+04	+0.666
37.500	+3.350e+03	+8.050e+03	+9.926e+03	+0.706
37.600	+2.905e+03	+6.379e+03	+9.760e+03	+0.687
37.700	+4.748e+03	+6.445e+03	+1.002e+04	+0.576
37.800	+1.813e+03	+8.537e+03	+1.058e+04	+0.825
37.900	+4.024e+03	+7.363e+03	+1.014e+04	+0.647
38.000	+2.991e+03	+6.918e+03	+1.041e+04	+0.698
38.100	+2.224e+03	+6.951e+03	+1.083e+04	+0.758
38.200	+3.625e+03	+5.413e+03	+9.682e+03	+0.599
38.300	+1.912e+03	+6.753e+03	+1.051e+04	+0.779
38.400	+3.460e+03	+7.083e+03	+9.860e+03	+0.672
38.500	+2.799e+03	+7.547e+03	+9.102e+03	+0.729
38.600	+2.293e+03	+6.473e+03	+9.598e+03	+0.738
38.700	+3.439e+03	+7.678e+03	+1.079e+04	+0.691
38.800	+3.780e+03	+6.728e+03	+9.767e+03	+0.640
38.900	+4.526e+03	+6.776e+03	+1.099e+04	+0.600
39.000	+5.111e+03	+7.269e+03	+1.014e+04	+0.587
39.100	+2.982e+03	+6.032e+03	+1.018e+04	+0.669
39.200	+3.083e+03	+6.615e+03	+9.426e+03	+0.682
39.300	+3.462e+03	+6.957e+03	+1.024e+04	+0.668
39.400	+4.670e+03	+7.448e+03	+1.054e+04	+0.615
39.500	+1.677e+03	+6.791e+03	+1.014e+04	+0.802
39.600	+3.224e+03	+9.551e+03	+9.671e+03	+0.748
39.700	+3.184e+03	+7.657e+03	+9.038e+03	+0.706
39.800	+3.220e+03	+6.912e+03	+9.950e+03	+0.682
39.900	+3.185e+03	+6.619e+03	+1.041e+04	+0.675
40.000	+2.858e+03	+5.596e+03	+8.894e+03	+0.662
40.100	+9.422e+02	+6.670e+03	+9.075e+03	+0.876
40.200	+2.265e+03	+6.577e+03	+9.445e+03	+0.744
40.300	+2.533e+03	+5.607e+03	+1.022e+04	+0.689
40.400	+3.432e+03	+5.760e+03	+8.999e+03	+0.627
40.500	+1.746e+03	+7.338e+03	+1.147e+04	+0.808
40.600	+1.606e+03	+6.283e+03	+1.051e+04	+0.796
40.700	+4.532e+03	+6.748e+03	+1.093e+04	+0.598
40.800	+2.574e+03	+7.297e+03	+9.252e+03	+0.739
40.900	+3.053e+03	+7.475e+03	+1.003e+04	+0.710
41.000	+3.375e+03	+6.500e+03	+9.801e+03	+0.658
41.100	+3.942e+03	+7.206e+03	+1.002e+04	+0.646
41.200	+3.948e+03	+8.683e+03	+9.009e+03	+0.687
41.300	+1.859e+03	+7.292e+03	+9.502e+03	+0.797
41.400	+3.181e+03	+7.765e+03	+9.945e+03	+0.709
41.500	+9.379e+02	+7.122e+03	+1.095e+04	+0.884
41.600	+3.075e+03	+7.870e+03	+1.006e+04	+0.719
41.700	+3.372e+03	+6.923e+03	+9.599e+03	+0.672
41.800	+1.685e+03	+7.553e+03	+9.221e+03	+0.818
41.900	+3.113e+03	+7.455e+03	+9.373e+03	+0.705
42.000	+4.694e+03	+8.473e+03	+1.070e+04	+0.643
42.100	+3.961e+03	+7.095e+03	+9.676e+03	+0.642
42.200	+3.723e+03	+7.782e+03	+9.426e+03	+0.676
42.300	+1.826e+03	+6.847e+03	+1.000e+04	+0.789
42.400	+1.986e+03	+8.886e+03	+1.002e+04	+0.817
42.500	+1.456e+03	+6.054e+03	+1.067e+04	+0.806
42.600	+3.098e+03	+8.378e+03	+1.066e+04	+0.730
42.700	+2.910e+03	+7.720e+03	+1.038e+04	+0.726
42.800	+1.523e+03	+6.941e+03	+9.007e+03	+0.820
42.900	+3.439e+03	+8.359e+03	+9.717e+03	+0.709
43.000	+4.631e+03	+8.365e+03	+1.035e+04	+0.644
43.100	+3.580e+03	+7.270e+03	+9.858e+03	+0.670
43.200	+4.598e+03	+7.669e+03	+9.798e+03	+0.625
43.300	+3.353e+03	+6.008e+03	+8.328e+03	+0.642
43.400	+1.783e+03	+6.413e+03	+8.879e+03	+0.782
43.500	+2.089e+03	+7.391e+03	+1.085e+04	+0.780
43.600	+3.611e+03	+6.214e+03	+1.046e+04	+0.632
43.700	+2.704e+03	+6.517e+03	+9.766e+03	+0.707
43.800	+2.372e+03	+7.387e+03	+1.019e+04	+0.757
43.900	+2.454e+03	+6.728e+03	+1.024e+04	+0.733
44.000	+2.727e+03	+5.780e+03	+1.069e+04	+0.679
44.100	+2.496e+03	+7.995e+03	+1.019e+04	+0.762
44.200	+3.568e+03	+7.202e+03	+1.055e+04	+0.669
44.300	+3.630e+03	+5.649e+03	+1.090e+04	+0.609
44.400	+2.821e+03	+7.771e+03	+8.965e+03	+0.734
44.500	+4.168e+03	+6.941e+03	+9.724e+03	+0.625
44.600	+3.374e+03	+6.747e+03	+9.246e+03	+0.667
44.700	+1.726e+03	+7.339e+03	+9.295e+03	+0.810
44.800	+3.945e+03	+8.245e+03	+1.114e+04	+0.676
44.900	+2.632e+03	+6.628e+03	+9.035e+03	+0.716
45.000	+2.567e+03	+7.728e+03	+8.676e+03	+0.751
45.100	+1.452e+03	+6.513e+03	+9.816e+03	+0.818
45.200	+2.539e+03	+7.178e+03	+9.149e+03	+0.739
45.300	+2.577e+03	+8.020e+03	+1.059e+04	+0.757
45.400	+4.319e+03	+7.638e+03	+9.748e+03	+0.639
45.500	+3.540e+03	+8.203e+03	+1.052e+04	+0.699
45.600	+4.142e+03	+8.360e+03	+1.019e+04	+0.669
45.700	+2.494e+03	+6.823e+03	+9.615e+03	+0.732
45.800	+2.599e+03	+7.670e+03	+8.982e+03	+0.747
45.900	+1.893e+03	+6.978e+03	+9.603e+03	+0.787
46.000	+1.927e+03	+6.753e+03	+8.214e+03	+0.778
46.100	+3.986e+03	+8.199e+03	+1.007e+04	+0.673
46.200	+2.551e+03	+7.391e+03	+1.032e+04	+0.743
46.300	+2.543e+03	+6.697e+03	+1.078e+04	+0.725
46.400	+2.678e+03	+6.755e+03	+8.830e+03	+0.716
46.500	+1.387e+03	+6.921e+03	+1.033e+04	+0.833
46.600	+2.547e+03	+7.193e+03	+1.055e+04	+0.738
46.700	+2.612e+03	+6.979e+03	+1.071e+04	+0.728
46.800	+3.791e+03	+5.967e+03	+9.732e+03	+0.612
46.900	+3.614e+03	+5.998e+03	+1.037e+04	+0.624
47.000	+1.798e+03	+6.953e+03	+1.064e+04	+0.795
47.100	+2.548e+03	+8.537e+03	+9.025e+03	+0.770
47.200	+3.254e+03	+6.938e+03	+1.035e+04	+0.681
47.300	+2.577e+03	+6.964e+03	+1.165e+04	+0.730
47.400	+2.553e+03	+7.163e+03	+9.798e+03	+0.737
47.500	+4.646e+03	+6.984e+03	+8.251e+03	+0.601
47.600	+2.771e+03	+5.597e+03	+9.233e+03	+0.669
47.700	+2.554e+03	+6.878e+03	+9.039e+03	+0.729
47.800	+2.615e+03	+8.126e+03	+1.003e+04	+0.757
47.900	+2.329e+03	+7.461e+03	+1.052e+04	+0.762
48.000	+2.529e+03	+5.248e+03	+8.527e+03	+0.675
48.100	+3.329e+03	+7.348e+03	+1.038e+04	+0.688
48.200	+3.689e+03	+6.105e+03	+9.677e+03	+0.623
48.300	+3.762e+03	+8.792e+03	+1.060e+04	+0.700
48.400	+9.596e+02	+7.709e+03	+1.042e+04	+0.889
48.500	+3.578e+03	+6.226e+03	+1.053e+04	+0.635
48.600	+2.348e+03	+6.097e+03	+9.247e+03	+0.722
48.700	+3.038e+03	+5.226e+03	+9.490e+03	+0.632
48.800	+2.384e+03	+6.369e+03	+9.849e+03	+0.728
48.900	+2.953e+03	+6.182e+03	+1.027e+04	+0.677
49.000	+1.525e+03	+6.724e+03	+1.009e+04	+0.815
49.100	+2.289e+03	+6.851e+03	+8.917e+03	+0.750
49.200	+5.789e+03	+4.275e+03	+1.121e+04	+0.425
49.300	+7.372e+03	+2.844e+03	+8.226e+03	+0.278
49.400	+7.463e+03	+3.289e+03	+8.811e+03	+0.306
49.500	+7.445e+03	+1.839e+03	+1.147e+04	+0.198
49.600	+6.013e+03	+2.733e+03	+1.078e+04	+0.313
49.700	+7.116e+03	+2.982e+03	+8.796e+03	+0.295
49.800	+6.198e+03	+4.337e+03	+9.811e+03	+0.412
49.900	+7.960e+03	+3.769e+03	+9.227e+03	+0.321
50.000	+6.988e+03	+2.800e+03	+1.004e+04	+0.286
50.100	+7.406e+03	+3.184e+03	+9.561e+03	+0.301
50.200	+5.705e+03	+2.753e+03	+1.048e+04	+0.326
50.300	+6.891e+03	+3.589e+03	+1.005e+04	+0.342
50.400	+7.335e+03	+2.454e+03	+1.021e+04	+0.251
50.500	+5.977e+03	+3.056e+03	+1.022e+04	+0.338
50.600	+6.635e+03	+2.531e+03	+8.508e+03	+0.276
50.700	+6.582e+03	+2.382e+03	+1.077e+04	+0.266
50.800	+7.133e+03	+2.473e+03	+1.047e+04	+0.257
50.900	+6.787e+03	+4.127e+03	+1.002e+04	+0.378
51.000	+7.157e+03	+3.918e+03	+8.851e+03	+0.354
51.100	+7.546e+03	+2.396e+03	+1.052e+04	+0.241
51.200	+6.875e+03	+4.529e+03	+8.818e+03	+0.397
51.300	+6.950e+03	+3.898e+03	+1.022e+04	+0.359
51.400	+4.723e+03	+4.711e+03	+1.006e+04	+0.499
51.500	+3.071e+03	+7.295e+03	+9.719e+03	+0.704
51.600	+3.212e+03	+6.174e+03	+9.208e+03	+0.658
51.700	+1.842e+03	+7.409e+03	+1.035e+04	+0.801
51.800	+3.004e+03	+5.119e+03	+1.019e+04	+0.630
51.900	+3.146e+03	+8.117e+03	+1.104e+04	+0.721
52.000	+2.520e+03	+6.690e+03	+9.664e+03	+0.726
52.100	+2.923e+03	+6.822e+03	+1.022e+04	+0.700
52.200	+3.339e+03	+7.660e+03	+1.002e+04	+0.696
52.300	+2.288e+03	+6.644e+03	+9.118e+03	+0.744
52.400	+2.706e+03	+6.925e+03	+8.364e+03	+0.719
52.500	+6.762e+03	+2.597e+03	+1.006e+04	+0.277
52.600	+8.597e+03	+1.232e+03	+1.072e+04	+0.125
52.700	+6.067e+03	+4.607e+03	+9.204e+03	+0.432
52.800	+7.381e+03	+4.827e+03	+9.999e+03	+0.395
52.900	+6.941e+03	+3.253e+03	+1.100e+04	+0.319
53.000	+5.312e+03	+3.440e+03	+9.612e+03	+0.393
53.100	+6.808e+03	+3.605e+03	+9.585e+03	+0.346
53.200	+7.153e+03	+1.642e+03	+1.059e+04	+0.187
53.300	+7.674e+03	+3.427e+03	+1.008e+04	+0.309
53.400	+8.229e+03	+3.651e+03	+1.015e+04	+0.307
53.500	+8.169e+03	+2.779e+03	+7.560e+03	+0.254
53.600	+6.316e+03	+5.329e+03	+9.986e+03	+0.458
53.700	+3.188e+03	+6.316e+03	+1.007e+04	+0.665
53.800	+2.961e+03	+7.570e+03	+9.017e+03	+0.719
53.900	+5.944e+03	+4.105e+03	+1.062e+04	+0.408
54.000	+6.217e+03	+2.130e+03	+9.558e+03	+0.255
54.100	+7.837e+03	+3.752e+03	+1.023e+04	+0.324
54.200	+7.404e+03	+3.246e+03	+9.958e+03	+0.305
54.300	+5.437e+03	+4.082e+03	+1.051e+04	+0.429
54.400	+7.150e+03	+1.196e+03	+8.949e+03	+0.143
54.500	+5.966e+03	+1.625e+03	+1.038e+04	+0.214
54.600	+7.871e+03	+3.221e+03	+9.788e+03	+0.290
54.700	+7.782e+03	+3.561e+03	+1.026e+04	+0.314
54.800	+7.573e+03	+2.498e+03	+9.582e+03	+0.248
54.900	+7.777e+03	+1.616e+03	+9.210e+03	+0.172
55.000	+6.840e+03	+3.999e+03	+9.966e+03	+0.369
55.100	+3.001e+03	+6.325e+03	+1.018e+04	+0.678
55.200	+2.427e+03	+7.762e+03	+1.065e+04	+0.762
55.300	+3.697e+03	+6.367e+03	+1.073e+04	+0.633
55.400	+3.670e+03	+7.580e+03	+9.935e+03	+0.674
55.500	+3.928e+03	+6.877e+03	+1.007e+04	+0.636
55.600	+2.174e+03	+6.694e+03	+1.074e+04	+0.755
55.700	+4.151e+03	+6.600e+03	+1.088e+04	+0.614
55.800	+3.282e+03	+6.929e+03	+8.911e+03	+0.679
55.900	+1.798e+03	+5.847e+03	+1.083e+04	+0.765
56.000	+2.351e+03	+6.814e+03	+1.021e+04	+0.743
56.100	+2.662e+03	+6.780e+03	+9.809e+03	+0.718
56.200	+2.538e+03	+6.406e+03	+1.083e+04	+0.716
56.300	+2.847e+03	+6.323e+03	+9.407e+03	+0.690
56.400	+1.339e+03	+7.720e+03	+1.019e+04	+0.852
56.500	+1.408e+03	+6.562e+03	+8.629e+03	+0.823
56.600	+1.549e+03	+7.917e+03	+8.352e+03	+0.836
56.700	+2.869e+03	+7.822e+03	+1.068e+04	+0.732
56.800	+2.024e+03	+6.483e+03	+9.355e+03	+0.762
56.900	+6.440e+03	+3.456e+03	+9.315e+03	+0.349
57.000	+4.868e+03	+2.348e+03	+8.583e+03	+0.325
57.100	+7.118e+03	+3.706e+03	+1.027e+04	+0.342
57.200	+7.513e+03	+2.001e+03	+1.065e+04	+0.210
57.300	+5.102e+03	+2.870e+03	+9.161e+03	+0.360
57.400	+7.236e+03	+2.284e+03	+1.011e+04	+0.240
57.500	+6.122e+03	+2.425e+03	+1.053e+04	+0.284
57.600	+6.937e+03	+4.133e+03	+8.602e+03	+0.373
57.700	+6.322e+03	+2.756e+03	+1.099e+04	+0.304
57.800	+6.353e+03	+1.778e+03	+8.468e+03	+0.219
57.900	+7.178e+03	+2.561e+03	+1.043e+04	+0.263
58.000	+6.431e+03	+4.224e+03	+1.109e+04	+0.396
58.100	+7.479e+03	+3.058e+03	+1.022e+04	+0.290
58.200	+6.408e+03	+2.594e+03	+1.029e+04	+0.288
58.300	+7.232e+03	+2.721e+03	+1.060e+04	+0.273
58.400	+7.207e+03	+4.544e+03	+1.125e+04	+0.387
58.500	+6.172e+03	+2.944e+03	+1.036e+04	+0.323
58.600	+6.354e+03	+3.287e+03	+8.228e+03	+0.341
58.700	+6.483e+03	+2.690e+03	+1.101e+04	+0.293
58.800	+6.510e+03	+2.697e+03	+9.729e+03	+0.293
58.900	+4.700e+03	+7.711e+03	+1.021e+04	+0.621
59.000	+4.011e+03	+6.978e+03	+9.534e+03	+0.635
59.100	+4.102e+03	+6.630e+03	+9.901e+03	+0.618
59.200	+2.827e+03	+6.537e+03	+1.059e+04	+0.698
59.300	+2.476e+03	+7.373e+03	+9.007e+03	+0.749
59.400	+2.635e+03	+6.624e+03	+1.008e+04	+0.715
59.500	+3.520e+03	+7.950e+03	+1.003e+04	+0.693
59.600	+2.536e+03	+8.963e+03	+1.007e+04	+0.779
59.700	+3.381e+03	+7.117e+03	+8.224e+03	+0.678
59.800	+2.492e+03	+6.451e+03	+1.103e+04	+0.721
59.900	+3.255e+03	+6.786e+03	+9.770e+03	+0.676
60.000	+2.665e+03	+5.961e+03	+9.966e+03	+0.691
60.100	+2.339e+03	+7.935e+03	+1.020e+04	+0.772
60.200	+1.598e+03	+6.600e+03	+9.818e+03	+0.805
60.300	+5.693e+03	+5.353e+03	+1.021e+04	+0.485
60.400	+8.040e+03	+4.048e+03	+1.073e+04	+0.335
60.500	+6.482e+03	+1.935e+03	+9.396e+03	+0.230
60.600	+5.971e+03	+3.358e+03	+1.056e+04	+0.360
60.700	+7.977e+03	+3.370e+03	+1.056e+04	+0.297
60.800	+6.551e+03	+3.267e+03	+9.258e+03	+0.333
60.900	+8.185e+03	+3.456e+03	+9.078e+03	+0.297
61.000	+7.616e+03	+2.794e+03	+1.122e+04	+0.268
61.100	+5.875e+03	+4.404e+03	+1.015e+04	+0.428
61.200	+6.955e+03	+3.698e+03	+1.151e+04	+0.347
61.300	+8.118e+03	+2.375e+03	+1.020e+04	+0.226
61.400	+8.355e+03	+2.033e+03	+9.302e+03	+0.196
61.500	+7.667e+03	+3.008e+03	+9.062e+03	+0.282
61.600	+6.509e+03	+3.057e+03	+9.580e+03	+0.320
61.700	+6.851e+03	+2.792e+03	+9.546e+03	+0.290
61.800	+5.764e+03	+3.936e+03	+8.688e+03	+0.406
61.900	+7.596e+03	+1.867e+03	+1.081e+04	+0.197
62.000	+5.775e+03	+4.927e+03	+9.891e+03	+0.460
62.100	+5.375e+03	+6.055e+03	+9.106e+03	+0.530
62.200	+1.849e+03	+8.941e+03	+9.687e+03	+0.829
62.300	+2.728e+03	+6.487e+03	+1.047e+04	+0.704
62.400	+2.590e+03	+6.388e+03	+9.957e+03	+0.712
62.500	+2.762e+03	+6.423e+03	+1.055e+04	+0.699
62.600	+3.319e+03	+6.988e+03	+9.855e+03	+0.678
62.700	+3.402e+03	+6.341e+03	+8.453e+03	+0.651
62.800	+3.199e+03	+5.977e+03	+1.005e+04	+0.651
62.900	+3.204e+03	+6.913e+03	+1.028e+04	+0.683
63.000	+2.891e+03	+7.207e+03	+9.369e+03	+0.714
63.100	+3.780e+03	+5.919e+03	+1.062e+04	+0.610
63.200	+2.980e+03	+7.924e+03	+9.258e+03	+0.727
63.300	+3.100e+03	+7.247e+03	+1.066e+04	+0.700
63.400	+2.932e+03	+6.375e+03	+1.056e+04	+0.685
63.500	+2.660e+03	+7.655e+03	+9.254e+03	+0.742
63.600	+1.555e+03	+7.674e+03	+1.009e+04	+0.832
63.700	+1.840e+03	+6.535e+03	+8.458e+03	+0.780
63.800	+3.948e+03	+6.789e+03	+1.070e+04	+0.632
63.900	+2.224e+03	+5.178e+03	+1.033e+04	+0.700
64.000	+2.654e+03	+7.030e+03	+1.162e+04	+0.726
64.100	+3.074e+03	+7.433e+03	+9.473e+03	+0.707
64.200	+4.162e+03	+5.812e+03	+1.192e+04	+0.583
64.300	+4.142e+03	+8.515e+03	+9.416e+03	+0.673
64.400	+3.134e+03	+6.565e+03	+9.842e+03	+0.677
64.500	+6.293e+03	+3.401e+03	+9.756e+03	+0.351
64.600	+6.651e+03	+2.530e+03	+1.000e+04	+0.276
64.700	+6.869e+03	+2.679e+03	+9.547e+03	+0.281
64.800	+8.252e+03	+2.561e+03	+1.078e+04	+0.237
64.900	+5.878e+03	+3.367e+03	+1.208e+04	+0.364
65.000	+5.881e+03	+1.850e+03	+9.950e+03	+0.239
65.100	+7.468e+03	+3.265e+03	+9.143e+03	+0.304
65.200	+8.369e+03	+2.524e+03	+9.953e+03	+0.232
65.300	+6.656e+03	+4.432e+03	+9.925e+03	+0.400
65.400	+7.438e+03	+2.740e+03	+1.078e+04	+0.269
65.500	+6.268e+03	+2.768e+03	+1.110e+04	+0.306
65.600	+7.332e+03	+2.992e+03	+9.884e+03	+0.290
65.700	+6.572e+03	+2.259e+03	+1.001e+04	+0.256
65.800	+7.986e+03	+3.890e+03	+1.051e+04	+0.328
65.900	+7.521e+03	+2.845e+03	+9.230e+03	+0.274
66.000	+5.489e+03	+2.827e+03	+1.087e+04	+0.340
66.100	+7.621e+03	+3.105e+03	+1.010e+04	+0.289
66.200	+6.892e+03	+3.981e+03	+1.047e+04	+0.366
66.300	+6.841e+03	+3.919e+03	+1.002e+04	+0.364
66.400	+6.516e+03	+2.585e+03	+1.084e+04	+0.284
66.500	+6.998e+03	+2.659e+03	+1.116e+04	+0.275
66.600	+8.097e+03	+2.992e+03	+1.015e+04	+0.270
66.700	+7.233e+03	+3.085e+03	+1.134e+04	+0.299
66.800	+6.931e+03	+1.857e+03	+1.060e+04	+0.211
66.900	+7.158e+03	+3.394e+03	+9.275e+03	+0.322
67.000	+7.289e+03	+3.414e+03	+1.080e+04	+0.319
67.100	+8.214e+03	+2.813e+03	+1.061e+04	+0.255
67.200	+5.741e+03	+1.762e+03	+9.293e+03	+0.235
67.300	+6.160e+03	+2.965e+03	+9.463e+03	+0.325
67.400	+1.805e+03	+7.609e+03	+1.008e+04	+0.808
67.500	+2.307e+03	+6.133e+03	+1.035e+04	+0.727
67.600	+9.588e+02	+6.251e+03	+9.745e+03	+0.867
67.700	+2.399e+03	+6.964e+03	+1.135e+04	+0.744
67.800	+3.988e+03	+6.038e+03	+9.537e+03	+0.602
67.900	+3.725e+03	+7.740e+03	+9.441e+03	+0.675
68.000	+2.995e+03	+6.974e+03	+9.873e+03	+0.700
68.100	+3.615e+03	+8.538e+03	+9.425e+03	+0.703
68.200	+3.068e+03	+6.629e+03	+9.495e+03	+0.684
68.300	+2.117e+03	+9.430e+03	+1.169e+04	+0.817
68.400	+1.411e+03	+6.626e+03	+9.477e+03	+0.824
68.500	+2.201e+03	+6.832e+03	+1.061e+04	+0.756
68.600	+2.180e+03	+7.127e+03	+1.017e+04	+0.766
68.700	+3.253e+03	+6.782e+03	+1.001e+04	+0.676
68.800	+2.134e+03	+7.877e+03	+9.816e+03	+0.787
68.900	+3.473e+03	+7.303e+03	+9.415e+03	+0.678
69.000	+2.626e+03	+6.158e+03	+1.066e+04	+0.701
69.100	+2.726e+03	+6.891e+03	+9.880e+03	+0.717
69.200	+2.676e+03	+5.534e+03	+1.015e+04	+0.674
69.300	+4.159e+03	+7.411e+03	+9.552e+03	+0.641
69.400	+2.443e+03	+6.849e+03	+1.227e+04	+0.737
69.500	+4.103e+03	+7.741e+03	+9.605e+03	+0.654
69.600	+2.126e+03	+5.311e+03	+1.103e+04	+0.714
69.700	+4.209e+03	+5.928e+03	+1.023e+04	+0.585
69.800	+2.296e+03	+7.385e+03	+9.447e+03	+0.763
69.900	+4.548e+03	+8.069e+03	+9.899e+03	+0.640
70.000	+4.046e+03	+8.074e+03	+9.420e+03	+0.666
70.100	+2.337e+03	+7.306e+03	+9.630e+03	+0.758
70.200	+3.556e+03	+7.173e+03	+9.215e+03	+0.669
70.300	+2.772e+03	+6.177e+03	+1.041e+04	+0.690
70.400	+3.332e+03	+6.252e+03	+1.047e+04	+0.652
70.500	+3.029e+03	+7.085e+03	+9.263e+03	+0.701
70.600	+1.674e+03	+7.791e+03	+9.987e+03	+0.823
70.700	+2.761e+03	+6.946e+03	+1.042e+04	+0.716
70.800	+2.623e+03	+5.163e+03	+1.043e+04	+0.663
70.900	+7.053e+03	+3.591e+03	+9.072e+03	+0.337
71.000	+7.327e+03	+3.204e+03	+8.054e+03	+0.304
71.100	+8.463e+03	+2.474e+03	+1.088e+04	+0.226
71.200	+7.056e+03	+4.156e+03	+1.051e+04	+0.371
71.300	+8.073e+03	+3.687e+03	+1.017e+04	+0.314
71.400	+6.621e+03	+1.374e+03	+9.205e+03	+0.172
71.500	+5.692e+03	+3.143e+03	+9.261e+03	+0.356
71.600	+7.053e+03	+2.894e+03	+9.425e+03	+0.291
71.700	+6.949e+03	+3.613e+03	+1.151e+04	+0.342
71.800	+7.863e+03	+2.164e+03	+9.382e+03	+0.216
71.900	+6.496e+03	+3.626e+03	+1.083e+04	+0.358
72.000	+6.340e+03	+3.529e+03	+9.972e+03	+0.358
72.100	+6.441e+03	+2.931e+03	+8.924e+03	+0.313
72.200	+6.242e+03	+3.947e+03	+1.017e+04	+0.387
72.300	+6.943e+03	+2.532e+03	+8.799e+03	+0.267
72.400	+6.001e+03	+2.084e+03	+9.135e+03	+0.258
72.500	+7.894e+03	+3.074e+03	+9.405e+03	+0.280
72.600	+8.479e+03	+2.733e+03	+1.072e+04	+0.244
72.700	+7.313e+03	+3.103e+03	+9.202e+03	+0.298
72.800	+7.289e+03	+3.193e+03	+9.884e+03	+0.305
72.900	+2.765e+03	+7.813e+03	+7.857e+03	+0.739
73.000	+2.177e+03	+6.058e+03	+9.562e+03	+0.736
73.100	+3.029e+03	+6.209e+03	+1.088e+04	+0.672
73.200	+1.787e+03	+7.075e+03	+1.038e+04	+0.798
73.300	+2.078e+03	+7.933e+03	+9.389e+03	+0.792
73.400	+3.535e+03	+6.522e+03	+8.357e+03	+0.649
73.500	+3.784e+03	+6.272e+03	+1.014e+04	+0.624
73.600	+3.050e+03	+6.160e+03	+1.056e+04	+0.669
73.700	+4.192e+03	+5.531e+03	+8.711e+03	+0.569
73.800	+3.692e+03	+6.190e+03	+9.150e+03	+0.626
73.900	+3.037e+03	+5.249e+03	+1.125e+04	+0.633
74.000	+2.450e+03	+6.713e+03	+9.181e+03	+0.733
74.100	+2.692e+03	+6.026e+03	+8.825e+03	+0.691
74.200	+2.324e+03	+7.585e+03	+1.075e+04	+0.765
74.300	+3.725e+03	+7.562e+03	+9.913e+03	+0.670
74.400	+3.804e+03	+7.355e+03	+1.092e+04	+0.659
74.500	+3.041e+03	+6.117e+03	+1.021e+04	+0.668
74.600	+3.080e+03	+5.755e+03	+1.137e+04	+0.651
74.700	+2.843e+03	+7.497e+03	+9.511e+03	+0.725
74.800	+2.979e+03	+6.785e+03	+1.073e+04	+0.695
74.900	+4.103e+03	+5.218e+03	+1.042e+04	+0.560
75.000	+1.399e+03	+4.350e+03	+1.058e+04	+0.757
75.100	+2.618e+03	+6.715e+03	+9.391e+03	+0.719
75.200	+4.054e+03	+6.596e+03	+9.141e+03	+0.619
75.300	+3.299e+03	+7.638e+03	+9.959e+03	+0.698
75.400	+2.514e+03	+6.240e+03	+1.011e+04	+0.713
75.500	+2.439e+03	+8.238e+03	+8.896e+03	+0.772
75.600	+2.675e+03	+6.788e+03	+9.947e+03	+0.717
75.700	+3.384e+03	+6.110e+03	+1.032e+04	+0.644
75.800	+3.032e+03	+5.812e+03	+9.104e+03	+0.657
75.900	+3.363e+03	+6.812e+03	+1.055e+04	+0.669
76.000	+3.721e+03	+7.109e+03	+9.118e+03	+0.656
76.100	+2.899e+03	+5.714e+03	+9.218e+03	+0.663
76.200	+2.788e+03	+8.124e+03	+1.092e+04	+0.745
76.300	+2.767e+03	+8.378e+03	+1.010e+04	+0.752
76.400	+3.652e+03	+7.758e+03	+1.016e+04	+0.680
76.500	+2.845e+03	+6.040e+03	+1.059e+04	+0.680
76.600	+2.487e+03	+6.376e+03	+1.134e+04	+0.719
76.700	+3.844e+03	+6.132e+03	+9.766e+03	+0.615
76.800	+6.636e+03	+2.161e+03	+9.725e+03	+0.246
76.900	+5.028e+03	+3.827e+03	+1.138e+04	+0.432
77.000	+7.255e+03	+3.421e+03	+9.929e+03	+0.320
77.100	+6.826e+03	+2.219e+03	+9.456e+03	+0.245
