%t (s)	Idd (a.u.)	Ida (a.u.)	Iaa (a.u.)	FRET E
0.000	+6.617e+03	+2.077e+03	+1.086e+04	+0.239
0.100	+6.569e+03	+1.707e+03	+1.071e+04	+0.206
0.200	+6.966e+03	+2.823e+03	+1.060e+04	+0.288
0.300	+5.775e+03	+2.260e+03	+9.790e+03	+0.281
0.400	+6.422e+03	+2.975e+03	+1.006e+04	+0.317
0.500	+6.799e+03	+3.011e+03	+1.007e+04	+0.307
0.600	+6.882e+03	+3.458e+03	+9.695e+03	+0.334
0.700	+6.637e+03	+3.750e+03	+1.122e+04	+0.361
0.800	+5.651e+03	+3.350e+03	+9.823e+03	+0.372
0.900	+2.126e+03	+8.218e+03	+9.292e+03	+0.794
1.000	+4.123e+03	+8.442e+03	+9.911e+03	+0.672
1.100	+3.011e+03	+5.883e+03	+9.590e+03	+0.661
1.200	+2.889e+03	+6.807e+03	+1.022e+04	+0.702
1.300	+6.059e+03	+4.492e+03	+1.010e+04	+0.426
1.400	+7.329e+03	+1.965e+03	+1.001e+04	+0.211
1.500	+6.654e+03	+4.329e+03	+1.040e+04	+0.394
1.600	+7.250e+03	+3.898e+03	+9.797e+03	+0.350
1.700	+6.126e+03	+2.915e+03	+1.011e+04	+0.322
1.800	+7.477e+03	+3.959e+03	+9.287e+03	+0.346
1.900	+5.760e+03	+3.313e+03	+1.029e+04	+0.365
2.000	+6.061e+03	+4.397e+03	+1.123e+04	+0.420
2.100	+7.942e+03	+1.382e+03	+1.038e+04	+0.148
2.200	+7.830e+03	+2.774e+03	+9.768e+03	+0.262
2.300	+6.877e+03	+3.006e+03	+1.044e+04	+0.304
2.400	+6.202e+03	+4.403e+03	+9.117e+03	+0.415
2.500	+8.136e+03	+3.434e+03	+1.040e+04	+0.297
2.600	+6.788e+03	+1.671e+03	+9.755e+03	+0.198
2.700	+6.331e+03	+2.299e+03	+1.124e+04	+0.266
2.800	+6.444e+03	+3.373e+03	+1.096e+04	+0.344
2.900	+7.366e+03	+1.768e+03	+8.917e+03	+0.194
3.000	+6.842e+03	+2.797e+03	+9.740e+03	+0.290
3.100	+7.209e+03	+2.729e+03	+8.929e+03	+0.275
3.200	+7.191e+03	+4.644e+03	+1.015e+04	+0.392
3.300	+6.191e+03	+3.671e+03	+9.757e+03	+0.372
3.400	+6.502e+03	+2.429e+03	+1.058e+04	+0.272
3.500	+7.350e+03	+4.021e+03	+9.475e+03	+0.354
3.600	+6.989e+03	+3.183e+03	+1.048e+04	+0.313
3.700	+6.390e+03	+4.134e+03	+1.010e+04	+0.393
3.800	+7.804e+03	+2.518e+03	+1.067e+04	+0.244
3.900	+8.039e+03	+2.684e+03	+1.024e+04	+0.250
4.000	+6.410e+03	+3.985e+03	+9.825e+03	+0.383
4.100	+7.028e+03	+3.113e+03	+8.580e+03	+0.307
4.200	+7.315e+03	+3.435e+03	+8.464e+03	+0.320
4.300	+7.039e+03	+2.771e+03	+9.602e+03	+0.282
4.400	+7.466e+03	+3.037e+03	+8.370e+03	+0.289
4.500	+7.895e+03	+3.535e+03	+9.381e+03	+0.309
4.600	+6.902e+03	+4.107e+03	+1.035e+04	+0.373
4.700	+7.003e+03	+3.713e+03	+9.310e+03	+0.347
4.800	+8.396e+03	+2.200e+03	+1.044e+04	+0.208
4.900	+7.746e+03	+2.999e+03	+8.550e+03	+0.279
5.000	+6.290e+03	+1.847e+03	+9.514e+03	+0.227
5.100	+7.335e+03	+2.900e+03	+1.041e+04	+0.283
5.200	+7.251e+03	+2.064e+03	+9.475e+03	+0.222
5.300	+6.511e+03	+2.481e+03	+8.930e+03	+0.276
5.400	+7.106e+03	+3.724e+03	+1.021e+04	+0.344
5.500	+3.449e+03	+6.687e+03	+1.024e+04	+0.660
5.600	+2.495e+03	+7.019e+03	+1.011e+04	+0.738
5.700	+3.421e+03	+6.663e+03	+9.523e+03	+0.661
5.800	+3.969e+03	+5.884e+03	+9.895e+03	+0.597
5.900	+3.418e+03	+6.691e+03	+1.032e+04	+0.662
6.000	+2.208e+03	+6.663e+03	+9.890e+03	+0.751
6.100	+3.430e+03	+6.626e+03	+1.002e+04	+0.659
6.200	+2.903e+03	+7.868e+03	+9.734e+03	+0.731
6.300	+2.819e+03	+6.809e+03	+1.078e+04	+0.707
6.400	+3.142e+03	+6.717e+03	+9.893e+03	+0.681
6.500	+2.368e+03	+7.783e+03	+1.032e+04	+0.767
6.600	+3.856e+03	+6.993e+03	+9.027e+03	+0.645
6.700	+1.580e+03	+7.493e+03	+9.645e+03	+0.826
6.800	+2.725e+03	+6.235e+03	+9.431e+03	+0.696
6.900	+1.530e+03	+7.518e+03	+1.064e+04	+0.831
7.000	+2.856e+03	+6.766e+03	+1.136e+04	+0.703
7.100	+3.095e+03	+6.944e+03	+9.110e+03	+0.692
7.200	+1.753e+03	+7.441e+03	+1.059e+04	+0.809
7.300	+3.070e+03	+6.758e+03	+9.431e+03	+0.688
7.400	+1.888e+03	+6.470e+03	+9.581e+03	+0.774
7.500	+3.504e+03	+7.415e+03	+9.985e+03	+0.679
7.600	+3.601e+03	+6.942e+03	+9.323e+03	+0.658
7.700	+2.030e+03	+7.292e+03	+1.103e+04	+0.782
7.800	+2.665e+03	+6.517e+03	+8.921e+03	+0.710
7.900	+2.962e+03	+7.320e+03	+1.004e+04	+0.712
8.000	+2.198e+03	+7.212e+03	+1.005e+04	+0.766
8.100	+3.245e+03	+5.985e+03	+1.038e+04	+0.648
8.200	+2.388e+03	+7.394e+03	+1.026e+04	+0.756
8.300	+1.829e+03	+7.129e+03	+1.091e+04	+0.796
8.400	+4.739e+03	+7.702e+03	+9.272e+03	+0.619
8.500	+3.787e+03	+8.185e+03	+1.125e+04	+0.684
8.600	+5.285e+03	+8.150e+03	+1.118e+04	+0.607
8.700	+2.642e+03	+5.886e+03	+9.367e+03	+0.690
8.800	+2.319e+03	+8.371e+03	+9.368e+03	+0.783
8.900	+2.937e+03	+6.649e+03	+1.070e+04	+0.694
9.000	+3.993e+03	+6.839e+03	+9.826e+03	+0.631
9.100	+2.478e+03	+5.446e+03	+9.777e+03	+0.687
9.200	+2.380e+03	+6.582e+03	+9.144e+03	+0.734
9.300	+3.007e+03	+6.832e+03	+1.026e+04	+0.694
9.400	+3.138e+03	+7.596e+03	+1.000e+04	+0.708
9.500	+3.524e+03	+7.682e+03	+8.497e+03	+0.686
9.600	+2.969e+03	+6.568e+03	+9.891e+03	+0.689
9.700	+3.260e+03	+6.895e+03	+9.631e+03	+0.679
9.800	+2.748e+03	+5.681e+03	+1.036e+04	+0.674
9.900	+3.572e+03	+6.024e+03	+9.760e+03	+0.628
10.000	+3.167e+03	+6.633e+03	+9.696e+03	+0.677
10.100	+3.052e+03	+6.238e+03	+8.857e+03	+0.671
10.200	+3.253e+03	+6.840e+03	+1.133e+04	+0.678
10.300	+3.667e+03	+7.353e+03	+1.008e+04	+0.667
10.400	+1.385e+03	+5.339e+03	+1.056e+04	+0.794
10.500	+3.005e+03	+6.763e+03	+9.416e+03	+0.692
10.600	+4.749e+03	+5.890e+03	+1.097e+04	+0.554
10.700	+4.808e+03	+7.188e+03	+1.048e+04	+0.599
10.800	+2.803e+03	+7.608e+03	+9.164e+03	+0.731
10.900	+4.737e+03	+5.986e+03	+9.144e+03	+0.558
11.000	+7.983e+03	+3.528e+03	+1.015e+04	+0.307
11.100	+7.309e+03	+2.360e+03	+9.678e+03	+0.244
11.200	+6.855e+03	+2.535e+03	+1.043e+04	+0.270
11.300	+7.210e+03	+2.770e+03	+9.658e+03	+0.278
11.400	+5.131e+03	+4.234e+03	+9.720e+03	+0.452
11.500	+2.497e+03	+5.787e+03	+9.349e+03	+0.699
11.600	+2.213e+03	+8.420e+03	+1.211e+04	+0.792
11.700	+3.947e+03	+6.066e+03	+9.669e+03	+0.606
11.800	+3.616e+03	+7.634e+03	+1.082e+04	+0.679
11.900	+2.056e+03	+6.680e+03	+1.003e+04	+0.765
12.000	+1.976e+03	+6.949e+03	+9.623e+03	+0.779
12.100	+2.262e+03	+7.215e+03	+9.386e+03	+0.761
12.200	+1.919e+03	+8.536e+03	+8.605e+03	+0.816
12.300	+3.319e+03	+6.469e+03	+1.098e+04	+0.661
12.400	+1.611e+03	+6.417e+03	+1.105e+04	+0.799
12.500	+6.684e+03	+3.797e+03	+9.800e+03	+0.362
12.600	+6.359e+03	+2.768e+03	+8.665e+03	+0.303
12.700	+6.815e+03	+2.525e+03	+1.055e+04	+0.270
12.800	+4.444e+03	+4.420e+03	+1.003e+04	+0.499
12.900	+3.013e+03	+7.595e+03	+1.029e+04	+0.716
13.000	+3.235e+03	+7.345e+03	+1.055e+04	+0.694
13.100	+3.951e+03	+8.448e+03	+9.910e+03	+0.681
13.200	+2.015e+03	+7.805e+03	+1.032e+04	+0.795
13.300	+2.687e+03	+6.529e+03	+1.142e+04	+0.708
13.400	+2.852e+03	+8.498e+03	+1.038e+04	+0.749
13.500	+3.182e+03	+7.206e+03	+1.037e+04	+0.694
13.600	+1.569e+03	+6.752e+03	+1.002e+04	+0.811
13.700	+2.663e+03	+6.098e+03	+9.900e+03	+0.696
13.800	+3.486e+03	+6.742e+03	+8.232e+03	+0.659
13.900	+3.038e+03	+5.705e+03	+9.607e+03	+0.653
14.000	+3.156e+03	+6.727e+03	+1.021e+04	+0.681
14.100	+3.176e+03	+6.566e+03	+1.083e+04	+0.674
14.200	+1.285e+03	+7.348e+03	+9.404e+03	+0.851
14.300	+2.832e+03	+6.897e+03	+8.721e+03	+0.709
14.400	+3.369e+03	+8.665e+03	+1.044e+04	+0.720
14.500	+3.651e+03	+7.728e+03	+9.897e+03	+0.679
14.600	+2.847e+03	+7.449e+03	+1.063e+04	+0.724
14.700	+2.680e+03	+6.699e+03	+1.103e+04	+0.714
14.800	+3.621e+03	+8.434e+03	+1.109e+04	+0.700
14.900	+2.497e+03	+5.964e+03	+9.601e+03	+0.705
15.000	+2.732e+03	+7.217e+03	+8.913e+03	+0.725
15.100	+2.090e+03	+5.959e+03	+9.405e+03	+0.740
15.200	+4.883e+02	+7.253e+03	+1.145e+04	+0.937
15.300	+4.564e+03	+7.718e+03	+9.599e+03	+0.628
15.400	+3.767e+03	+7.643e+03	+9.289e+03	+0.670
15.500	+2.265e+03	+6.943e+03	+1.195e+04	+0.754
15.600	+1.517e+03	+7.209e+03	+8.793e+03	+0.826
15.700	+2.206e+03	+6.228e+03	+1.001e+04	+0.738
15.800	+2.330e+03	+7.146e+03	+1.137e+04	+0.754
15.900	+2.637e+03	+7.009e+03	+1.095e+04	+0.727
16.000	+1.632e+03	+6.816e+03	+1.016e+04	+0.807
16.100	+1.538e+03	+6.695e+03	+1.142e+04	+0.813
16.200	+8.808e+02	+6.445e+03	+9.260e+03	+0.880
16.300	+6.088e+03	+4.496e+03	+1.010e+04	+0.425
16.400	+6.566e+03	+3.789e+03	+9.413e+03	+0.366
16.500	+6.946e+03	+3.921e+03	+8.910e+03	+0.361
16.600	+1.732e+03	+7.612e+03	+1.058e+04	+0.815
16.700	+2.827e+03	+6.883e+03	+1.131e+04	+0.709
16.800	+2.805e+03	+7.055e+03	+1.010e+04	+0.715
16.900	+2.684e+03	+6.878e+03	+1.115e+04	+0.719
17.000	+4.504e+03	+7.094e+03	+9.803e+03	+0.612
17.100	+1.935e+03	+7.697e+03	+1.121e+04	+0.799
17.200	+3.633e+03	+7.856e+03	+9.990e+03	+0.684
17.300	+2.544e+03	+6.527e+03	+9.498e+03	+0.720
17.400	+1.823e+03	+5.699e+03	+1.064e+04	+0.758
17.500	+2.491e+03	+6.870e+03	+1.043e+04	+0.734
17.600	+2.925e+03	+7.890e+03	+9.754e+03	+0.730
17.700	+2.046e+03	+7.280e+03	+9.789e+03	+0.781
17.800	+2.584e+03	+7.524e+03	+1.006e+04	+0.744
17.900	+6.250e+03	+4.107e+03	+1.019e+04	+0.397
18.000	+7.152e+03	+2.742e+03	+9.979e+03	+0.277
18.100	+7.251e+03	+3.480e+03	+9.978e+03	+0.324
18.200	+7.604e+03	+3.394e+03	+1.010e+04	+0.309
18.300	+4.296e+03	+4.511e+03	+9.705e+03	+0.512
18.400	+4.541e+03	+6.522e+03	+9.603e+03	+0.590
18.500	+3.014e+03	+5.447e+03	+1.075e+04	+0.644
18.600	+2.492e+03	+6.633e+03	+1.104e+04	+0.727
18.700	+3.874e+03	+8.005e+03	+1.020e+04	+0.674
18.800	+3.250e+03	+6.288e+03	+1.057e+04	+0.659
18.900	+2.482e+03	+6.203e+03	+1.095e+04	+0.714
19.000	+3.217e+03	+7.299e+03	+8.758e+03	+0.694
19.100	+2.409e+03	+6.623e+03	+1.023e+04	+0.733
19.200	+3.059e+03	+6.826e+03	+1.217e+04	+0.691
19.300	+3.121e+03	+7.357e+03	+9.727e+03	+0.702
19.400	+2.239e+03	+6.096e+03	+1.031e+04	+0.731
19.500	+2.887e+03	+6.752e+03	+1.129e+04	+0.701
19.600	+2.230e+03	+6.905e+03	+1.107e+04	+0.756
19.700	+2.962e+03	+6.642e+03	+9.537e+03	+0.692
19.800	+7.030e+03	+3.572e+03	+8.394e+03	+0.337
19.900	+7.006e+03	+3.203e+03	+9.805e+03	+0.314
20.000	+7.179e+03	+4.206e+03	+1.061e+04	+0.369
20.100	+7.047e+03	+2.957e+03	+9.783e+03	+0.296
20.200	+5.894e+03	+3.399e+03	+9.807e+03	+0.366
20.300	+7.403e+03	+4.534e+03	+9.570e+03	+0.380
20.400	+8.733e+03	+3.580e+03	+1.184e+04	+0.291
20.500	+6.391e+03	+2.542e+03	+7.936e+03	+0.285
20.600	+6.372e+03	+3.195e+03	+1.107e+04	+0.334
20.700	+7.694e+03	+3.447e+03	+1.012e+04	+0.309
20.800	+6.607e+03	+3.264e+03	+1.028e+04	+0.331
20.900	+6.300e+03	+2.896e+03	+9.408e+03	+0.315
21.000	+7.050e+03	+3.163e+03	+9.061e+03	+0.310
21.100	+8.070e+03	+2.138e+03	+1.045e+04	+0.209
21.200	+6.922e+03	+3.048e+03	+9.024e+03	+0.306
21.300	+6.085e+03	+3.837e+03	+1.044e+04	+0.387
21.400	+3.658e+03	+6.916e+03	+9.580e+03	+0.654
21.500	+3.159e+03	+6.980e+03	+1.021e+04	+0.688
21.600	+3.784e+03	+6.305e+03	+1.058e+04	+0.625
21.700	+3.038e+03	+6.618e+03	+1.024e+04	+0.685
21.800	+4.103e+03	+6.206e+03	+1.112e+04	+0.602
21.900	+2.313e+03	+5.238e+03	+9.929e+03	+0.694
22.000	+2.868e+03	+7.877e+03	+1.016e+04	+0.733
22.100	+3.451e+03	+6.749e+03	+8.825e+03	+0.662
22.200	+4.456e+03	+6.866e+03	+9.080e+03	+0.606
22.300	+2.952e+03	+7.451e+03	+9.489e+03	+0.716
22.400	+2.167e+03	+7.131e+03	+1.038e+04	+0.767
22.500	+3.337e+03	+7.248e+03	+9.828e+03	+0.685
22.600	+1.986e+03	+7.391e+03	+1.032e+04	+0.788
22.700	+2.332e+03	+7.370e+03	+1.029e+04	+0.760
22.800	+1.882e+03	+5.960e+03	+8.383e+03	+0.760
22.900	+4.143e+03	+6.130e+03	+1.093e+04	+0.597
23.000	+3.755e+03	+7.688e+03	+1.086e+04	+0.672
23.100	+1.106e+03	+7.558e+03	+1.087e+04	+0.872
23.200	+4.543e+03	+6.805e+03	+1.117e+04	+0.600
23.300	+3.797e+03	+6.841e+03	+1.005e+04	+0.643
23.400	+2.102e+03	+7.937e+03	+9.928e+03	+0.791
23.500	+9.323e+02	+6.984e+03	+9.589e+03	+0.882
23.600	+2.829e+03	+6.763e+03	+9.718e+03	+0.705
23.700	+6.198e+03	+4.833e+03	+1.048e+04	+0.438
23.800	+6.864e+03	+2.633e+03	+1.017e+04	+0.277
23.900	+6.628e+03	+3.176e+03	+1.087e+04	+0.324
24.000	+6.748e+03	+1.698e+03	+1.061e+04	+0.201
24.100	+4.527e+03	+7.321e+03	+9.516e+03	+0.618
24.200	+3.461e+03	+6.565e+03	+1.019e+04	+0.655
24.300	+6.082e+03	+3.428e+03	+9.080e+03	+0.360
24.400	+7.787e+03	+2.869e+03	+1.118e+04	+0.269
24.500	+8.380e+03	+2.723e+03	+9.418e+03	+0.245
24.600	+3.976e+03	+6.486e+03	+1.032e+04	+0.620
24.700	+3.923e+03	+6.775e+03	+9.478e+03	+0.633
24.800	+3.301e+03	+6.718e+03	+1.105e+04	+0.671
24.900	+2.780e+03	+8.174e+03	+1.024e+04	+0.746
25.000	+3.267e+03	+8.871e+03	+9.283e+03	+0.731
25.100	+3.100e+03	+5.877e+03	+1.052e+04	+0.655
25.200	+2.204e+03	+6.399e+03	+1.136e+04	+0.744
25.300	+2.295e+03	+7.436e+03	+1.064e+04	+0.764
25.400	+3.977e+03	+7.781e+03	+9.972e+03	+0.662
25.500	+4.725e+03	+6.058e+03	+1.015e+04	+0.562
25.600	+2.619e+03	+6.709e+03	+1.042e+04	+0.719
25.700	+2.624e+03	+8.263e+03	+1.184e+04	+0.759
25.800	+1.129e+03	+7.191e+03	+9.986e+03	+0.864
25.900	+2.073e+03	+7.346e+03	+1.031e+04	+0.780
26.000	+1.894e+03	+6.327e+03	+9.587e+03	+0.770
26.100	+2.648e+03	+6.112e+03	+9.405e+03	+0.698
26.200	+3.978e+03	+7.903e+03	+9.621e+03	+0.665
26.300	+1.787e+03	+7.005e+03	+9.787e+03	+0.797
26.400	+2.277e+03	+6.954e+03	+1.086e+04	+0.753
26.500	+2.641e+03	+7.950e+03	+1.082e+04	+0.751
26.600	+1.456e+03	+7.375e+03	+1.073e+04	+0.835
26.700	+4.422e+03	+7.491e+03	+1.107e+04	+0.629
26.800	+2.893e+03	+8.105e+03	+1.037e+04	+0.737
26.900	+3.993e+03	+6.479e+03	+1.036e+04	+0.619
27.000	+2.433e+03	+7.088e+03	+9.182e+03	+0.745
27.100	+3.378e+03	+7.877e+03	+1.050e+04	+0.700
27.200	+1.469e+03	+9.067e+03	+1.024e+04	+0.861
27.300	+4.147e+03	+6.584e+03	+1.062e+04	+0.614
27.400	+3.131e+03	+6.527e+03	+9.412e+03	+0.676
27.500	+2.876e+03	+6.681e+03	+1.092e+04	+0.699
27.600	+4.260e+03	+7.174e+03	+9.928e+03	+0.627
27.700	+1.783e+03	+6.391e+03	+1.018e+04	+0.782
27.800	+3.026e+03	+6.402e+03	+9.818e+03	+0.679
27.900	+3.218e+03	+7.643e+03	+9.909e+03	+0.704
28.000	+1.876e+03	+6.366e+03	+9.196e+03	+0.772
28.100	+3.137e+03	+7.123e+03	+1.053e+04	+0.694
28.200	+5.232e+03	+5.617e+03	+1.013e+04	+0.518
28.300	+3.811e+03	+7.233e+03	+9.912e+03	+0.655
28.400	+3.624e+03	+5.030e+03	+1.082e+04	+0.581
28.500	+3.107e+03	+6.765e+03	+9.842e+03	+0.685
28.600	+2.165e+03	+5.200e+03	+1.176e+04	+0.706
28.700	+7.331e+03	+2.314e+03	+9.742e+03	+0.240
28.800	+6.835e+03	+4.037e+03	+1.207e+04	+0.371
28.900	+7.166e+03	+1.914e+03	+1.063e+04	+0.211
29.000	+7.768e+03	+4.201e+03	+1.080e+04	+0.351
29.100	+6.775e+03	+2.166e+03	+1.002e+04	+0.242
29.200	+7.099e+03	+3.238e+03	+9.859e+03	+0.313
29.300	+7.138e+03	+1.837e+03	+9.905e+03	+0.205
29.400	+6.976e+03	+3.658e+03	+9.809e+03	+0.344
29.500	+7.710e+03	+1.661e+03	+9.975e+03	+0.177
29.600	+8.264e+03	+3.092e+03	+1.057e+04	+0.272
29.700	+6.994e+03	+2.776e+03	+8.406e+03	+0.284
29.800	+7.083e+03	+3.327e+03	+1.040e+04	+0.320
29.900	+6.765e+03	+3.663e+03	+1.068e+04	+0.351
30.000	+8.219e+03	+3.464e+03	+9.837e+03	+0.297
30.100	+5.437e+03	+3.295e+03	+1.024e+04	+0.377
30.200	+7.388e+03	+2.474e+03	+1.026e+04	+0.251
30.300	+6.129e+03	+3.841e+03	+1.012e+04	+0.385
30.400	+7.201e+03	+3.324e+03	+1.086e+04	+0.316
30.500	+6.996e+03	+3.583e+03	+1.134e+04	+0.339
30.600	+6.380e+03	+2.645e+03	+9.868e+03	+0.293
30.700	+6.119e+03	+3.107e+03	+1.064e+04	+0.337
30.800	+7.939e+03	+2.339e+03	+8.943e+03	+0.228
30.900	+6.790e+03	+3.291e+03	+9.231e+03	+0.326
31.000	+7.871e+03	+4.387e+03	+9.649e+03	+0.358
31.100	+7.844e+03	+4.153e+03	+9.678e+03	+0.346
31.200	+6.914e+03	+3.224e+03	+1.061e+04	+0.318
31.300	+7.374e+03	+3.742e+03	+9.705e+03	+0.337
31.400	+6.687e+03	+3.199e+03	+1.056e+04	+0.324
31.500	+2.737e+03	+8.159e+03	+9.005e+03	+0.749
31.600	+2.165e+03	+7.098e+03	+1.027e+04	+0.766
31.700	+3.154e+03	+6.682e+03	+1.021e+04	+0.679
31.800	+3.828e+03	+6.902e+03	+1.041e+04	+0.643
31.900	+1.795e+03	+8.870e+03	+8.985e+03	+0.832
32.000	+2.497e+03	+7.972e+03	+1.151e+04	+0.761
32.100	+2.529e+03	+7.047e+03	+9.309e+03	+0.736
32.200	+3.546e+03	+6.963e+03	+1.030e+04	+0.663
32.300	+1.742e+03	+6.778e+03	+9.620e+03	+0.796
32.400	+2.246e+03	+8.404e+03	+9.671e+03	+0.789
32.500	+4.622e+03	+5.944e+03	+1.108e+04	+0.563
32.600	+2.645e+03	+6.908e+03	+1.019e+04	+0.723
32.700	+2.557e+03	+7.239e+03	+9.712e+03	+0.739
32.800	+3.472e+03	+7.509e+03	+1.019e+04	+0.684
32.900	+3.886e+03	+8.031e+03	+1.049e+04	+0.674
33.000	+3.074e+03	+6.859e+03	+1.019e+04	+0.691
33.100	+2.942e+03	+6.445e+03	+1.075e+04	+0.687
33.200	+1.123e+03	+7.550e+03	+1.059e+04	+0.870
33.300	+2.693e+03	+6.363e+03	+1.092e+04	+0.703
33.400	+7.686e+03	+3.407e+03	+9.197e+03	+0.307
33.500	+5.947e+03	+2.123e+03	+9.959e+03	+0.263
33.600	+8.616e+03	+3.514e+03	+9.602e+03	+0.290
33.700	+6.660e+03	+4.291e+03	+1.099e+04	+0.392
33.800	+2.930e+03	+6.894e+03	+9.482e+03	+0.702
33.900	+7.947e+03	+4.386e+03	+1.150e+04	+0.356
34.000	+5.443e+03	+3.056e+03	+1.062e+04	+0.360
34.100	+7.432e+03	+2.694e+03	+1.199e+04	+0.266
34.200	+5.910e+03	+2.334e+03	+8.927e+03	+0.283
34.300	+6.853e+03	+2.649e+03	+1.012e+04	+0.279
34.400	+6.524e+03	+1.772e+03	+9.575e+03	+0.214
34.500	+8.017e+03	+4.496e+03	+9.807e+03	+0.359
34.600	+5.188e+03	+1.982e+03	+1.156e+04	+0.276
34.700	+7.239e+03	+3.165e+03	+1.151e+04	+0.304
34.800	+6.848e+03	+2.368e+03	+9.851e+03	+0.257
34.900	+7.255e+03	+4.290e+03	+9.163e+03	+0.372
35.000	+7.161e+03	+2.242e+03	+9.488e+03	+0.238
35.100	+6.298e+03	+2.772e+03	+9.247e+03	+0.306
35.200	+6.131e+03	+3.296e+03	+9.661e+03	+0.350
35.300	+6.202e+03	+1.680e+03	+1.010e+04	+0.213
35.400	+6.555e+03	+3.321e+03	+1.000e+04	+0.336
35.500	+6.454e+03	+3.446e+03	+1.030e+04	+0.348
35.600	+7.382e+03	+1.939e+03	+8.842e+03	+0.208
35.700	+7.256e+03	+3.769e+03	+9.314e+03	+0.342
35.800	+7.039e+03	+3.251e+03	+9.256e+03	+0.316
35.900	+7.857e+03	+3.613e+03	+1.053e+04	+0.315
36.000	+7.667e+03	+3.371e+03	+9.487e+03	+0.305
36.100	+7.562e+03	+5.538e+03	+1.018e+04	+0.423
36.200	+6.379e+03	+2.691e+03	+9.645e+03	+0.297
36.300	+8.662e+03	+2.676e+03	+1.078e+04	+0.236
36.400	+6.261e+03	+2.082e+03	+9.895e+03	+0.250
36.500	+5.886e+03	+3.470e+03	+8.704e+03	+0.371
36.600	+4.118e+03	+5.697e+03	+1.020e+04	+0.580
36.700	+2.657e+03	+6.857e+03	+8.864e+03	+0.721
36.800	+3.401e+03	+6.870e+03	+1.021e+04	+0.669
36.900	+3.263e+03	+7.386e+03	+1.023e+04	+0.694
37.000	+3.005e+03	+5.452e+03	+9.519e+03	+0.645
37.100	+2.420e+03	+7.411e+03	+9.995e+03	+0.754
37.200	+3.169e+03	+6.063e+03	+1.092e+04	+0.657
37.300	+3.315e+03	+8.936e+03	+9.326e+03	+0.729
37.400	+3.442e+03	+7.672e+03	+9.266e+03	+0.690
37.500	+2.670e+03	+6.848e+03	+8.582e+03	+0.719
37.600	+3.410e+03	+5.887e+03	+9.989e+03	+0.633
37.700	+3.030e+03	+6.396e+03	+1.055e+04	+0.679
37.800	+2.657e+03	+6.949e+03	+8.825e+03	+0.723
37.900	+5.644e+03	+3.326e+03	+9.187e+03	+0.371
38.000	+6.992e+03	+3.611e+03	+8.374e+03	+0.341
38.100	+7.066e+03	+3.800e+03	+9.623e+03	+0.350
38.200	+6.826e+03	+2.880e+03	+9.572e+03	+0.297
38.300	+6.238e+03	+4.922e+03	+1.010e+04	+0.441
38.400	+2.735e+03	+7.035e+03	+9.353e+03	+0.720
38.500	+1.913e+03	+8.147e+03	+1.058e+04	+0.810
38.600	+2.888e+03	+7.232e+03	+1.028e+04	+0.715
38.700	+4.355e+03	+6.227e+03	+8.817e+03	+0.588
38.800	+2.488e+03	+6.843e+03	+1.021e+04	+0.733
38.900	+3.677e+03	+6.475e+03	+1.093e+04	+0.638
39.000	+2.760e+03	+6.781e+03	+9.896e+03	+0.711
39.100	+3.674e+03	+7.067e+03	+1.025e+04	+0.658
39.200	+3.080e+03	+8.081e+03	+8.935e+03	+0.724
39.300	+2.115e+03	+8.827e+03	+1.005e+04	+0.807
39.400	+3.481e+03	+6.100e+03	+9.692e+03	+0.637
39.500	+3.223e+03	+4.564e+03	+8.714e+03	+0.586
39.600	+7.300e+03	+2.863e+03	+9.435e+03	+0.282
39.700	+6.863e+03	+3.264e+03	+1.089e+04	+0.322
39.800	+7.246e+03	+2.437e+03	+9.555e+03	+0.252
39.900	+7.148e+03	+4.786e+03	+9.958e+03	+0.401
40.000	+5.470e+03	+3.608e+03	+9.577e+03	+0.397
40.100	+6.511e+03	+1.856e+03	+1.041e+04	+0.222
40.200	+7.122e+03	+3.717e+03	+1.078e+04	+0.343
40.300	+3.602e+03	+8.221e+03	+9.508e+03	+0.695
40.400	+3.307e+03	+5.451e+03	+9.986e+03	+0.622
40.500	+2.724e+03	+6.480e+03	+9.671e+03	+0.704
40.600	+3.595e+03	+5.930e+03	+1.150e+04	+0.623
40.700	+3.703e+03	+6.993e+03	+9.037e+03	+0.654
40.800	+1.916e+03	+6.245e+03	+1.021e+04	+0.765
40.900	+2.424e+03	+6.891e+03	+1.060e+04	+0.740
41.000	+2.345e+03	+6.738e+03	+9.949e+03	+0.742
41.100	+3.008e+03	+6.406e+03	+9.001e+03	+0.680
41.200	+3.550e+03	+7.107e+03	+9.712e+03	+0.667
41.300	+1.854e+03	+8.428e+03	+9.404e+03	+0.820
41.400	+3.201e+03	+6.172e+03	+1.005e+04	+0.658
41.500	+1.515e+03	+7.038e+03	+1.048e+04	+0.823
41.600	+2.624e+03	+7.536e+03	+9.461e+03	+0.742
41.700	+3.574e+03	+7.352e+03	+8.753e+03	+0.673
41.800	+2.922e+03	+7.203e+03	+1.005e+04	+0.711
41.900	+2.702e+03	+5.437e+03	+9.075e+03	+0.668
42.000	+7.009e+03	+3.439e+03	+1.108e+04	+0.329
42.100	+6.808e+03	+3.724e+03	+9.879e+03	+0.354
42.200	+7.327e+03	+1.498e+03	+9.846e+03	+0.170
42.300	+6.689e+03	+2.281e+03	+9.889e+03	+0.254
42.400	+7.598e+03	+2.038e+03	+9.418e+03	+0.211
42.500	+7.250e+03	+2.072e+03	+1.075e+04	+0.222
42.600	+5.747e+03	+4.151e+03	+1.009e+04	+0.419
42.700	+8.339e+03	+2.336e+03	+1.032e+04	+0.219
42.800	+6.754e+03	+1.917e+03	+8.847e+03	+0.221
42.900	+6.861e+03	+2.603e+03	+7.849e+03	+0.275
43.000	+5.962e+03	+3.455e+03	+1.098e+04	+0.367
43.100	+3.251e+03	+7.058e+03	+9.108e+03	+0.685
43.200	+2.835e+03	+8.148e+03	+1.100e+04	+0.742
43.300	+2.285e+03	+7.488e+03	+1.011e+04	+0.766
43.400	+3.422e+03	+7.377e+03	+9.804e+03	+0.683
43.500	+1.980e+03	+7.294e+03	+1.076e+04	+0.787
43.600	+3.895e+03	+7.235e+03	+8.935e+03	+0.650
43.700	+1.309e+03	+7.305e+03	+8.045e+03	+0.848
43.800	+3.109e+03	+6.890e+03	+8.769e+03	+0.689
43.900	+2.146e+03	+8.028e+03	+1.046e+04	+0.789
44.000	+1.197e+03	+6.104e+03	+1.058e+04	+0.836
44.100	+1.930e+03	+5.918e+03	+1.022e+04	+0.754
44.200	+3.203e+03	+6.683e+03	+8.648e+03	+0.676
44.300	+2.415e+03	+7.048e+03	+1.056e+04	+0.745
44.400	+2.951e+03	+6.127e+03	+1.026e+04	+0.675
44.500	+7.117e+03	+3.641e+03	+9.682e+03	+0.338
44.600	+6.446e+03	+3.561e+03	+9.127e+03	+0.356
44.700	+9.162e+03	+2.774e+03	+9.687e+03	+0.232
44.800	+7.933e+03	+3.510e+03	+9.522e+03	+0.307
44.900	+6.622e+03	+3.482e+03	+1.029e+04	+0.345
45.000	+6.736e+03	+3.816e+03	+9.617e+03	+0.362
45.100	+7.307e+03	+1.613e+03	+9.689e+03	+0.181
45.200	+7.656e+03	+3.071e+03	+1.010e+04	+0.286
45.300	+6.635e+03	+3.999e+03	+1.016e+04	+0.376
45.400	+5.331e+03	+4.727e+03	+9.863e+03	+0.470
45.500	+2.463e+03	+8.384e+03	+1.050e+04	+0.773
45.600	+3.428e+03	+8.060e+03	+9.459e+03	+0.702
45.700	+1.850e+03	+6.464e+03	+1.142e+04	+0.778
45.800	+2.460e+02	+6.494e+03	+9.207e+03	+0.964
45.900	+3.377e+03	+8.619e+03	+9.371e+03	+0.719
46.000	+3.817e+03	+7.853e+03	+9.510e+03	+0.673
46.100	+2.871e+03	+7.865e+03	+1.026e+04	+0.733
46.200	+2.710e+03	+6.618e+03	+1.141e+04	+0.709
46.300	+2.205e+03	+7.345e+03	+1.008e+04	+0.769
46.400	+2.610e+03	+7.557e+03	+9.619e+03	+0.743
46.500	+3.648e+03	+7.239e+03	+1.006e+04	+0.665
46.600	+3.187e+03	+8.023e+03	+1.016e+04	+0.716
46.700	+2.970e+03	+6.572e+03	+9.715e+03	+0.689
46.800	+1.215e+03	+6.697e+03	+9.935e+03	+0.846
46.900	+2.087e+03	+7.517e+03	+9.856e+03	+0.783
47.000	+3.771e+03	+6.977e+03	+1.014e+04	+0.649
47.100	+4.676e+03	+6.985e+03	+1.015e+04	+0.599
47.200	+3.987e+03	+6.583e+03	+9.711e+03	+0.623
47.300	+5.219e+03	+2.264e+03	+1.012e+04	+0.303
47.400	+8.430e+03	+2.806e+03	+9.684e+03	+0.250
47.500	+6.044e+03	+4.158e+03	+9.013e+03	+0.408
47.600	+8.108e+03	+2.297e+03	+9.623e+03	+0.221
47.700	+7.275e+03	+3.290e+03	+9.516e+03	+0.311
47.800	+6.866e+03	+3.477e+03	+8.898e+03	+0.336
47.900	+6.905e+03	+2.610e+03	+1.070e+04	+0.274
48.000	+7.121e+03	+3.314e+03	+1.134e+04	+0.318
48.100	+7.005e+03	+2.037e+03	+1.018e+04	+0.225
48.200	+7.576e+03	+2.331e+03	+1.130e+04	+0.235
48.300	+7.312e+03	+3.721e+03	+9.896e+03	+0.337
48.400	+6.338e+03	+3.351e+03	+1.060e+04	+0.346
48.500	+6.501e+03	+1.535e+03	+8.649e+03	+0.191
48.600	+7.359e+03	+3.694e+03	+9.090e+03	+0.334
48.700	+7.840e+03	+2.509e+03	+1.027e+04	+0.242
48.800	+5.583e+03	+3.203e+03	+9.201e+03	+0.365
48.900	+7.275e+03	+3.122e+03	+1.007e+04	+0.300
49.000	+6.345e+03	+2.951e+03	+1.038e+04	+0.317
49.100	+7.945e+03	+2.613e+03	+1.013e+04	+0.248
49.200	+3.322e+03	+6.096e+03	+9.459e+03	+0.647
49.300	+3.742e+03	+6.232e+03	+1.037e+04	+0.625
49.400	+2.428e+03	+7.993e+03	+7.995e+03	+0.767
49.500	+7.918e+03	+3.627e+03	+9.793e+03	+0.314
49.600	+7.759e+03	+2.769e+03	+1.128e+04	+0.263
49.700	+7.213e+03	+4.074e+03	+9.844e+03	+0.361
49.800	+7.505e+03	+5.073e+03	+1.051e+04	+0.403
49.900	+6.308e+03	+3.663e+03	+1.088e+04	+0.367
50.000	+5.407e+03	+3.905e+03	+1.174e+04	+0.419
50.100	+7.114e+03	+3.012e+03	+1.062e+04	+0.297
50.200	+5.998e+03	+3.004e+03	+9.441e+03	+0.334
50.300	+7.319e+03	+3.877e+03	+9.081e+03	+0.346
50.400	+7.270e+03	+2.281e+03	+9.246e+03	+0.239
50.500	+6.539e+03	+3.416e+03	+1.099e+04	+0.343
50.600	+6.263e+03	+3.233e+03	+1.089e+04	+0.340
50.700	+6.111e+03	+3.467e+03	+9.200e+03	+0.362
50.800	+3.937e+03	+7.743e+03	+9.534e+03	+0.663
50.900	+1.991e+03	+7.856e+03	+1.047e+04	+0.798
51.000	+3.256e+03	+8.059e+03	+1.001e+04	+0.712
51.100	+3.030e+03	+7.212e+03	+9.767e+03	+0.704
51.200	+5.710e+03	+4.185e+03	+1.048e+04	+0.423
51.300	+7.726e+03	+3.520e+03	+9.792e+03	+0.313
51.400	+8.715e+03	+3.317e+03	+1.158e+04	+0.276
51.500	+6.344e+03	+3.908e+03	+8.636e+03	+0.381
51.600	+7.086e+03	+1.872e+03	+1.055e+04	+0.209
51.700	+4.013e+03	+5.437e+03	+1.045e+04	+0.575
51.800	+2.593e+03	+8.260e+03	+1.055e+04	+0.761
51.900	+1.944e+03	+6.674e+03	+9.979e+03	+0.774
52.000	+3.270e+03	+7.211e+03	+1.016e+04	+0.688
52.100	+1.787e+03	+8.989e+03	+1.039e+04	+0.834
52.200	+3.351e+03	+6.711e+03	+1.016e+04	+0.667
52.300	+3.128e+03	+6.338e+03	+8.392e+03	+0.670
52.400	+3.887e+03	+7.141e+03	+1.052e+04	+0.648
52.500	+5.014e+03	+5.848e+03	+9.431e+03	+0.538
52.600	+8.742e+03	+1.809e+03	+1.013e+04	+0.171
52.700	+7.453e+03	+3.299e+03	+1.015e+04	+0.307
52.800	+6.651e+03	+3.735e+03	+1.069e+04	+0.360
52.900	+6.047e+03	+4.810e+03	+9.818e+03	+0.443
53.000	+2.231e+03	+6.285e+03	+9.995e+03	+0.738
53.100	+4.894e+03	+6.076e+03	+1.025e+04	+0.554
53.200	+7.225e+03	+2.285e+03	+8.822e+03	+0.240
53.300	+7.702e+03	+4.226e+03	+1.250e+04	+0.354
53.400	+5.977e+03	+3.004e+03	+1.029e+04	+0.334
53.500	+8.420e+03	+2.610e+03	+1.024e+04	+0.237
53.600	+7.843e+03	+2.419e+03	+1.037e+04	+0.236
53.700	+5.203e+03	+5.747e+03	+9.898e+03	+0.525
53.800	+5.864e+03	+3.401e+03	+9.858e+03	+0.367
53.900	+7.352e+03	+2.883e+03	+1.003e+04	+0.282
54.000	+7.131e+03	+1.250e+03	+8.574e+03	+0.149
54.100	+5.959e+03	+3.470e+03	+1.047e+04	+0.368
54.200	+8.753e+03	+4.479e+03	+9.344e+03	+0.339
54.300	+7.317e+03	+1.753e+03	+1.089e+04	+0.193
54.400	+7.325e+03	+1.375e+03	+1.068e+04	+0.158
54.500	+6.464e+03	+3.495e+03	+1.008e+04	+0.351
54.600	+5.634e+03	+2.405e+03	+1.061e+04	+0.299
54.700	+5.847e+03	+3.489e+03	+9.461e+03	+0.374
54.800	+7.572e+03	+2.944e+03	+9.863e+03	+0.280
54.900	+6.179e+03	+1.582e+03	+1.058e+04	+0.204
55.000	+6.957e+03	+2.839e+03	+9.732e+03	+0.290
55.100	+6.311e+03	+3.459e+03	+9.525e+03	+0.354
55.200	+6.195e+03	+2.865e+03	+1.030e+04	+0.316
55.300	+7.844e+03	+3.146e+03	+9.995e+03	+0.286
55.400	+4.985e+03	+2.427e+03	+9.397e+03	+0.327
55.500	+7.625e+03	+2.858e+03	+1.044e+04	+0.273
55.600	+9.180e+03	+4.024e+03	+9.420e+03	+0.305
55.700	+7.413e+03	+3.218e+03	+1.021e+04	+0.303
55.800	+7.088e+03	+2.949e+03	+1.016e+04	+0.294
55.900	+3.267e+03	+6.031e+03	+1.122e+04	+0.649
56.000	+3.345e+03	+6.208e+03	+9.686e+03	+0.650
56.100	+3.094e+03	+6.495e+03	+1.125e+04	+0.677
56.200	+3.279e+03	+7.785e+03	+1.012e+04	+0.704
56.300	+1.029e+03	+6.804e+03	+1.075e+04	+0.869
56.400	+4.180e+03	+7.966e+03	+8.907e+03	+0.656
56.500	+2.549e+03	+6.176e+03	+1.059e+04	+0.708
56.600	+3.505e+03	+6.283e+03	+9.633e+03	+0.642
56.700	+3.878e+03	+8.039e+03	+9.578e+03	+0.675
56.800	+3.900e+03	+7.398e+03	+8.146e+03	+0.655
56.900	+2.416e+03	+5.847e+03	+1.087e+04	+0.708
57.000	+4.009e+03	+7.636e+03	+1.062e+04	+0.656
57.100	+3.406e+03	+6.673e+03	+9.753e+03	+0.662
57.200	+4.107e+03	+4.898e+03	+1.060e+04	+0.544
57.300	+2.530e+03	+6.442e+03	+9.697e+03	+0.718
57.400	+2.063e+03	+6.442e+03	+8.643e+03	+0.757
57.500	+5.538e+03	+4.725e+03	+9.754e+03	+0.460
57.600	+7.130e+03	+2.401e+03	+8.855e+03	+0.252
57.700	+7.637e+03	+3.567e+03	+9.858e+03	+0.318
57.800	+6.971e+03	+3.299e+03	+1.147e+04	+0.321
57.900	+7.424e+03	+2.176e+03	+9.547e+03	+0.227
58.000	+6.551e+03	+2.013e+03	+1.156e+04	+0.235
58.100	+9.019e+03	+2.750e+03	+9.138e+03	+0.234
58.200	+4.234e+03	+5.536e+03	+1.095e+04	+0.567
58.300	+3.138e+03	+5.525e+03	+9.670e+03	+0.638
58.400	+2.541e+03	+6.719e+03	+8.658e+03	+0.726
58.500	+3.699e+03	+7.013e+03	+9.849e+03	+0.655
58.600	+2.094e+03	+6.189e+03	+9.348e+03	+0.747
58.700	+3.310e+03	+7.961e+03	+8.596e+03	+0.706
58.800	+3.639e+03	+5.132e+03	+1.090e+04	+0.585
58.900	+3.628e+03	+6.029e+03	+9.690e+03	+0.624
59.000	+3.151e+03	+6.756e+03	+9.326e+03	+0.682
59.100	+3.445e+03	+7.789e+03	+1.101e+04	+0.693
59.200	+2.628e+03	+5.753e+03	+9.434e+03	+0.686
59.300	+3.754e+03	+7.191e+03	+9.935e+03	+0.657
59.400	+2.859e+03	+8.207e+03	+9.732e+03	+0.742
59.500	+1.736e+03	+7.310e+03	+1.150e+04	+0.808
59.600	+2.044e+03	+6.455e+03	+1.024e+04	+0.759
59.700	+2.867e+03	+6.863e+03	+1.115e+04	+0.705
59.800	+6.636e+03	+4.499e+03	+1.070e+04	+0.404
59.900	+6.799e+03	+2.942e+03	+1.122e+04	+0.302
60.000	+6.859e+03	+3.004e+03	+9.982e+03	+0.305
60.100	+7.906e+03	+1.610e+03	+9.109e+03	+0.169
60.200	+4.167e+03	+3.278e+03	+9.018e+03	+0.440
60.300	+6.355e+03	+2.931e+03	+8.944e+03	+0.316
60.400	+6.731e+03	+2.839e+03	+1.074e+04	+0.297
60.500	+8.030e+03	+2.925e+03	+8.647e+03	+0.267
60.600	+7.721e+03	+2.748e+03	+9.693e+03	+0.262
60.700	+6.765e+03	+2.101e+03	+9.251e+03	+0.237
60.800	+7.112e+03	+3.041e+03	+9.450e+03	+0.299
60.900	+2.300e+03	+5.836e+03	+9.546e+03	+0.717
61.000	+2.040e+03	+6.630e+03	+1.040e+04	+0.765
61.100	+2.886e+03	+6.769e+03	+1.086e+04	+0.701
61.200	+1.949e+03	+6.362e+03	+1.097e+04	+0.765
61.300	+3.240e+03	+7.713e+03	+9.067e+03	+0.704
61.400	+1.741e+03	+6.865e+03	+8.630e+03	+0.798
61.500	+1.978e+03	+7.656e+03	+1.029e+04	+0.795
61.600	+2.710e+03	+6.219e+03	+9.282e+03	+0.697
61.700	+6.443e+03	+5.124e+03	+1.029e+04	+0.443
61.800	+7.365e+03	+3.183e+03	+1.125e+04	+0.302
61.900	+5.320e+03	+3.857e+03	+9.836e+03	+0.420
62.000	+7.895e+03	+3.207e+03	+9.999e+03	+0.289
62.100	+5.647e+03	+2.543e+03	+1.026e+04	+0.310
62.200	+6.446e+03	+2.706e+03	+1.107e+04	+0.296
62.300	+6.066e+03	+3.466e+03	+1.020e+04	+0.364
62.400	+6.462e+03	+2.743e+03	+1.017e+04	+0.298
62.500	+6.284e+03	+1.367e+03	+9.178e+03	+0.179
62.600	+6.032e+03	+2.381e+03	+8.240e+03	+0.283
62.700	+7.415e+03	+2.994e+03	+1.003e+04	+0.288
62.800	+7.547e+03	+3.398e+03	+9.728e+03	+0.310
62.900	+7.277e+03	+2.939e+03	+1.067e+04	+0.288
63.000	+2.856e+03	+6.486e+03	+9.951e+03	+0.694
63.100	+3.080e+03	+5.537e+03	+1.069e+04	+0.643
63.200	+4.452e+03	+6.924e+03	+9.688e+03	+0.609
63.300	+2.306e+03	+7.837e+03	+1.033e+04	+0.773
63.400	+4.376e+03	+4.488e+03	+9.385e+03	+0.506
63.500	+5.681e+03	+3.056e+03	+1.056e+04	+0.350
63.600	+7.515e+03	+2.063e+03	+9.587e+03	+0.215
63.700	+7.155e+03	+3.894e+03	+1.133e+04	+0.352
63.800	+7.012e+03	+1.348e+03	+9.894e+03	+0.161
63.900	+7.230e+03	+3.169e+03	+9.384e+03	+0.305
64.000	+3.347e+03	+5.859e+03	+9.441e+03	+0.636
64.100	+2.295e+03	+6.230e+03	+9.852e+03	+0.731
64.200	+3.600e+03	+6.327e+03	+8.646e+03	+0.637
64.300	+4.220e+03	+8.132e+03	+1.016e+04	+0.658
64.400	+2.131e+03	+7.181e+03	+9.508e+03	+0.771
64.500	+3.046e+03	+7.678e+03	+1.043e+04	+0.716
64.600	+2.799e+03	+7.438e+03	+9.697e+03	+0.727
64.700	+2.897e+03	+6.642e+03	+8.830e+03	+0.696
64.800	+1.589e+03	+6.389e+03	+9.769e+03	+0.801
64.900	+2.650e+03	+7.066e+03	+8.672e+03	+0.727
65.000	+3.404e+03	+8.021e+03	+9.523e+03	+0.702
65.100	+2.896e+03	+7.019e+03	+1.133e+04	+0.708
65.200	+2.389e+03	+6.284e+03	+1.014e+04	+0.725
65.300	+2.964e+03	+6.855e+03	+9.491e+03	+0.698
65.400	+5.056e+03	+5.972e+03	+9.872e+03	+0.542
65.500	+2.764e+03	+7.012e+03	+8.861e+03	+0.717
65.600	+2.961e+03	+7.361e+03	+1.069e+04	+0.713
65.700	+3.915e+03	+8.181e+03	+9.806e+03	+0.676
65.800	+1.255e+03	+8.184e+03	+9.937e+03	+0.867
65.900	+4.376e+03	+7.135e+03	+8.123e+03	+0.620
66.000	+3.216e+03	+5.094e+03	+1.054e+04	+0.613
66.100	+3.405e+03	+7.889e+03	+1.017e+04	+0.698
66.200	+2.983e+03	+6.302e+03	+8.575e+03	+0.679
66.300	+3.131e+03	+7.258e+03	+1.138e+04	+0.699
66.400	+5.011e+03	+4.736e+03	+9.780e+03	+0.486
66.500	+5.301e+03	+5.750e+03	+1.078e+04	+0.520
66.600	+3.309e+03	+5.785e+03	+1.001e+04	+0.636
66.700	+3.123e+03	+6.526e+03	+9.148e+03	+0.676
66.800	+2.312e+03	+7.157e+03	+9.172e+03	+0.756
66.900	+2.909e+03	+7.246e+03	+1.009e+04	+0.714
67.000	+2.527e+03	+6.603e+03	+9.148e+03	+0.723
67.100	+2.563e+03	+7.776e+03	+8.995e+03	+0.752
67.200	+3.359e+03	+7.337e+03	+8.825e+03	+0.686
67.300	+4.010e+03	+6.960e+03	+1.010e+04	+0.634
67.400	+3.019e+03	+7.109e+03	+1.066e+04	+0.702
67.500	+3.033e+03	+6.314e+03	+1.040e+04	+0.676
67.600	+2.558e+03	+7.361e+03	+9.193e+03	+0.742
67.700	+1.940e+03	+7.954e+03	+8.596e+03	+0.804
67.800	+2.116e+03	+7.843e+03	+1.093e+04	+0.787
67.900	+2.259e+03	+8.507e+03	+1.140e+04	+0.790
68.000	+3.466e+03	+7.154e+03	+9.776e+03	+0.674
68.100	+4.378e+03	+8.067e+03	+9.264e+03	+0.648
68.200	+2.895e+03	+7.628e+03	+1.016e+04	+0.725
68.300	+3.277e+03	+6.745e+03	+1.095e+04	+0.673
68.400	+4.067e+03	+7.757e+03	+1.045e+04	+0.656
68.500	+2.212e+03	+6.184e+03	+1.048e+04	+0.737
68.600	+6.397e+03	+3.572e+03	+1.066e+04	+0.358
68.700	+5.919e+03	+3.275e+03	+8.903e+03	+0.356
68.800	+6.735e+03	+1.003e+03	+9.220e+03	+0.130
68.900	+7.323e+03	+3.259e+03	+1.006e+04	+0.308
69.000	+6.593e+03	+3.346e+03	+1.096e+04	+0.337
69.100	+8.221e+03	+3.227e+03	+1.050e+04	+0.282
69.200	+7.647e+03	+2.666e+03	+1.078e+04	+0.259
69.300	+8.431e+03	+2.561e+03	+1.079e+04	+0.233
69.400	+7.170e+03	+3.238e+03	+1.099e+04	+0.311
69.500	+6.432e+03	+3.511e+03	+1.005e+04	+0.353
69.600	+9.363e+03	+3.255e+03	+9.873e+03	+0.258
69.700	+6.098e+03	+1.120e+03	+9.741e+03	+0.155
69.800	+7.286e+03	+2.445e+03	+1.010e+04	+0.251
69.900	+7.934e+03	+3.158e+03	+1.091e+04	+0.285
70.000	+6.859e+03	+2.340e+03	+9.475e+03	+0.254
70.100	+7.739e+03	+1.380e+03	+1.222e+04	+0.151
70.200	+6.440e+03	+2.851e+03	+1.122e+04	+0.307
70.300	+6.438e+03	+3.634e+03	+1.040e+04	+0.361
70.400	+5.772e+03	+3.534e+03	+9.559e+03	+0.380
70.500	+6.825e+03	+3.746e+03	+9.459e+03	+0.354
70.600	+8.328e+03	+3.700e+03	+1.046e+04	+0.308
70.700	+6.633e+03	+5.393e+03	+1.131e+04	+0.448
70.800	+6.203e+03	+2.900e+03	+9.634e+03	+0.319
70.900	+6.625e+03	+4.210e+03	+9.184e+03	+0.389
71.000	+5.292e+03	+3.790e+03	+1.142e+04	+0.417
71.100	+6.627e+03	+4.316e+03	+1.073e+04	+0.394
71.200	+6.472e+03	+2.318e+03	+9.615e+03	+0.264
71.300	+7.280e+03	+1.959e+03	+1.050e+04	+0.212
71.400	+7.046e+03	+2.522e+03	+1.247e+04	+0.264
71.500	+7.296e+03	+2.234e+03	+1.017e+04	+0.234
71.600	+6.075e+03	+3.068e+03	+1.024e+04	+0.336
71.700	+7.188e+03	+3.100e+03	+1.130e+04	+0.301
71.800	+7.060e+03	+1.610e+03	+9.385e+03	+0.186
71.900	+7.346e+03	+2.852e+03	+1.011e+04	+0.280
72.000	+6.633e+03	+2.931e+03	+1.077e+04	+0.306
72.100	+6.670e+03	+1.887e+03	+1.004e+04	+0.221
72.200	+7.691e+03	+3.340e+03	+1.001e+04	+0.303
72.300	+6.485e+03	+3.236e+03	+1.021e+04	+0.333
72.400	+6.303e+03	+2.624e+03	+1.011e+04	+0.294
72.500	+5.362e+03	+2.516e+03	+1.004e+04	+0.319
72.600	+9.188e+03	+3.313e+03	+7.939e+03	+0.265
72.700	+7.739e+03	+3.435e+03	+9.377e+03	+0.307
72.800	+7.273e+03	+9.431e+02	+9.842e+03	+0.115
72.900	+7.049e+03	+7.874e+02	+9.813e+03	+0.100
73.000	+7.724e+03	+2.196e+03	+1.034e+04	+0.221
73.100	+6.678e+03	+3.597e+03	+9.813e+03	+0.350
73.200	+7.736e+03	+2.831e+03	+1.021e+04	+0.268
73.300	+7.781e+03	+2.861e+03	+8.785e+03	+0.269
73.400	+6.816e+03	+3.408e+03	+1.036e+04	+0.333
73.500	+6.840e+03	+3.985e+03	+1.021e+04	+0.368
73.600	+7.480e+03	+2.281e+03	+9.790e+03	+0.234
73.700	+7.489e+03	+4.751e+03	+1.053e+04	+0.388
73.800	+5.853e+03	+3.031e+03	+1.144e+04	+0.341
73.900	+7.815e+03	+2.735e+03	+8.891e+03	+0.259
74.000	+8.349e+03	+3.213e+03	+8.438e+03	+0.278
74.100	+3.131e+03	+7.102e+03	+9.856e+03	+0.694
74.200	+3.387e+03	+6.297e+03	+1.052e+04	+0.650
74.300	+4.291e+03	+6.111e+03	+1.080e+04	+0.587
74.400	+1.769e+03	+7.395e+03	+9.689e+03	+0.807
74.500	+5.895e+03	+3.244e+03	+1.037e+04	+0.355
74.600	+8.265e+03	+2.613e+03	+1.091e+04	+0.240
74.700	+4.629e+03	+5.865e+03	+1.093e+04	+0.559
74.800	+3.929e+03	+5.796e+03	+9.993e+03	+0.596
74.900	+3.665e+03	+5.827e+03	+1.030e+04	+0.614
75.000	+1.794e+03	+7.395e+03	+9.479e+03	+0.805
75.100	+2.350e+03	+8.044e+03	+9.816e+03	+0.774
75.200	+2.186e+03	+7.366e+03	+9.535e+03	+0.771
75.300	+5.800e+03	+4.016e+03	+9.813e+03	+0.409
75.400	+7.655e+03	+3.159e+03	+9.714e+03	+0.292
75.500	+6.251e+03	+2.471e+03	+9.089e+03	+0.283
75.600	+6.281e+03	+3.424e+03	+9.432e+03	+0.353
75.700	+6.488e+03	+3.410e+03	+1.030e+04	+0.345
75.800	+6.301e+03	+2.306e+03	+1.078e+04	+0.268
75.900	+7.395e+03	+3.556e+03	+1.044e+04	+0.325
76.000	+7.159e+03	+3.062e+03	+9.868e+03	+0.300
76.100	+7.573e+03	+3.566e+03	+9.570e+03	+0.320
76.200	+6.146e+03	+4.067e+03	+8.780e+03	+0.398
76.300	+5.259e+03	+3.128e+03	+9.870e+03	+0.373
76.400	+4.312e+03	+8.072e+03	+9.117e+03	+0.652
76.500	+3.332e+03	+7.812e+03	+1.207e+04	+0.701
76.600	+3.169e+03	+6.419e+03	+9.274e+03	+0.669
76.700	+4.098e+03	+7.995e+03	+1.021e+04	+0.661
76.800	+2.740e+03	+6.519e+03	+8.628e+03	+0.704
76.900	+3.496e+03	+7.432e+03	+9.817e+03	+0.680
77.000	+3.829e+03	+7.897e+03	+1.139e+04	+0.673
77.100	+1.998e+03	+8.086e+03	+1.104e+04	+0.802
77.200	+2.716e+03	+7.209e+03	+1.039e+04	+0.726
77.300	+3.509e+03	+6.595e+03	+9.899e+03	+0.653
77.400	+2.109e+03	+7.567e+03	+1.068e+04	+0.782
77.500	+4.340e+03	+6.166e+03	+9.573e+03	+0.587
77.600	+5.138e+03	+5.380e+03	+9.906e+03	+0.512
77.700	+7.371e+03	+3.327e+03	+8.518e+03	+0.311
77.800	+6.208e+03	+2.927e+03	+9.080e+03	+0.320
77.900	+6.295e+03	+2.805e+03	+9.749e+03	+0.308
78.000	+7.312e+03	+4.512e+03	+8.826e+03	+0.382
78.100	+7.915e+03	+2.973e+03	+9.684e+03	+0.273
78.200	+5.654e+03	+3.887e+03	+9.246e+03	+0.407
78.300	+7.107e+03	+1.352e+03	+1.127e+04	+0.160
78.400	+6.817e+03	+3.740e+03	+1.007e+04	+0.354
78.500	+7.065e+03	+3.136e+03	+1.020e+04	+0.307
78.600	+7.345e+03	+3.186e+03	+8.580e+03	+0.303
78.700	+7.374e+03	+1.972e+03	+8.711e+03	+0.211
78.800	+7.742e+03	+2.289e+03	+9.652e+03	+0.228
78.900	+7.628e+03	+2.964e+03	+1.075e+04	+0.280
79.000	+6.894e+03	+2.409e+03	+9.582e+03	+0.259
79.100	+7.269e+03	+2.612e+03	+9.325e+03	+0.264
79.200	+7.687e+03	+3.477e+03	+8.736e+03	+0.311
79.300	+7.585e+03	+3.060e+03	+1.172e+04	+0.287
79.400	+8.816e+03	+2.761e+03	+1.060e+04	+0.238
79.500	+6.652e+03	+2.045e+03	+9.679e+03	+0.235
79.600	+6.869e+03	+2.703e+03	+1.008e+04	+0.282
79.700	+6.535e+03	+3.235e+03	+1.166e+04	+0.331
79.800	+7.540e+03	+3.260e+03	+9.963e+03	+0.302
79.900	+4.693e+03	+2.612e+03	+8.780e+03	+0.358
80.000	+7.115e+03	+2.493e+03	+9.670e+03	+0.259
80.100	+7.338e+03	+1.939e+03	+9.747e+03	+0.209
80.200	+7.513e+03	+2.940e+03	+1.093e+04	+0.281
80.300	+7.310e+03	+3.535e+03	+1.126e+04	+0.326
80.400	+6.841e+03	+4.448e+03	+1.041e+04	+0.394
80.500	+8.816e+03	+2.354e+03	+1.041e+04	+0.211
80.600	+6.865e+03	+4.502e+03	+9.893e+03	+0.396
80.700	+6.051e+03	+3.826e+03	+9.497e+03	+0.387
80.800	+7.476e+03	+3.568e+03	+9.556e+03	+0.323
80.900	+6.639e+03	+3.443e+03	+8.359e+03	+0.342
81.000	+5.546e+03	+3.203e+03	+9.407e+03	+0.366
81.100	+7.761e+03	+4.447e+03	+9.467e+03	+0.364
81.200	+7.480e+03	+3.231e+03	+9.247e+03	+0.302
81.300	+6.000e+03	+3.294e+03	+9.960e+03	+0.354
81.400	+7.149e+03	+3.512e+03	+1.033e+04	+0.329
81.500	+7.564e+03	+2.983e+03	+9.770e+03	+0.283
81.600	+6.098e+03	+1.989e+03	+1.022e+04	+0.246
81.700	+7.780e+03	+2.946e+03	+1.031e+04	+0.275
81.800	+7.903e+03	+2.384e+03	+8.300e+03	+0.232
81.900	+7.953e+03	+3.451e+03	+9.269e+03	+0.303
82.000	+7.660e+03	+4.623e+03	+9.642e+03	+0.376
82.100	+5.843e+03	+4.319e+03	+1.117e+04	+0.425
82.200	+8.038e+03	+3.314e+03	+9.631e+03	+0.292
82.300	+3.387e+03	+5.679e+03	+9.151e+03	+0.626
82.400	+3.604e+03	+6.830e+03	+1.118e+04	+0.655
82.500	+3.060e+03	+7.065e+03	+1.171e+04	+0.698
82.600	+1.925e+03	+7.457e+03	+1.033e+04	+0.795
82.700	+2.625e+03	+7.459e+03	+1.039e+04	+0.740
82.800	+3.758e+03	+7.205e+03	+1.013e+04	+0.657
82.900	+3.092e+03	+7.195e+03	+1.040e+04	+0.699
83.000	+3.577e+03	+7.506e+03	+9.323e+03	+0.677
83.100	+1.981e+03	+8.585e+03	+9.840e+03	+0.813
83.200	+4.553e+03	+7.260e+03	+1.172e+04	+0.615
83.300	+2.735e+03	+7.041e+03	+1.105e+04	+0.720
83.400	+3.907e+03	+6.646e+03	+1.096e+04	+0.630
83.500	+3.778e+03	+7.189e+03	+1.077e+04	+0.655
83.600	+2.756e+03	+6.540e+03	+9.296e+03	+0.703
83.700	+2.346e+03	+6.753e+03	+8.394e+03	+0.742
83.800	+3.426e+03	+6.672e+03	+1.053e+04	+0.661
83.900	+3.703e+03	+4.645e+03	+1.030e+04	+0.556
84.000	+2.100e+03	+7.253e+03	+9.767e+03	+0.775
84.100	+2.858e+03	+7.937e+03	+1.163e+04	+0.735
84.200	+1.875e+03	+6.190e+03	+1.001e+04	+0.768
84.300	+1.835e+03	+8.299e+03	+1.083e+04	+0.819
84.400	+2.676e+03	+5.641e+03	+9.654e+03	+0.678
84.500	+2.705e+03	+8.158e+03	+9.922e+03	+0.751
84.600	+3.418e+03	+7.964e+03	+1.134e+04	+0.700
84.700	+3.534e+03	+7.497e+03	+8.976e+03	+0.680
84.800	+3.316e+03	+7.882e+03	+1.025e+04	+0.704
84.900	+2.942e+03	+7.163e+03	+1.059e+04	+0.709
85.000	+2.693e+03	+6.591e+03	+1.076e+04	+0.710
85.100	+2.062e+03	+5.696e+03	+1.068e+04	+0.734
85.200	+1.975e+03	+5.787e+03	+9.294e+03	+0.746
85.300	+2.420e+03	+6.892e+03	+9.777e+03	+0.740
85.400	+3.066e+03	+8.117e+03	+9.395e+03	+0.726
85.500	+3.247e+03	+6.514e+03	+8.503e+03	+0.667
85.600	+3.460e+03	+7.299e+03	+1.048e+04	+0.678
85.700	+3.011e+03	+7.210e+03	+1.017e+04	+0.705
85.800	+4.649e+03	+5.946e+03	+1.066e+04	+0.561
85.900	+7.511e+03	+2.064e+03	+8.733e+03	+0.216
86.000	+6.662e+03	+3.511e+03	+9.910e+03	+0.345
86.100	+6.813e+03	+2.935e+03	+9.611e+03	+0.301
86.200	+7.340e+03	+2.787e+03	+1.025e+04	+0.275
86.300	+7.799e+03	+2.695e+03	+1.033e+04	+0.257
86.400	+7.124e+03	+3.904e+03	+1.180e+04	+0.354
86.500	+7.520e+03	+2.775e+03	+9.556e+03	+0.270
86.600	+7.707e+03	+2.916e+03	+1.029e+04	+0.275
86.700	+7.623e+03	+2.886e+03	+1.037e+04	+0.275
86.800	+8.953e+03	+3.442e+03	+9.808e+03	+0.278
86.900	+6.468e+03	+2.847e+03	+9.985e+03	+0.306
87.000	+6.885e+03	+3.237e+03	+1.068e+04	+0.320
87.100	+7.966e+03	+3.627e+03	+1.059e+04	+0.313
87.200	+6.021e+03	+2.685e+03	+1.001e+04	+0.308
87.300	+6.293e+03	+2.212e+03	+9.449e+03	+0.260
87.400	+7.261e+03	+4.818e+03	+9.653e+03	+0.399
87.500	+7.014e+03	+1.519e+03	+1.091e+04	+0.178
87.600	+6.017e+03	+3.094e+03	+1.085e+04	+0.340
87.700	+7.187e+03	+2.839e+03	+1.040e+04	+0.283
87.800	+6.464e+03	+2.263e+03	+1.155e+04	+0.259
87.900	+6.786e+03	+3.191e+03	+1.046e+04	+0.320
88.000	+7.088e+03	+2.909e+03	+1.007e+04	+0.291
88.100	+8.086e+03	+3.175e+03	+1.085e+04	+0.282
88.200	+6.534e+03	+2.620e+03	+1.094e+04	+0.286
88.300	+6.380e+03	+3.912e+03	+1.037e+04	+0.380
88.400	+6.885e+03	+4.614e+03	+9.388e+03	+0.401
88.500	+6.526e+03	+2.987e+03	+9.292e+03	+0.314
88.600	+7.592e+03	+2.654e+03	+9.994e+03	+0.259
88.700	+7.355e+03	+2.943e+03	+1.089e+04	+0.286
88.800	+7.887e+03	+2.975e+03	+9.233e+03	+0.274
88.900	+6.855e+03	+3.505e+03	+1.109e+04	+0.338
89.000	+6.422e+03	+3.797e+03	+9.150e+03	+0.372
89.100	+6.165e+03	+4.767e+03	+9.024e+03	+0.436
89.200	+6.414e+03	+3.247e+03	+9.540e+03	+0.336
89.300	+7.788e+03	+3.272e+03	+1.123e+04	+0.296
89.400	+5.966e+03	+3.172e+03	+9.019e+03	+0.347
89.500	+5.722e+03	+4.587e+03	+1.059e+04	+0.445
89.600	+6.915e+03	+2.588e+03	+9.911e+03	+0.272
89.700	+7.945e+03	+3.586e+03	+1.108e+04	+0.311
89.800	+7.183e+03	+4.038e+03	+8.418e+03	+0.360
89.900	+7.584e+03	+2.781e+03	+1.003e+04	+0.268
90.000	+6.619e+03	+2.031e+03	+1.036e+04	+0.235
90.100	+6.328e+03	+3.596e+03	+1.025e+04	+0.362
90.200	+6.913e+03	+2.629e+03	+1.061e+04	+0.276
90.300	+6.244e+03	+4.391e+03	+1.031e+04	+0.413
90.400	+3.265e+03	+7.068e+03	+9.699e+03	+0.684
90.500	+3.906e+03	+5.773e+03	+9.153e+03	+0.596
90.600	+3.656e+03	+6.779e+03	+9.911e+03	+0.650
90.700	+1.359e+03	+5.642e+03	+9.516e+03	+0.806
90.800	+1.507e+03	+6.704e+03	+1.058e+04	+0.816
90.900	+3.579e+03	+6.098e+03	+1.150e+04	+0.630
91.000	+5.715e+03	+5.705e+03	+9.005e+03	+0.500
91.100	+6.302e+03	+2.946e+03	+1.058e+04	+0.319
91.200	+6.301e+03	+3.175e+03	+1.139e+04	+0.335
91.300	+6.302e+03	+2.131e+03	+1.073e+04	+0.253
91.400	+6.306e+03	+2.674e+03	+1.002e+04	+0.298
91.500	+7.750e+03	+2.726e+03	+1.038e+04	+0.260
91.600	+6.959e+03	+3.288e+03	+9.565e+03	+0.321
91.700	+7.214e+03	+3.215e+03	+1.048e+04	+0.308
91.800	+7.585e+03	+1.444e+03	+9.466e+03	+0.160
91.900	+2.413e+03	+5.370e+03	+9.711e+03	+0.690
92.000	+2.236e+03	+7.616e+03	+1.108e+04	+0.773
92.100	+3.287e+03	+7.087e+03	+9.069e+03	+0.683
92.200	+3.756e+03	+4.924e+03	+1.040e+04	+0.567
92.300	+2.581e+03	+6.489e+03	+1.021e+04	+0.715
92.400	+3.404e+03	+6.995e+03	+1.027e+04	+0.673
92.500	+3.629e+03	+6.007e+03	+9.539e+03	+0.623
92.600	+3.798e+03	+7.426e+03	+1.125e+04	+0.662
92.700	+2.390e+03	+6.771e+03	+1.058e+04	+0.739
92.800	+2.767e+03	+7.014e+03	+9.392e+03	+0.717
92.900	+2.256e+03	+6.435e+03	+8.591e+03	+0.740
93.000	+2.491e+03	+8.436e+03	+1.011e+04	+0.772
93.100	+5.094e+03	+7.476e+03	+8.906e+03	+0.595
93.200	+2.677e+03	+7.480e+03	+9.769e+03	+0.736
93.300	+2.303e+03	+6.833e+03	+9.451e+03	+0.748
93.400	+3.558e+03	+6.409e+03	+1.112e+04	+0.643
93.500	+3.263e+03	+6.345e+03	+9.729e+03	+0.660
93.600	+2.214e+03	+7.005e+03	+8.412e+03	+0.760
93.700	+3.283e+03	+7.828e+03	+1.104e+04	+0.705
93.800	+2.987e+03	+8.412e+03	+1.058e+04	+0.738
93.900	+3.631e+03	+7.195e+03	+9.329e+03	+0.665
94.000	+2.237e+03	+6.876e+03	+9.984e+03	+0.755
94.100	+3.867e+03	+6.439e+03	+1.140e+04	+0.625
94.200	+1.646e+03	+5.342e+03	+8.969e+03	+0.764
94.300	+2.660e+03	+9.238e+03	+8.401e+03	+0.776
94.400	+4.288e+03	+5.098e+03	+9.152e+03	+0.543
94.500	+3.773e+03	+6.698e+03	+8.635e+03	+0.640
94.600	+3.191e+03	+6.246e+03	+9.732e+03	+0.662
94.700	+2.366e+03	+7.215e+03	+8.953e+03	+0.753
94.800	+3.061e+03	+7.740e+03	+9.783e+03	+0.717
94.900	+3.062e+03	+7.217e+03	+1.056e+04	+0.702
95.000	+3.163e+03	+6.727e+03	+1.070e+04	+0.680
95.100	+4.397e+03	+6.959e+03	+1.098e+04	+0.613
95.200	+4.568e+03	+7.888e+03	+1.018e+04	+0.633
95.300	+3.883e+03	+7.316e+03	+1.064e+04	+0.653
95.400	+3.476e+03	+7.052e+03	+9.803e+03	+0.670
95.500	+2.416e+03	+6.818e+03	+9.621e+03	+0.738
95.600	+1.688e+03	+6.550e+03	+9.812e+03	+0.795
95.700	+3.332e+03	+8.040e+03	+1.016e+04	+0.707
95.800	+1.433e+03	+6.559e+03	+1.036e+04	+0.821
95.900	+1.350e+03	+5.206e+03	+1.005e+04	+0.794
96.000	+2.729e+03	+6.379e+03	+1.049e+04	+0.700
96.100	+2.225e+03	+7.741e+03	+9.416e+03	+0.777
96.200	+1.817e+03	+6.718e+03	+1.019e+04	+0.787
96.300	+7.526e+03	+3.522e+03	+8.557e+03	+0.319
96.400	+7.960e+03	+3.109e+03	+1.092e+04	+0.281
96.500	+7.935e+03	+4.057e+03	+9.673e+03	+0.338
96.600	+7.566e+03	+4.184e+03	+8.995e+03	+0.356
96.700	+4.015e+03	+4.845e+03	+9.649e+03	+0.547
96.800	+3.855e+03	+5.808e+03	+1.059e+04	+0.601
96.900	+2.935e+03	+6.854e+03	+8.875e+03	+0.700
97.000	+2.435e+03	+7.908e+03	+1.053e+04	+0.765
97.100	+4.583e+03	+7.393e+03	+1.091e+04	+0.617
97.200	+2.737e+03	+5.529e+03	+1.153e+04	+0.669
97.300	+3.838e+03	+6.220e+03	+9.882e+03	+0.618
97.400	+2.779e+03	+6.112e+03	+1.081e+04	+0.687
97.500	+2.847e+03	+7.335e+03	+1.014e+04	+0.720
97.600	+2.964e+03	+5.572e+03	+8.689e+03	+0.653
97.700	+2.985e+03	+7.654e+03	+1.020e+04	+0.719
97.800	+1.432e+03	+5.248e+03	+8.139e+03	+0.786
97.900	+2.896e+03	+6.368e+03	+1.018e+04	+0.687
98.000	+2.613e+03	+7.258e+03	+1.003e+04	+0.735
98.100	+4.246e+03	+8.050e+03	+9.707e+03	+0.655
98.200	+2.805e+03	+6.376e+03	+1.138e+04	+0.694
98.300	+2.537e+03	+7.275e+03	+9.864e+03	+0.741
98.400	+3.051e+03	+6.067e+03	+1.051e+04	+0.665
98.500	+2.692e+03	+7.340e+03	+9.241e+03	+0.732
98.600	+3.380e+03	+7.140e+03	+1.209e+04	+0.679
98.700	+3.862e+03	+7.366e+03	+9.805e+03	+0.656
98.800	+3.755e+03	+5.952e+03	+9.732e+03	+0.613
98.900	+6.422e+03	+2.876e+03	+9.195e+03	+0.309
99.000	+4.959e+03	+2.465e+03	+1.155e+04	+0.332
99.100	+7.838e+03	+3.082e+03	+1.040e+04	+0.282
99.200	+8.089e+03	+2.793e+03	+1.107e+04	+0.257
99.300	+7.959e+03	+4.011e+03	+8.886e+03	+0.335
99.400	+6.740e+03	+3.490e+03	+9.846e+03	+0.341
99.500	+5.808e+03	+2.004e+03	+9.540e+03	+0.257
99.600	+8.342e+03	+4.100e+03	+1.043e+04	+0.330
99.700	+6.238e+03	+3.265e+03	+9.967e+03	+0.344
99.800	+7.693e+03	+2.820e+03	+1.031e+04	+0.268
99.900	+5.862e+03	+3.001e+03	+1.075e+04	+0.339
100.000	+6.876e+03	+2.029e+03	+9.260e+03	+0.228
100.100	+5.998e+03	+4.515e+03	+1.020e+04	+0.429
100.200	+3.678e+03	+7.759e+03	+1.059e+04	+0.678
100.300	+3.014e+03	+7.465e+03	+9.272e+03	+0.712
100.400	+3.847e+03	+6.610e+03	+1.112e+04	+0.632
100.500	+3.199e+03	+7.565e+03	+1.007e+04	+0.703
100.600	+2.835e+03	+6.861e+03	+8.701e+03	+0.708
100.700	+3.144e+03	+6.460e+03	+1.080e+04	+0.673
100.800	+3.325e+03	+5.969e+03	+9.731e+03	+0.642
100.900	+3.117e+03	+8.344e+03	+1.015e+04	+0.728
101.000	+1.331e+03	+7.625e+03	+1.075e+04	+0.851
101.100	+2.977e+03	+6.705e+03	+9.625e+03	+0.693
101.200	+1.956e+03	+5.751e+03	+8.499e+03	+0.746
101.300	+4.324e+03	+6.215e+03	+1.070e+04	+0.590
101.400	+1.936e+03	+7.667e+03	+1.005e+04	+0.798
101.500	+1.631e+03	+6.490e+03	+1.085e+04	+0.799
101.600	+3.064e+03	+7.789e+03	+1.031e+04	+0.718
101.700	+1.418e+03	+6.410e+03	+8.881e+03	+0.819
101.800	+3.413e+03	+6.197e+03	+1.062e+04	+0.645
101.900	+2.619e+03	+6.584e+03	+1.106e+04	+0.715
102.000	+1.744e+03	+6.299e+03	+1.078e+04	+0.783
102.100	+2.818e+03	+7.539e+03	+9.219e+03	+0.728
102.200	+3.302e+03	+6.986e+03	+9.617e+03	+0.679
102.300	+2.223e+03	+6.602e+03	+9.479e+03	+0.748
102.400	+2.132e+03	+6.592e+03	+1.048e+04	+0.756
102.500	+2.846e+03	+6.728e+03	+1.103e+04	+0.703
102.600	+2.945e+03	+8.229e+03	+1.073e+04	+0.736
102.700	+5.954e+03	+5.263e+03	+9.975e+03	+0.469
102.800	+6.777e+03	+3.174e+03	+8.728e+03	+0.319
102.900	+5.510e+03	+3.513e+03	+8.948e+03	+0.389
103.000	+7.342e+03	+4.084e+03	+9.257e+03	+0.357
103.100	+8.962e+03	+2.356e+03	+9.083e+03	+0.208
103.200	+6.975e+03	+2.675e+03	+9.205e+03	+0.277
103.300	+7.370e+03	+4.149e+03	+9.896e+03	+0.360
103.400	+3.858e+03	+6.275e+03	+9.634e+03	+0.619
103.500	+7.269e+03	+4.375e+03	+8.064e+03	+0.376
103.600	+7.534e+03	+4.245e+03	+1.020e+04	+0.360
103.700	+6.018e+03	+3.083e+03	+8.940e+03	+0.339
103.800	+5.953e+03	+2.693e+03	+1.054e+04	+0.311
103.900	+6.708e+03	+2.672e+03	+1.079e+04	+0.285
104.000	+7.273e+03	+3.451e+03	+9.874e+03	+0.322
104.100	+5.916e+03	+2.436e+03	+8.297e+03	+0.292
104.200	+6.860e+03	+3.469e+03	+9.216e+03	+0.336
104.300	+7.516e+03	+3.473e+03	+1.123e+04	+0.316
104.400	+6.670e+03	+3.585e+03	+1.009e+04	+0.350
104.500	+6.087e+03	+2.979e+03	+1.136e+04	+0.329
104.600	+6.808e+03	+1.713e+03	+1.028e+04	+0.201
104.700	+6.681e+03	+2.152e+03	+9.706e+03	+0.244
104.800	+8.117e+03	+5.061e+03	+9.725e+03	+0.384
104.900	+3.226e+03	+8.071e+03	+1.115e+04	+0.714
105.000	+1.894e+03	+6.685e+03	+1.033e+04	+0.779
105.100	+2.049e+03	+6.545e+03	+9.368e+03	+0.762
105.200	+3.203e+03	+6.917e+03	+1.066e+04	+0.683
105.300	+2.199e+03	+8.425e+03	+1.055e+04	+0.793
105.400	+2.729e+03	+7.744e+03	+1.155e+04	+0.739
105.500	+2.298e+03	+7.044e+03	+9.041e+03	+0.754
105.600	+3.195e+03	+7.267e+03	+9.379e+03	+0.695
105.700	+8.633e+02	+6.172e+03	+9.174e+03	+0.877
105.800	+3.592e+03	+6.164e+03	+9.677e+03	+0.632
105.900	+4.104e+03	+5.301e+03	+9.451e+03	+0.564
106.000	+3.369e+03	+7.271e+03	+9.580e+03	+0.683
106.100	+2.542e+03	+7.620e+03	+9.334e+03	+0.750
106.200	+2.301e+03	+6.902e+03	+9.945e+03	+0.750
106.300	+3.981e+03	+7.050e+03	+1.021e+04	+0.639
106.400	+3.131e+03	+5.961e+03	+9.327e+03	+0.656
106.500	+2.792e+03	+7.907e+03	+9.083e+03	+0.739
106.600	+3.742e+03	+6.048e+03	+1.017e+04	+0.618
106.700	+2.085e+03	+6.587e+03	+9.169e+03	+0.760
106.800	+3.038e+03	+5.997e+03	+1.167e+04	+0.664
106.900	+3.269e+03	+8.021e+03	+1.010e+04	+0.710
107.000	+3.380e+03	+8.474e+03	+1.060e+04	+0.715
107.100	+2.574e+03	+6.817e+03	+9.814e+03	+0.726
107.200	+3.389e+03	+7.773e+03	+1.043e+04	+0.696
107.300	+3.842e+03	+6.609e+03	+1.085e+04	+0.632
107.400	+3.089e+03	+8.404e+03	+1.026e+04	+0.731
107.500	+3.277e+03	+7.268e+03	+9.216e+03	+0.689
107.600	+2.515e+03	+6.596e+03	+9.571e+03	+0.724
107.700	+4.238e+03	+7.699e+03	+1.041e+04	+0.645
107.800	+2.564e+03	+6.216e+03	+1.109e+04	+0.708
107.900	+3.004e+03	+7.330e+03	+1.148e+04	+0.709
108.000	+2.602e+03	+6.524e+03	+1.025e+04	+0.715
108.100	+2.915e+03	+6.680e+03	+9.525e+03	+0.696
108.200	+2.087e+03	+7.896e+03	+1.079e+04	+0.791
108.300	+3.909e+03	+5.453e+03	+1.024e+04	+0.582
108.400	+3.956e+03	+5.879e+03	+1.008e+04	+0.598
108.500	+3.483e+03	+7.665e+03	+9.015e+03	+0.688
108.600	+3.470e+03	+6.341e+03	+9.772e+03	+0.646
108.700	+2.203e+03	+7.222e+03	+8.999e+03	+0.766
108.800	+3.025e+03	+6.171e+03	+1.065e+04	+0.671
108.900	+4.169e+03	+4.993e+03	+8.868e+03	+0.545
109.000	+6.842e+03	+2.638e+03	+1.038e+04	+0.278
109.100	+7.197e+03	+3.047e+03	+1.036e+04	+0.297
109.200	+6.073e+03	+4.165e+03	+9.250e+03	+0.407
109.300	+6.938e+03	+4.404e+03	+1.003e+04	+0.388
109.400	+8.305e+03	+3.057e+03	+9.969e+03	+0.269
109.500	+9.466e+03	+2.006e+03	+9.469e+03	+0.175
109.600	+7.589e+03	+4.835e+03	+1.013e+04	+0.389
109.700	+6.639e+03	+2.489e+03	+9.342e+03	+0.273
109.800	+7.714e+03	+1.744e+03	+1.057e+04	+0.184
109.900	+7.190e+03	+3.603e+03	+9.915e+03	+0.334
110.000	+3.943e+03	+5.077e+03	+9.154e+03	+0.563
110.100	+4.056e+03	+8.101e+03	+8.447e+03	+0.666
110.200	+3.698e+03	+7.247e+03	+9.496e+03	+0.662
110.300	+2.955e+03	+6.648e+03	+9.004e+03	+0.692
110.400	+2.812e+03	+6.728e+03	+1.016e+04	+0.705
110.500	+3.168e+03	+7.370e+03	+1.060e+04	+0.699
110.600	+3.634e+03	+5.651e+03	+1.178e+04	+0.609
110.700	+2.102e+03	+8.246e+03	+1.068e+04	+0.797
110.800	+4.079e+03	+7.501e+03	+9.373e+03	+0.648
110.900	+3.686e+03	+7.531e+03	+9.776e+03	+0.671
111.000	+1.555e+03	+7.168e+03	+1.052e+04	+0.822
111.100	+4.468e+03	+6.612e+03	+1.031e+04	+0.597
111.200	+2.429e+03	+7.019e+03	+1.011e+04	+0.743
111.300	+4.326e+03	+5.187e+03	+9.753e+03	+0.545
111.400	+7.261e+03	+3.415e+03	+9.984e+03	+0.320
111.500	+7.084e+03	+1.286e+03	+9.423e+03	+0.154
111.600	+5.960e+03	+3.579e+03	+9.060e+03	+0.375
111.700	+7.517e+03	+2.343e+03	+1.092e+04	+0.238
111.800	+7.187e+03	+2.118e+03	+1.009e+04	+0.228
111.900	+6.902e+03	+2.882e+03	+8.707e+03	+0.295
112.000	+7.179e+03	+4.181e+03	+9.700e+03	+0.368
112.100	+7.227e+03	+2.853e+03	+1.078e+04	+0.283
112.200	+6.734e+03	+2.576e+03	+9.661e+03	+0.277
112.300	+6.327e+03	+2.823e+03	+9.746e+03	+0.309
112.400	+6.594e+03	+1.735e+03	+9.980e+03	+0.208
112.500	+6.994e+03	+4.108e+03	+1.150e+04	+0.370
112.600	+7.079e+03	+2.661e+03	+1.042e+04	+0.273
112.700	+6.822e+03	+3.255e+03	+9.815e+03	+0.323
112.800	+7.296e+03	+3.244e+03	+1.120e+04	+0.308
112.900	+7.660e+03	+2.865e+03	+9.445e+03	+0.272
113.000	+7.399e+03	+3.964e+03	+1.175e+04	+0.349
113.100	+6.067e+03	+2.621e+03	+1.047e+04	+0.302
113.200	+7.068e+03	+2.679e+03	+9.265e+03	+0.275
113.300	+7.474e+03	+1.877e+03	+9.671e+03	+0.201
113.400	+3.433e+03	+7.035e+03	+1.080e+04	+0.672
113.500	+3.584e+03	+8.311e+03	+9.016e+03	+0.699
113.600	+3.536e+03	+7.062e+03	+1.015e+04	+0.666
113.700	+2.989e+03	+7.678e+03	+9.751e+03	+0.720
113.800	+3.042e+03	+6.408e+03	+1.072e+04	+0.678
113.900	+3.707e+03	+7.073e+03	+1.047e+04	+0.656
114.000	+3.247e+03	+6.498e+03	+9.834e+03	+0.667
114.100	+2.529e+03	+7.288e+03	+1.048e+04	+0.742
114.200	+2.761e+03	+7.108e+03	+8.897e+03	+0.720
114.300	+2.670e+03	+6.257e+03	+9.123e+03	+0.701
114.400	+4.262e+03	+7.501e+03	+9.942e+03	+0.638
114.500	+2.401e+03	+5.485e+03	+1.071e+04	+0.696
114.600	+1.725e+03	+7.074e+03	+1.011e+04	+0.804
114.700	+2.460e+03	+7.077e+03	+1.051e+04	+0.742
114.800	+3.369e+03	+7.645e+03	+9.592e+03	+0.694
114.900	+2.403e+03	+6.510e+03	+1.047e+04	+0.730
115.000	+1.779e+03	+7.163e+03	+7.757e+03	+0.801
115.100	+2.450e+03	+5.747e+03	+1.049e+04	+0.701
115.200	+2.993e+03	+6.355e+03	+8.979e+03	+0.680
115.300	+3.539e+03	+7.562e+03	+1.069e+04	+0.681
115.400	+3.442e+03	+8.401e+03	+1.204e+04	+0.709
115.500	+2.819e+03	+6.180e+03	+9.437e+03	+0.687
115.600	+4.306e+03	+6.568e+03	+9.678e+03	+0.604
115.700	+2.448e+03	+6.097e+03	+1.014e+04	+0.714
115.800	+2.694e+03	+7.607e+03	+9.204e+03	+0.739
115.900	+4.348e+03	+5.618e+03	+1.091e+04	+0.564
116.000	+8.195e+03	+3.079e+03	+1.069e+04	+0.273
116.100	+7.641e+03	+3.015e+03	+9.968e+03	+0.283
116.200	+6.774e+03	+2.624e+03	+1.063e+04	+0.279
116.300	+7.590e+03	+2.944e+03	+9.603e+03	+0.279
116.400	+6.121e+03	+2.647e+03	+1.120e+04	+0.302
116.500	+6.882e+03	+5.681e+03	+9.342e+03	+0.452
116.600	+6.873e+03	+3.475e+03	+1.029e+04	+0.336
116.700	+6.764e+03	+4.061e+03	+9.537e+03	+0.375
116.800	+6.598e+03	+3.299e+03	+1.012e+04	+0.333
116.900	+7.883e+03	+2.993e+03	+1.137e+04	+0.275
117.000	+6.991e+03	+2.311e+03	+1.068e+04	+0.248
117.100	+1.322e+03	+7.224e+03	+1.037e+04	+0.845
117.200	+1.969e+03	+7.555e+03	+8.627e+03	+0.793
117.300	+3.254e+03	+6.639e+03	+1.115e+04	+0.671
117.400	+1.618e+03	+6.843e+03	+1.100e+04	+0.809
117.500	+3.107e+03	+6.698e+03	+1.014e+04	+0.683
117.600	+3.818e+03	+8.736e+03	+1.033e+04	+0.696
117.700	+3.390e+03	+6.815e+03	+1.049e+04	+0.668
117.800	+5.152e+03	+4.730e+03	+1.051e+04	+0.479
117.900	+7.613e+03	+2.759e+03	+9.617e+03	+0.266
118.000	+7.080e+03	+2.482e+03	+9.996e+03	+0.260
118.100	+6.902e+03	+3.353e+03	+9.605e+03	+0.327
118.200	+7.714e+03	+2.717e+03	+1.012e+04	+0.260
118.300	+6.806e+03	+2.943e+03	+9.651e+03	+0.302
118.400	+7.089e+03	+2.818e+03	+9.352e+03	+0.284
118.500	+7.627e+03	+2.204e+03	+1.009e+04	+0.224
118.600	+7.413e+03	+4.699e+03	+9.744e+03	+0.388
118.700	+7.607e+03	+3.937e+03	+7.745e+03	+0.341
118.800	+7.786e+03	+3.156e+03	+1.003e+04	+0.288
118.900	+6.795e+03	+3.305e+03	+1.143e+04	+0.327
119.000	+3.457e+03	+5.920e+03	+9.951e+03	+0.631
119.100	+2.631e+03	+6.831e+03	+9.513e+03	+0.722
119.200	+4.543e+03	+6.477e+03	+1.079e+04	+0.588
119.300	+3.636e+03	+6.390e+03	+8.866e+03	+0.637
119.400	+3.632e+03	+7.118e+03	+1.012e+04	+0.662
119.500	+3.012e+03	+7.174e+03	+1.121e+04	+0.704
119.600	+2.569e+03	+7.860e+03	+9.382e+03	+0.754
119.700	+3.534e+03	+6.426e+03	+9.710e+03	+0.645
119.800	+2.913e+03	+7.068e+03	+1.117e+04	+0.708
119.900	+8.840e+02	+5.746e+03	+1.019e+04	+0.867
120.000	+2.141e+03	+7.366e+03	+9.237e+03	+0.775
120.100	+3.959e+03	+7.747e+03	+8.656e+03	+0.662
120.200	+3.133e+03	+7.626e+03	+8.833e+03	+0.709
120.300	+2.214e+03	+6.294e+03	+9.492e+03	+0.740
120.400	+1.829e+03	+6.434e+03	+9.002e+03	+0.779
120.500	+2.663e+03	+7.655e+03	+1.025e+04	+0.742
120.600	+2.271e+03	+7.551e+03	+9.865e+03	+0.769
120.700	+6.212e+03	+2.747e+03	+1.032e+04	+0.307
120.800	+3.350e+03	+8.032e+03	+1.013e+04	+0.706
120.900	+2.622e+03	+5.423e+03	+1.018e+04	+0.674
121.000	+3.444e+03	+6.522e+03	+9.832e+03	+0.654
121.100	+2.982e+03	+7.561e+03	+1.039e+04	+0.717
121.200	+3.975e+03	+8.341e+03	+1.032e+04	+0.677
121.300	+2.043e+03	+7.800e+03	+1.074e+04	+0.792
121.400	+3.851e+03	+7.401e+03	+8.968e+03	+0.658
121.500	+3.489e+03	+6.534e+03	+9.176e+03	+0.652
121.600	+3.808e+03	+7.582e+03	+1.061e+04	+0.666
121.700	+3.045e+03	+6.069e+03	+1.060e+04	+0.666
121.800	+2.224e+03	+6.514e+03	+9.853e+03	+0.745
121.900	+3.232e+03	+6.782e+03	+8.838e+03	+0.677
122.000	+3.826e+03	+6.166e+03	+9.341e+03	+0.617
122.100	+3.707e+03	+6.651e+03	+8.494e+03	+0.642
122.200	+2.345e+03	+7.771e+03	+9.563e+03	+0.768
122.300	+3.467e+03	+7.747e+03	+1.026e+04	+0.691
122.400	+2.405e+03	+7.295e+03	+1.187e+04	+0.752
122.500	+4.012e+03	+5.982e+03	+1.025e+04	+0.599
122.600	+7.095e+02	+5.704e+03	+1.004e+04	+0.889
122.700	+1.866e+03	+7.630e+03	+9.259e+03	+0.803
122.800	+1.803e+03	+6.645e+03	+9.958e+03	+0.787
122.900	+3.233e+03	+7.035e+03	+1.105e+04	+0.685
123.000	+6.142e+03	+4.468e+03	+9.720e+03	+0.421
123.100	+6.538e+03	+2.366e+03	+9.971e+03	+0.266
123.200	+2.831e+03	+7.004e+03	+1.017e+04	+0.712
123.300	+3.397e+03	+8.409e+03	+1.104e+04	+0.712
123.400	+3.903e+03	+6.449e+03	+8.767e+03	+0.623
123.500	+3.210e+03	+8.090e+03	+9.452e+03	+0.716
123.600	+3.568e+03	+7.431e+03	+1.083e+04	+0.676
123.700	+2.579e+03	+6.372e+03	+1.060e+04	+0.712
123.800	+7.953e+03	+2.673e+03	+1.086e+04	+0.252
123.900	+7.217e+03	+3.152e+03	+1.004e+04	+0.304
124.000	+8.162e+03	+3.633e+03	+9.541e+03	+0.308
124.100	+7.431e+03	+2.668e+03	+9.769e+03	+0.264
124.200	+7.123e+03	+3.248e+03	+9.880e+03	+0.313
124.300	+8.096e+03	+4.331e+03	+9.702e+03	+0.349
124.400	+4.980e+03	+4.758e+03	+9.873e+03	+0.489
124.500	+3.921e+03	+7.391e+03	+9.020e+03	+0.653
124.600	+4.170e+03	+6.490e+03	+9.341e+03	+0.609
124.700	+3.464e+03	+8.359e+03	+1.178e+04	+0.707
124.800	+1.248e+03	+8.091e+03	+1.057e+04	+0.866
124.900	+3.674e+03	+6.471e+03	+1.008e+04	+0.638
125.000	+4.325e+03	+5.635e+03	+8.957e+03	+0.566
125.100	+5.226e+03	+4.524e+03	+9.546e+03	+0.464
125.200	+7.412e+03	+4.586e+03	+1.025e+04	+0.382
125.300	+4.903e+03	+5.162e+03	+1.057e+04	+0.513
125.400	+3.599e+03	+8.656e+03	+1.064e+04	+0.706
125.500	+4.024e+03	+5.852e+03	+1.006e+04	+0.593
125.600	+4.451e+03	+5.660e+03	+9.995e+03	+0.560
125.700	+3.924e+03	+8.314e+03	+9.993e+03	+0.679
125.800	+4.046e+03	+8.443e+03	+8.935e+03	+0.676
125.900	+3.048e+03	+7.174e+03	+1.088e+04	+0.702
126.000	+3.841e+03	+6.871e+03	+9.049e+03	+0.641
126.100	+2.974e+03	+7.257e+03	+1.085e+04	+0.709
126.200	+3.208e+03	+7.788e+03	+1.007e+04	+0.708
126.300	+2.016e+03	+7.825e+03	+9.421e+03	+0.795
126.400	+2.599e+03	+7.763e+03	+9.711e+03	+0.749
126.500	+2.974e+03	+6.414e+03	+1.053e+04	+0.683
126.600	+3.336e+03	+6.353e+03	+1.067e+04	+0.656
126.700	+4.040e+03	+6.157e+03	+9.743e+03	+0.604
126.800	+3.264e+03	+7.607e+03	+9.142e+03	+0.700
126.900	+3.965e+03	+6.609e+03	+1.099e+04	+0.625
127.000	+2.604e+03	+7.692e+03	+1.044e+04	+0.747
127.100	+3.401e+03	+6.878e+03	+1.011e+04	+0.669
127.200	+2.081e+03	+6.439e+03	+7.909e+03	+0.756
127.300	+2.787e+03	+7.594e+03	+1.072e+04	+0.732
127.400	+2.485e+03	+6.934e+03	+7.917e+03	+0.736
127.500	+1.968e+03	+6.603e+03	+1.077e+04	+0.770
127.600	+3.236e+03	+6.846e+03	+9.345e+03	+0.679
127.700	+2.834e+03	+6.299e+03	+1.001e+04	+0.690
127.800	+1.996e+03	+6.823e+03	+1.057e+04	+0.774
127.900	+3.012e+03	+6.954e+03	+1.111e+04	+0.698
128.000	+1.844e+03	+6.915e+03	+1.015e+04	+0.789
128.100	+3.186e+03	+7.904e+03	+1.144e+04	+0.713
128.200	+3.210e+03	+6.860e+03	+1.006e+04	+0.681
128.300	+2.836e+03	+7.167e+03	+1.103e+04	+0.716
128.400	+2.434e+03	+6.579e+03	+1.109e+04	+0.730
128.500	+3.817e+03	+8.319e+03	+9.219e+03	+0.685
128.600	+3.582e+03	+5.537e+03	+9.967e+03	+0.607
128.700	+3.955e+03	+7.651e+03	+1.114e+04	+0.659
128.800	+2.483e+03	+6.898e+03	+1.020e+04	+0.735
128.900	+4.094e+03	+6.132e+03	+9.139e+03	+0.600
129.000	+3.322e+03	+5.866e+03	+1.028e+04	+0.638
129.100	+2.962e+03	+7.306e+03	+9.747e+03	+0.712
129.200	+3.244e+03	+7.331e+03	+1.089e+04	+0.693
129.300	+1.886e+03	+7.056e+03	+1.022e+04	+0.789
129.400	+2.469e+03	+7.140e+03	+9.793e+03	+0.743
129.500	+2.775e+03	+6.697e+03	+9.897e+03	+0.707
129.600	+3.169e+03	+5.681e+03	+1.084e+04	+0.642
129.700	+8.127e+03	+2.791e+03	+9.541e+03	+0.256
129.800	+6.799e+03	+2.455e+03	+9.643e+03	+0.265
129.900	+8.270e+03	+8.892e+02	+1.106e+04	+0.097
