%t (s)	Idd (a.u.)	Ida (a.u.)	Iaa (a.u.)	FRET E
0.000	+5.211e+03	+5.207e+03	+1.004e+04	+0.500
0.100	+5.952e+03	+3.020e+03	+1.056e+04	+0.337
0.200	+8.355e+03	+2.838e+03	+1.071e+04	+0.254
0.300	+8.310e+03	+2.921e+03	+1.124e+04	+0.260
0.400	+6.339e+03	+2.865e+03	+1.145e+04	+0.311
0.500	+5.547e+03	+3.239e+03	+1.015e+04	+0.369
0.600	+3.212e+03	+7.151e+03	+9.949e+03	+0.690
0.700	+2.681e+03	+6.847e+03	+1.112e+04	+0.719
0.800	+2.817e+03	+8.413e+03	+9.764e+03	+0.749
0.900	+3.126e+03	+6.081e+03	+1.084e+04	+0.660
1.000	+2.426e+03	+7.220e+03	+9.235e+03	+0.748
1.100	+4.052e+03	+7.610e+03	+9.564e+03	+0.653
1.200	+3.174e+03	+8.117e+03	+8.510e+03	+0.719
1.300	+2.820e+03	+8.492e+03	+9.866e+03	+0.751
1.400	+3.172e+03	+8.818e+03	+1.036e+04	+0.735
1.500	+2.258e+03	+8.521e+03	+1.058e+04	+0.791
1.600	+4.125e+03	+8.210e+03	+8.723e+03	+0.666
1.700	+3.207e+03	+6.818e+03	+9.300e+03	+0.680
1.800	+3.392e+03	+5.527e+03	+9.607e+03	+0.620
1.900	+4.258e+03	+6.910e+03	+8.683e+03	+0.619
2.000	+5.949e+03	+3.726e+03	+1.031e+04	+0.385
2.100	+7.204e+03	+3.790e+03	+9.755e+03	+0.345
2.200	+6.708e+03	+3.079e+03	+9.349e+03	+0.315
2.300	+7.812e+03	+3.817e+03	+9.789e+03	+0.328
2.400	+6.947e+03	+2.702e+03	+9.858e+03	+0.280
2.500	+7.115e+03	+2.969e+03	+1.133e+04	+0.294
2.600	+6.283e+03	+3.717e+03	+9.727e+03	+0.372
2.700	+6.062e+03	+3.198e+03	+1.021e+04	+0.345
2.800	+6.054e+03	+3.809e+03	+9.959e+03	+0.386
2.900	+6.759e+03	+3.770e+03	+9.597e+03	+0.358
3.000	+6.748e+03	+2.915e+03	+8.920e+03	+0.302
3.100	+6.412e+03	+3.523e+03	+9.551e+03	+0.355
3.200	+7.975e+03	+3.522e+03	+1.060e+04	+0.306
3.300	+7.594e+03	+3.127e+03	+1.015e+04	+0.292
3.400	+7.550e+03	+1.779e+03	+9.847e+03	+0.191
3.500	+7.213e+03	+2.556e+03	+8.943e+03	+0.262
3.600	+6.906e+03	+4.053e+03	+1.074e+04	+0.370
3.700	+7.311e+03	+2.117e+03	+9.228e+03	+0.225
3.800	+7.472e+03	+1.670e+03	+1.033e+04	+0.183
3.900	+7.056e+03	+1.953e+03	+9.412e+03	+0.217
4.000	+7.479e+03	+3.325e+03	+1.033e+04	+0.308
4.100	+7.551e+03	+3.153e+03	+9.609e+03	+0.295
4.200	+6.929e+03	+3.088e+03	+1.066e+04	+0.308
4.300	+5.762e+03	+3.729e+03	+9.415e+03	+0.393
4.400	+7.975e+03	+2.476e+03	+1.001e+04	+0.237
4.500	+6.122e+03	+3.652e+03	+1.071e+04	+0.374
4.600	+7.127e+03	+3.684e+03	+9.085e+03	+0.341
4.700	+7.070e+03	+3.738e+03	+1.113e+04	+0.346
4.800	+7.467e+03	+3.018e+03	+9.676e+03	+0.288
4.900	+8.649e+03	+1.872e+03	+1.047e+04	+0.178
5.000	+8.046e+03	+3.014e+03	+9.641e+03	+0.273
5.100	+5.924e+03	+4.563e+03	+1.055e+04	+0.435
5.200	+3.437e+03	+7.369e+03	+8.928e+03	+0.682
5.300	+7.752e+03	+2.695e+03	+9.968e+03	+0.258
5.400	+8.584e+03	+2.828e+03	+1.062e+04	+0.248
5.500	+6.396e+03	+2.030e+03	+9.334e+03	+0.241
5.600	+3.081e+03	+5.513e+03	+1.066e+04	+0.641
5.700	+3.275e+03	+8.513e+03	+9.223e+03	+0.722
5.800	+3.010e+03	+7.311e+03	+1.096e+04	+0.708
5.900	+3.843e+03	+6.305e+03	+9.894e+03	+0.621
6.000	+2.043e+03	+5.134e+03	+1.114e+04	+0.715
6.100	+1.875e+03	+7.704e+03	+1.057e+04	+0.804
6.200	+2.707e+03	+7.854e+03	+1.109e+04	+0.744
6.300	+2.741e+03	+6.947e+03	+9.010e+03	+0.717
6.400	+3.221e+03	+5.851e+03	+9.239e+03	+0.645
6.500	+2.003e+03	+7.683e+03	+8.997e+03	+0.793
6.600	+2.780e+03	+7.667e+03	+1.110e+04	+0.734
6.700	+2.517e+03	+5.956e+03	+8.956e+03	+0.703
6.800	+3.849e+03	+5.842e+03	+1.019e+04	+0.603
6.900	+2.295e+03	+6.426e+03	+9.937e+03	+0.737
7.000	+2.520e+03	+8.055e+03	+1.088e+04	+0.762
7.100	+1.445e+03	+6.697e+03	+8.852e+03	+0.823
7.200	+4.177e+03	+5.696e+03	+9.070e+03	+0.577
7.300	+3.522e+03	+7.551e+03	+8.637e+03	+0.682
7.400	+1.993e+03	+9.333e+03	+9.295e+03	+0.824
7.500	+6.471e+03	+3.360e+03	+9.409e+03	+0.342
7.600	+7.659e+03	+1.352e+03	+9.138e+03	+0.150
7.700	+7.597e+03	+1.821e+03	+9.392e+03	+0.193
7.800	+5.167e+03	+4.451e+03	+9.132e+03	+0.463
7.900	+4.096e+03	+8.205e+03	+9.472e+03	+0.667
8.000	+2.758e+03	+6.306e+03	+1.189e+04	+0.696
8.100	+1.756e+03	+7.294e+03	+9.944e+03	+0.806
8.200	+2.373e+03	+7.019e+03	+1.049e+04	+0.747
8.300	+2.913e+03	+7.611e+03	+9.047e+03	+0.723
8.400	+3.724e+03	+7.228e+03	+9.621e+03	+0.660
8.500	+2.164e+03	+6.450e+03	+1.018e+04	+0.749
8.600	+2.679e+03	+6.307e+03	+9.918e+03	+0.702
8.700	+2.570e+03	+8.265e+03	+9.900e+03	+0.763
8.800	+3.283e+03	+6.786e+03	+1.014e+04	+0.674
8.900	+3.916e+03	+5.240e+03	+8.516e+03	+0.572
9.000	+2.942e+03	+8.283e+03	+1.046e+04	+0.738
9.100	+4.098e+03	+6.479e+03	+9.658e+03	+0.613
9.200	+2.724e+03	+7.763e+03	+9.746e+03	+0.740
9.300	+3.042e+03	+7.647e+03	+9.011e+03	+0.715
9.400	+4.253e+03	+6.954e+03	+8.763e+03	+0.620
9.500	+2.422e+03	+6.702e+03	+1.022e+04	+0.735
9.600	+2.267e+03	+5.570e+03	+9.231e+03	+0.711
9.700	+1.302e+03	+5.757e+03	+1.128e+04	+0.815
9.800	+2.541e+03	+7.142e+03	+1.107e+04	+0.738
9.900	+3.485e+03	+7.872e+03	+1.019e+04	+0.693
10.000	+3.005e+03	+7.509e+03	+9.644e+03	+0.714
10.100	+3.587e+03	+7.622e+03	+1.114e+04	+0.680
10.200	+2.342e+03	+7.135e+03	+9.313e+03	+0.753
10.300	+2.423e+03	+6.742e+03	+1.087e+04	+0.736
10.400	+3.821e+03	+6.286e+03	+9.376e+03	+0.622
10.500	+2.814e+03	+7.689e+03	+9.883e+03	+0.732
10.600	+2.067e+03	+7.103e+03	+1.051e+04	+0.775
10.700	+3.307e+03	+7.372e+03	+9.700e+03	+0.690
10.800	+3.778e+03	+5.669e+03	+9.237e+03	+0.600
10.900	+3.545e+03	+6.574e+03	+1.038e+04	+0.650
11.000	+3.293e+03	+8.025e+03	+1.051e+04	+0.709
11.100	+3.121e+03	+7.262e+03	+1.072e+04	+0.699
11.200	+3.559e+03	+7.124e+03	+9.355e+03	+0.667
11.300	+3.779e+03	+5.804e+03	+1.007e+04	+0.606
11.400	+2.364e+03	+8.390e+03	+1.068e+04	+0.780
11.500	+2.931e+03	+6.075e+03	+1.021e+04	+0.675
11.600	+3.831e+03	+8.067e+03	+9.666e+03	+0.678
11.700	+2.674e+03	+7.851e+03	+1.042e+04	+0.746
11.800	+2.952e+03	+7.345e+03	+9.553e+03	+0.713
11.900	+3.661e+03	+7.269e+03	+9.967e+03	+0.665
12.000	+3.733e+03	+4.847e+03	+9.690e+03	+0.565
12.100	+3.460e+03	+6.621e+03	+1.022e+04	+0.657
12.200	+3.344e+03	+8.153e+03	+9.304e+03	+0.709
12.300	+1.154e+03	+7.217e+03	+9.180e+03	+0.862
12.400	+3.323e+03	+6.381e+03	+9.343e+03	+0.658
12.500	+2.804e+03	+7.118e+03	+1.097e+04	+0.717
12.600	+1.778e+03	+6.993e+03	+9.314e+03	+0.797
12.700	+2.832e+03	+7.869e+03	+1.018e+04	+0.735
12.800	+5.387e+03	+7.123e+03	+9.864e+03	+0.569
12.900	+7.960e+03	+3.169e+03	+9.478e+03	+0.285
13.000	+7.669e+03	+2.450e+03	+9.736e+03	+0.242
13.100	+6.566e+03	+1.192e+03	+9.612e+03	+0.154
13.200	+8.417e+03	+1.797e+03	+1.004e+04	+0.176
13.300	+6.247e+03	+3.817e+03	+9.197e+03	+0.379
13.400	+6.424e+03	+2.387e+03	+9.184e+03	+0.271
13.500	+6.739e+03	+4.866e+03	+9.424e+03	+0.419
13.600	+8.360e+03	+2.528e+03	+9.494e+03	+0.232
13.700	+6.318e+03	+2.122e+03	+1.041e+04	+0.251
13.800	+6.213e+03	+2.682e+03	+8.640e+03	+0.302
13.900	+7.086e+03	+4.666e+03	+9.648e+03	+0.397
14.000	+6.271e+03	+2.538e+03	+9.889e+03	+0.288
14.100	+4.506e+03	+7.427e+03	+9.057e+03	+0.622
14.200	+3.173e+03	+6.568e+03	+9.754e+03	+0.674
14.300	+2.720e+03	+8.374e+03	+1.182e+04	+0.755
14.400	+2.817e+03	+6.776e+03	+1.021e+04	+0.706
14.500	+2.142e+03	+7.055e+03	+9.589e+03	+0.767
14.600	+2.494e+03	+7.701e+03	+1.073e+04	+0.755
14.700	+2.072e+03	+5.301e+03	+1.041e+04	+0.719
14.800	+3.215e+03	+7.328e+03	+9.646e+03	+0.695
14.900	+2.895e+03	+8.407e+03	+7.992e+03	+0.744
15.000	+3.340e+03	+8.181e+03	+9.588e+03	+0.710
15.100	+2.037e+03	+6.019e+03	+1.033e+04	+0.747
15.200	+3.896e+03	+7.565e+03	+1.010e+04	+0.660
15.300	+7.330e+03	+1.419e+03	+1.115e+04	+0.162
15.400	+6.557e+03	+2.388e+03	+1.072e+04	+0.267
15.500	+6.363e+03	+3.127e+03	+1.106e+04	+0.329
15.600	+7.768e+03	+3.232e+03	+9.846e+03	+0.294
15.700	+7.412e+03	+3.573e+03	+9.129e+03	+0.325
15.800	+8.185e+03	+3.333e+03	+1.054e+04	+0.289
15.900	+8.280e+03	+2.991e+03	+9.028e+03	+0.265
16.000	+6.445e+03	+3.401e+03	+1.087e+04	+0.345
16.100	+7.051e+03	+3.532e+03	+1.096e+04	+0.334
16.200	+6.958e+03	+3.545e+03	+1.156e+04	+0.338
16.300	+7.327e+03	+2.974e+03	+9.855e+03	+0.289
16.400	+6.832e+03	+3.542e+03	+1.038e+04	+0.341
16.500	+5.793e+03	+3.184e+03	+8.940e+03	+0.355
16.600	+5.907e+03	+2.821e+03	+9.199e+03	+0.323
16.700	+7.165e+03	+3.419e+03	+9.427e+03	+0.323
16.800	+7.453e+03	+2.251e+03	+9.719e+03	+0.232
16.900	+7.593e+03	+1.842e+03	+9.836e+03	+0.195
17.000	+7.061e+03	+2.419e+03	+1.089e+04	+0.255
17.100	+8.511e+03	+1.285e+03	+1.050e+04	+0.131
17.200	+7.780e+03	+4.016e+03	+1.044e+04	+0.340
17.300	+7.283e+03	+4.583e+03	+1.035e+04	+0.386
17.400	+6.057e+03	+3.056e+03	+1.042e+04	+0.335
17.500	+6.496e+03	+5.510e+03	+1.053e+04	+0.459
17.600	+7.660e+03	+2.770e+03	+1.079e+04	+0.266
17.700	+7.662e+03	+3.201e+03	+1.021e+04	+0.295
17.800	+5.406e+03	+4.427e+03	+1.092e+04	+0.450
17.900	+1.912e+03	+7.192e+03	+1.052e+04	+0.790
18.000	+2.359e+03	+7.630e+03	+9.261e+03	+0.764
18.100	+1.687e+03	+8.015e+03	+8.857e+03	+0.826
18.200	+3.829e+03	+6.970e+03	+8.092e+03	+0.645
18.300	+5.922e+03	+2.394e+03	+9.887e+03	+0.288
18.400	+7.976e+03	+2.122e+03	+1.203e+04	+0.210
18.500	+4.185e+03	+5.554e+03	+1.054e+04	+0.570
18.600	+5.357e+03	+4.967e+03	+1.037e+04	+0.481
18.700	+5.895e+03	+2.667e+03	+1.038e+04	+0.312
18.800	+7.502e+03	+3.598e+03	+1.111e+04	+0.324
18.900	+6.795e+03	+2.723e+03	+9.171e+03	+0.286
19.000	+5.081e+03	+4.818e+03	+1.138e+04	+0.487
19.100	+1.264e+03	+6.676e+03	+1.013e+04	+0.841
19.200	+2.785e+03	+8.264e+03	+9.365e+03	+0.748
19.300	+2.041e+03	+6.911e+03	+1.016e+04	+0.772
19.400	+5.223e+03	+4.448e+03	+1.069e+04	+0.460
19.500	+6.354e+03	+3.417e+03	+9.096e+03	+0.350
19.600	+6.713e+03	+4.276e+03	+9.640e+03	+0.389
19.700	+7.412e+03	+3.080e+03	+9.182e+03	+0.294
19.800	+6.703e+03	+4.114e+03	+1.008e+04	+0.380
19.900	+8.436e+03	+2.652e+03	+1.038e+04	+0.239
20.000	+7.057e+03	+3.797e+03	+8.617e+03	+0.350
20.100	+3.261e+03	+6.050e+03	+1.015e+04	+0.650
20.200	+3.922e+03	+7.869e+03	+9.737e+03	+0.667
20.300	+2.345e+03	+8.025e+03	+1.119e+04	+0.774
20.400	+3.196e+03	+6.464e+03	+8.902e+03	+0.669
20.500	+4.552e+03	+7.562e+03	+8.719e+03	+0.624
20.600	+2.201e+03	+6.632e+03	+9.313e+03	+0.751
20.700	+2.467e+03	+5.928e+03	+9.407e+03	+0.706
20.800	+1.674e+03	+7.229e+03	+1.018e+04	+0.812
20.900	+3.659e+03	+7.546e+03	+1.069e+04	+0.673
21.000	+2.284e+03	+6.552e+03	+9.549e+03	+0.742
21.100	+3.390e+03	+7.875e+03	+8.717e+03	+0.699
21.200	+3.807e+03	+5.813e+03	+9.362e+03	+0.604
21.300	+3.196e+03	+7.409e+03	+1.130e+04	+0.699
21.400	+4.331e+03	+7.536e+03	+1.059e+04	+0.635
21.500	+2.919e+03	+8.066e+03	+1.062e+04	+0.734
21.600	+3.279e+03	+7.835e+03	+9.756e+03	+0.705
21.700	+3.277e+03	+7.482e+03	+1.013e+04	+0.695
21.800	+1.917e+03	+6.321e+03	+8.273e+03	+0.767
21.900	+4.782e+03	+7.634e+03	+9.304e+03	+0.615
22.000	+7.333e+03	+3.254e+03	+1.122e+04	+0.307
22.100	+5.735e+03	+1.850e+03	+9.430e+03	+0.244
22.200	+5.676e+03	+2.981e+03	+9.505e+03	+0.344
22.300	+6.189e+03	+4.165e+03	+9.875e+03	+0.402
22.400	+6.237e+03	+5.249e+03	+9.328e+03	+0.457
22.500	+7.420e+03	+3.481e+03	+1.166e+04	+0.319
22.600	+6.947e+03	+3.504e+03	+8.695e+03	+0.335
22.700	+5.692e+03	+3.290e+03	+9.059e+03	+0.366
22.800	+6.793e+03	+2.921e+03	+1.117e+04	+0.301
22.900	+7.328e+03	+2.821e+03	+1.018e+04	+0.278
23.000	+5.514e+03	+4.271e+03	+1.066e+04	+0.437
23.100	+7.571e+03	+2.105e+03	+1.076e+04	+0.218
23.200	+7.674e+03	+2.219e+03	+8.911e+03	+0.224
23.300	+6.834e+03	+3.083e+03	+1.084e+04	+0.311
23.400	+6.517e+03	+3.501e+03	+9.905e+03	+0.349
23.500	+7.481e+03	+3.755e+03	+1.046e+04	+0.334
23.600	+5.227e+03	+3.787e+03	+9.861e+03	+0.420
23.700	+5.384e+03	+2.271e+03	+1.055e+04	+0.297
23.800	+6.309e+03	+3.055e+03	+1.130e+04	+0.326
23.900	+6.602e+03	+3.273e+03	+1.031e+04	+0.331
24.000	+6.612e+03	+3.000e+03	+1.007e+04	+0.312
24.100	+7.206e+03	+3.488e+03	+9.098e+03	+0.326
24.200	+7.029e+03	+2.764e+03	+1.077e+04	+0.282
24.300	+7.539e+03	+3.354e+03	+9.857e+03	+0.308
24.400	+7.423e+03	+3.767e+03	+1.104e+04	+0.337
24.500	+6.657e+03	+3.573e+03	+1.006e+04	+0.349
24.600	+7.325e+03	+3.240e+03	+9.081e+03	+0.307
24.700	+5.153e+03	+5.333e+03	+1.043e+04	+0.509
24.800	+3.872e+03	+6.993e+03	+1.129e+04	+0.644
24.900	+2.139e+03	+5.622e+03	+1.018e+04	+0.724
25.000	+2.212e+03	+6.799e+03	+9.223e+03	+0.755
25.100	+4.740e+03	+6.168e+03	+9.871e+03	+0.565
25.200	+2.384e+03	+7.487e+03	+9.580e+03	+0.758
25.300	+3.458e+03	+8.152e+03	+1.019e+04	+0.702
25.400	+2.618e+03	+7.760e+03	+9.539e+03	+0.748
25.500	+3.591e+03	+6.846e+03	+1.030e+04	+0.656
25.600	+2.180e+03	+5.727e+03	+9.364e+03	+0.724
25.700	+3.710e+03	+6.477e+03	+9.808e+03	+0.636
25.800	+3.821e+03	+6.917e+03	+1.066e+04	+0.644
25.900	+1.189e+03	+8.411e+03	+1.045e+04	+0.876
26.000	+3.155e+03	+8.200e+03	+9.511e+03	+0.722
26.100	+2.555e+03	+6.933e+03	+9.814e+03	+0.731
26.200	+3.608e+03	+7.014e+03	+9.909e+03	+0.660
26.300	+3.036e+03	+7.955e+03	+9.978e+03	+0.724
26.400	+2.984e+03	+8.744e+03	+9.355e+03	+0.746
26.500	+3.173e+03	+7.167e+03	+9.284e+03	+0.693
26.600	+2.439e+03	+6.866e+03	+1.014e+04	+0.738
26.700	+3.025e+03	+6.120e+03	+9.542e+03	+0.669
26.800	+4.276e+03	+6.726e+03	+9.046e+03	+0.611
26.900	+2.287e+03	+7.022e+03	+1.079e+04	+0.754
27.000	+3.755e+03	+7.584e+03	+1.017e+04	+0.669
27.100	+3.198e+03	+7.679e+03	+1.059e+04	+0.706
27.200	+3.324e+03	+7.700e+03	+1.049e+04	+0.699
27.300	+3.287e+03	+7.422e+03	+1.010e+04	+0.693
27.400	+2.441e+03	+7.578e+03	+8.182e+03	+0.756
27.500	+2.195e+03	+7.564e+03	+9.649e+03	+0.775
27.600	+3.402e+03	+7.129e+03	+8.941e+03	+0.677
27.700	+3.559e+03	+6.637e+03	+9.275e+03	+0.651
27.800	+3.492e+03	+7.855e+03	+1.094e+04	+0.692
27.900	+6.699e+03	+3.665e+03	+1.096e+04	+0.354
28.000	+6.090e+03	+3.167e+03	+1.012e+04	+0.342
28.100	+6.426e+03	+2.600e+03	+1.061e+04	+0.288
28.200	+7.552e+03	+2.576e+03	+8.968e+03	+0.254
28.300	+7.883e+03	+4.376e+03	+1.009e+04	+0.357
28.400	+6.094e+03	+3.576e+03	+1.031e+04	+0.370
28.500	+6.505e+03	+2.883e+03	+9.417e+03	+0.307
28.600	+6.356e+03	+3.684e+03	+1.071e+04	+0.367
28.700	+6.400e+03	+4.292e+03	+1.100e+04	+0.401
28.800	+7.169e+03	+1.555e+03	+1.023e+04	+0.178
28.900	+5.597e+03	+6.043e+03	+9.717e+03	+0.519
29.000	+8.693e+02	+6.865e+03	+8.767e+03	+0.888
29.100	+3.216e+03	+6.491e+03	+9.707e+03	+0.669
29.200	+4.286e+03	+9.136e+03	+1.018e+04	+0.681
29.300	+4.078e+03	+7.884e+03	+9.544e+03	+0.659
29.400	+2.254e+03	+6.779e+03	+9.326e+03	+0.750
29.500	+3.377e+03	+7.890e+03	+8.665e+03	+0.700
29.600	+1.962e+03	+7.822e+03	+8.066e+03	+0.800
29.700	+2.985e+03	+6.482e+03	+1.028e+04	+0.685
29.800	+3.432e+03	+6.979e+03	+1.023e+04	+0.670
29.900	+2.828e+03	+6.887e+03	+1.046e+04	+0.709
30.000	+2.941e+03	+6.351e+03	+1.111e+04	+0.684
30.100	+5.078e+03	+4.087e+03	+9.758e+03	+0.446
30.200	+5.062e+03	+2.637e+03	+8.946e+03	+0.343
30.300	+7.431e+03	+2.114e+03	+9.675e+03	+0.221
30.400	+5.686e+03	+3.311e+03	+1.056e+04	+0.368
30.500	+6.056e+03	+2.812e+03	+1.009e+04	+0.317
30.600	+6.961e+03	+3.757e+03	+1.033e+04	+0.351
30.700	+3.293e+03	+8.204e+03	+9.832e+03	+0.714
30.800	+2.028e+03	+6.718e+03	+1.027e+04	+0.768
30.900	+4.676e+03	+6.790e+03	+1.075e+04	+0.592
31.000	+3.276e+03	+6.916e+03	+1.035e+04	+0.679
31.100	+4.232e+03	+7.150e+03	+9.566e+03	+0.628
31.200	+6.724e+03	+4.386e+03	+9.422e+03	+0.395
31.300	+8.235e+03	+1.906e+03	+8.465e+03	+0.188
31.400	+7.294e+03	+3.999e+03	+1.133e+04	+0.354
31.500	+7.287e+03	+2.452e+03	+9.957e+03	+0.252
31.600	+6.958e+03	+1.348e+03	+8.442e+03	+0.162
31.700	+7.998e+03	+3.671e+03	+9.575e+03	+0.315
31.800	+6.704e+03	+3.530e+03	+1.064e+04	+0.345
31.900	+8.551e+03	+3.919e+03	+1.096e+04	+0.314
32.000	+5.217e+03	+4.400e+03	+1.042e+04	+0.458
32.100	+4.543e+03	+6.996e+03	+9.107e+03	+0.606
32.200	+4.238e+03	+5.905e+03	+1.089e+04	+0.582
32.300	+6.877e+03	+3.547e+03	+1.041e+04	+0.340
32.400	+5.919e+03	+3.277e+03	+9.509e+03	+0.356
32.500	+8.002e+03	+1.384e+03	+9.217e+03	+0.147
32.600	+6.883e+03	+3.780e+03	+1.068e+04	+0.355
32.700	+6.671e+03	+2.604e+03	+9.747e+03	+0.281
32.800	+8.137e+03	+3.451e+03	+8.621e+03	+0.298
32.900	+8.178e+03	+3.306e+03	+9.216e+03	+0.288
33.000	+7.528e+03	+2.851e+03	+1.146e+04	+0.275
33.100	+6.749e+03	+3.752e+03	+9.839e+03	+0.357
33.200	+7.962e+03	+3.203e+03	+9.071e+03	+0.287
33.300	+5.761e+03	+3.135e+03	+9.988e+03	+0.352
33.400	+6.428e+03	+2.001e+03	+9.391e+03	+0.237
33.500	+7.761e+03	+2.010e+03	+9.539e+03	+0.206
33.600	+7.624e+03	+3.092e+03	+9.324e+03	+0.289
33.700	+5.093e+03	+5.325e+03	+1.021e+04	+0.511
33.800	+1.737e+03	+6.498e+03	+1.026e+04	+0.789
33.900	+2.659e+03	+7.060e+03	+8.664e+03	+0.726
34.000	+3.752e+03	+6.267e+03	+9.916e+03	+0.625
34.100	+1.969e+03	+7.093e+03	+1.074e+04	+0.783
34.200	+2.016e+03	+8.029e+03	+1.105e+04	+0.799
34.300	+4.078e+03	+6.293e+03	+9.356e+03	+0.607
34.400	+1.332e+03	+5.960e+03	+9.700e+03	+0.817
34.500	+3.496e+03	+7.371e+03	+9.476e+03	+0.678
34.600	+3.412e+03	+7.080e+03	+9.222e+03	+0.675
34.700	+2.047e+03	+6.314e+03	+1.012e+04	+0.755
34.800	+1.804e+03	+6.077e+03	+8.208e+03	+0.771
34.900	+3.690e+03	+8.866e+03	+1.005e+04	+0.706
35.000	+3.529e+03	+6.858e+03	+1.008e+04	+0.660
35.100	+3.052e+03	+6.582e+03	+1.098e+04	+0.683
35.200	+2.562e+03	+6.796e+03	+8.869e+03	+0.726
35.300	+4.196e+03	+6.659e+03	+8.545e+03	+0.613
35.400	+3.194e+03	+6.782e+03	+1.092e+04	+0.680
35.500	+3.743e+03	+5.827e+03	+8.264e+03	+0.609
35.600	+2.313e+03	+7.218e+03	+1.031e+04	+0.757
35.700	+1.882e+03	+6.608e+03	+9.713e+03	+0.778
35.800	+1.166e+03	+6.421e+03	+8.775e+03	+0.846
35.900	+3.410e+03	+5.520e+03	+9.207e+03	+0.618
36.000	+4.384e+03	+7.208e+03	+1.026e+04	+0.622
36.100	+2.635e+03	+7.370e+03	+1.007e+04	+0.737
36.200	+3.402e+03	+6.563e+03	+9.899e+03	+0.659
36.300	+2.638e+03	+6.742e+03	+8.628e+03	+0.719
36.400	+3.327e+03	+8.065e+03	+9.878e+03	+0.708
36.500	+3.747e+03	+6.766e+03	+8.798e+03	+0.644
36.600	+3.101e+03	+6.451e+03	+1.025e+04	+0.675
36.700	+2.596e+03	+7.220e+03	+1.100e+04	+0.736
36.800	+3.343e+03	+6.792e+03	+1.083e+04	+0.670
36.900	+5.892e+03	+5.144e+03	+9.677e+03	+0.466
37.000	+6.771e+03	+2.124e+03	+9.453e+03	+0.239
37.100	+5.613e+03	+3.096e+03	+8.505e+03	+0.355
37.200	+6.290e+03	+3.283e+03	+9.952e+03	+0.343
37.300	+7.071e+03	+3.953e+03	+9.676e+03	+0.359
37.400	+7.787e+03	+2.534e+03	+9.642e+03	+0.246
37.500	+7.737e+03	+1.737e+03	+1.024e+04	+0.183
37.600	+6.760e+03	+3.364e+03	+1.113e+04	+0.332
37.700	+7.341e+03	+2.293e+03	+1.030e+04	+0.238
37.800	+7.304e+03	+2.882e+03	+9.107e+03	+0.283
37.900	+6.535e+03	+4.815e+03	+1.017e+04	+0.424
38.000	+3.042e+03	+7.272e+03	+9.933e+03	+0.705
38.100	+2.154e+03	+5.772e+03	+9.685e+03	+0.728
38.200	+5.893e+03	+5.200e+03	+1.102e+04	+0.469
38.300	+7.049e+03	+1.873e+03	+1.014e+04	+0.210
38.400	+5.671e+03	+1.630e+03	+1.077e+04	+0.223
38.500	+4.311e+03	+6.340e+03	+8.958e+03	+0.595
38.600	+2.687e+03	+7.034e+03	+9.362e+03	+0.724
38.700	+2.027e+03	+5.099e+03	+9.715e+03	+0.716
38.800	+2.722e+03	+6.121e+03	+9.816e+03	+0.692
38.900	+3.318e+03	+7.266e+03	+8.879e+03	+0.687
39.000	+3.718e+03	+7.760e+03	+1.008e+04	+0.676
39.100	+2.463e+03	+5.664e+03	+1.055e+04	+0.697
39.200	+2.717e+03	+7.884e+03	+8.820e+03	+0.744
39.300	+3.320e+03	+6.103e+03	+1.118e+04	+0.648
39.400	+4.877e+03	+6.740e+03	+9.751e+03	+0.580
39.500	+7.504e+03	+2.651e+03	+1.017e+04	+0.261
39.600	+9.000e+03	+2.116e+03	+9.943e+03	+0.190
39.700	+8.499e+03	+3.276e+03	+1.076e+04	+0.278
39.800	+6.612e+03	+2.715e+03	+9.294e+03	+0.291
39.900	+7.089e+03	+4.400e+03	+1.014e+04	+0.383
40.000	+8.079e+03	+4.181e+03	+1.032e+04	+0.341
40.100	+7.085e+03	+2.405e+03	+1.049e+04	+0.253
40.200	+6.018e+03	+5.046e+03	+1.109e+04	+0.456
40.300	+3.610e+03	+7.372e+03	+9.542e+03	+0.671
40.400	+1.502e+03	+7.457e+03	+9.264e+03	+0.832
40.500	+3.087e+03	+7.071e+03	+9.409e+03	+0.696
40.600	+3.444e+03	+7.561e+03	+1.026e+04	+0.687
40.700	+3.634e+03	+5.879e+03	+1.077e+04	+0.618
40.800	+2.872e+03	+7.342e+03	+1.134e+04	+0.719
40.900	+4.002e+03	+4.866e+03	+9.931e+03	+0.549
41.000	+6.444e+03	+2.727e+03	+9.508e+03	+0.297
41.100	+7.091e+03	+3.769e+03	+1.096e+04	+0.347
41.200	+6.634e+03	+2.461e+03	+1.075e+04	+0.271
41.300	+6.949e+03	+2.107e+03	+1.101e+04	+0.233
41.400	+6.774e+03	+2.468e+03	+9.847e+03	+0.267
41.500	+6.549e+03	+4.579e+03	+1.058e+04	+0.411
41.600	+6.555e+03	+2.779e+03	+8.773e+03	+0.298
41.700	+5.205e+03	+4.319e+03	+1.138e+04	+0.453
41.800	+7.552e+03	+3.969e+03	+1.053e+04	+0.344
41.900	+6.996e+03	+2.935e+03	+9.371e+03	+0.296
42.000	+6.975e+03	+3.277e+03	+1.161e+04	+0.320
42.100	+7.597e+03	+2.892e+03	+1.081e+04	+0.276
42.200	+3.665e+03	+7.591e+03	+9.004e+03	+0.674
42.300	+3.055e+03	+7.461e+03	+9.615e+03	+0.709
42.400	+2.893e+03	+8.102e+03	+9.841e+03	+0.737
42.500	+2.631e+03	+7.143e+03	+8.485e+03	+0.731
42.600	+2.581e+03	+8.033e+03	+9.547e+03	+0.757
42.700	+2.672e+03	+7.447e+03	+9.436e+03	+0.736
42.800	+3.169e+03	+6.926e+03	+9.058e+03	+0.686
42.900	+3.585e+03	+6.454e+03	+9.280e+03	+0.643
43.000	+2.825e+03	+7.020e+03	+1.023e+04	+0.713
43.100	+2.026e+03	+6.168e+03	+1.063e+04	+0.753
43.200	+1.600e+03	+6.834e+03	+1.115e+04	+0.810
43.300	+2.650e+03	+6.957e+03	+8.583e+03	+0.724
43.400	+2.984e+03	+7.827e+03	+8.860e+03	+0.724
43.500	+3.809e+03	+8.169e+03	+1.041e+04	+0.682
43.600	+3.897e+03	+6.582e+03	+8.649e+03	+0.628
43.700	+3.085e+03	+6.802e+03	+1.158e+04	+0.688
43.800	+3.903e+03	+7.011e+03	+1.079e+04	+0.642
43.900	+2.527e+03	+6.358e+03	+8.998e+03	+0.716
44.000	+3.120e+03	+6.894e+03	+9.892e+03	+0.688
44.100	+4.111e+03	+9.113e+03	+1.154e+04	+0.689
44.200	+3.854e+03	+8.063e+03	+9.605e+03	+0.677
44.300	+2.778e+03	+8.002e+03	+7.322e+03	+0.742
44.400	+3.771e+03	+7.875e+03	+1.061e+04	+0.676
44.500	+2.410e+03	+6.947e+03	+9.619e+03	+0.742
44.600	+3.196e+03	+6.361e+03	+9.899e+03	+0.666
44.700	+1.744e+03	+7.198e+03	+1.064e+04	+0.805
44.800	+1.912e+03	+8.216e+03	+9.089e+03	+0.811
44.900	+2.283e+03	+5.476e+03	+9.992e+03	+0.706
45.000	+2.157e+03	+6.911e+03	+1.074e+04	+0.762
45.100	+3.385e+03	+6.361e+03	+1.008e+04	+0.653
45.200	+3.201e+03	+8.247e+03	+8.556e+03	+0.720
45.300	+2.215e+03	+7.084e+03	+8.684e+03	+0.762
45.400	+2.856e+03	+7.127e+03	+1.011e+04	+0.714
45.500	+6.883e+03	+4.429e+03	+9.225e+03	+0.392
45.600	+7.492e+03	+1.423e+03	+8.961e+03	+0.160
45.700	+7.142e+03	+3.123e+03	+1.110e+04	+0.304
45.800	+4.623e+03	+3.454e+03	+9.704e+03	+0.428
45.900	+7.096e+03	+3.018e+03	+7.756e+03	+0.298
46.000	+7.646e+03	+2.894e+03	+1.089e+04	+0.275
46.100	+6.815e+03	+4.596e+03	+8.484e+03	+0.403
46.200	+7.363e+03	+4.101e+03	+9.976e+03	+0.358
46.300	+7.134e+03	+1.148e+03	+8.237e+03	+0.139
46.400	+6.364e+03	+3.744e+03	+9.695e+03	+0.370
46.500	+6.804e+03	+2.097e+03	+9.952e+03	+0.236
46.600	+8.437e+03	+1.708e+03	+9.999e+03	+0.168
46.700	+6.847e+03	+2.099e+03	+8.540e+03	+0.235
46.800	+7.622e+03	+2.491e+03	+9.330e+03	+0.246
46.900	+7.400e+03	+4.303e+03	+9.152e+03	+0.368
47.000	+6.394e+03	+2.540e+03	+1.202e+04	+0.284
47.100	+6.885e+03	+2.327e+03	+1.032e+04	+0.253
47.200	+6.680e+03	+2.791e+03	+8.537e+03	+0.295
47.300	+7.338e+03	+1.325e+03	+1.129e+04	+0.153
47.400	+5.603e+03	+5.000e+03	+1.083e+04	+0.472
47.500	+3.436e+03	+6.724e+03	+1.024e+04	+0.662
47.600	+2.323e+03	+6.086e+03	+9.103e+03	+0.724
47.700	+3.394e+03	+7.693e+03	+1.096e+04	+0.694
47.800	+2.650e+03	+7.292e+03	+1.133e+04	+0.733
47.900	+3.194e+03	+7.914e+03	+1.062e+04	+0.712
48.000	+1.372e+03	+7.608e+03	+9.361e+03	+0.847
48.100	+2.129e+03	+7.478e+03	+1.069e+04	+0.778
48.200	+3.507e+03	+7.610e+03	+8.888e+03	+0.685
48.300	+2.279e+03	+5.692e+03	+1.150e+04	+0.714
48.400	+2.857e+03	+7.754e+03	+9.978e+03	+0.731
48.500	+2.851e+03	+7.979e+03	+9.945e+03	+0.737
48.600	+4.036e+03	+7.234e+03	+9.191e+03	+0.642
48.700	+3.762e+03	+5.977e+03	+8.721e+03	+0.614
48.800	+4.144e+03	+7.480e+03	+1.013e+04	+0.643
48.900	+3.948e+03	+7.296e+03	+1.071e+04	+0.649
49.000	+7.602e+03	+3.980e+03	+1.023e+04	+0.344
49.100	+6.580e+03	+3.110e+03	+9.585e+03	+0.321
49.200	+2.904e+03	+6.252e+03	+1.079e+04	+0.683
49.300	+2.329e+03	+6.811e+03	+1.056e+04	+0.745
49.400	+2.630e+03	+6.128e+03	+9.010e+03	+0.700
49.500	+3.240e+03	+7.372e+03	+1.095e+04	+0.695
49.600	+2.649e+03	+5.424e+03	+9.624e+03	+0.672
49.700	+3.108e+03	+6.859e+03	+9.467e+03	+0.688
49.800	+1.995e+03	+7.110e+03	+9.886e+03	+0.781
49.900	+4.103e+03	+6.174e+03	+1.012e+04	+0.601
50.000	+2.863e+03	+7.121e+03	+8.874e+03	+0.713
50.100	+2.392e+03	+7.062e+03	+1.043e+04	+0.747
50.200	+3.276e+03	+8.851e+03	+1.066e+04	+0.730
50.300	+3.592e+03	+7.288e+03	+9.238e+03	+0.670
50.400	+3.120e+03	+8.399e+03	+9.900e+03	+0.729
50.500	+3.720e+03	+6.378e+03	+1.005e+04	+0.632
50.600	+2.631e+03	+7.376e+03	+9.923e+03	+0.737
50.700	+2.024e+03	+7.007e+03	+9.844e+03	+0.776
50.800	+5.211e+03	+5.747e+03	+9.639e+03	+0.524
50.900	+6.981e+03	+3.227e+03	+1.057e+04	+0.316
51.000	+7.677e+03	+3.554e+03	+1.052e+04	+0.316
51.100	+8.565e+03	+4.320e+03	+9.393e+03	+0.335
51.200	+6.958e+03	+3.733e+03	+9.954e+03	+0.349
51.300	+6.505e+03	+2.703e+03	+1.021e+04	+0.294
51.400	+9.220e+03	+4.361e+03	+1.004e+04	+0.321
51.500	+6.694e+03	+3.094e+03	+9.200e+03	+0.316
51.600	+6.211e+03	+3.593e+03	+1.014e+04	+0.366
51.700	+3.349e+03	+6.748e+03	+9.932e+03	+0.668
51.800	+2.716e+03	+8.291e+03	+1.073e+04	+0.753
51.900	+3.812e+03	+7.207e+03	+9.111e+03	+0.654
52.000	+7.107e+03	+3.149e+03	+8.648e+03	+0.307
52.100	+7.207e+03	+1.694e+03	+9.141e+03	+0.190
52.200	+5.750e+03	+4.484e+03	+1.023e+04	+0.438
52.300	+6.821e+03	+2.813e+03	+1.100e+04	+0.292
52.400	+7.655e+03	+3.538e+03	+1.014e+04	+0.316
52.500	+6.459e+03	+3.086e+03	+1.017e+04	+0.323
52.600	+8.129e+03	+3.673e+03	+8.933e+03	+0.311
52.700	+6.245e+03	+3.151e+03	+1.054e+04	+0.335
52.800	+5.871e+03	+6.231e+03	+9.793e+03	+0.515
52.900	+2.029e+03	+5.558e+03	+9.795e+03	+0.733
53.000	+1.918e+03	+7.478e+03	+9.566e+03	+0.796
53.100	+2.477e+03	+6.113e+03	+1.147e+04	+0.712
53.200	+3.055e+03	+6.469e+03	+9.731e+03	+0.679
53.300	+2.165e+03	+8.423e+03	+1.182e+04	+0.796
53.400	+5.362e+03	+7.764e+03	+1.076e+04	+0.592
53.500	+3.655e+03	+6.981e+03	+8.622e+03	+0.656
53.600	+4.058e+03	+7.890e+03	+1.101e+04	+0.660
53.700	+3.539e+03	+7.576e+03	+9.607e+03	+0.682
53.800	+2.771e+03	+6.866e+03	+9.090e+03	+0.712
53.900	+1.801e+03	+7.792e+03	+1.047e+04	+0.812
54.000	+3.688e+03	+7.504e+03	+1.020e+04	+0.670
54.100	+2.001e+03	+7.136e+03	+9.650e+03	+0.781
54.200	+2.727e+03	+6.401e+03	+9.821e+03	+0.701
54.300	+4.345e+03	+5.649e+03	+9.754e+03	+0.565
54.400	+8.351e+03	+2.630e+03	+9.449e+03	+0.240
54.500	+7.215e+03	+4.334e+03	+9.281e+03	+0.375
54.600	+3.377e+03	+6.765e+03	+9.438e+03	+0.667
54.700	+3.341e+03	+6.872e+03	+9.190e+03	+0.673
54.800	+6.570e+03	+2.771e+03	+1.049e+04	+0.297
54.900	+7.131e+03	+3.487e+03	+1.120e+04	+0.328
55.000	+6.226e+03	+3.500e+03	+1.011e+04	+0.360
55.100	+9.451e+03	+4.602e+03	+9.980e+03	+0.327
55.200	+7.696e+03	+5.243e+03	+9.943e+03	+0.405
55.300	+7.758e+03	+3.394e+03	+1.039e+04	+0.304
55.400	+7.479e+03	+3.435e+03	+8.525e+03	+0.315
55.500	+8.135e+03	+5.193e+03	+8.995e+03	+0.390
55.600	+6.709e+03	+2.180e+03	+9.457e+03	+0.245
55.700	+5.749e+03	+3.706e+03	+1.022e+04	+0.392
55.800	+3.569e+03	+6.885e+03	+1.082e+04	+0.659
55.900	+3.221e+03	+6.069e+03	+1.096e+04	+0.653
56.000	+3.742e+03	+6.885e+03	+9.630e+03	+0.648
56.100	+3.044e+03	+6.693e+03	+1.041e+04	+0.687
56.200	+3.028e+03	+7.122e+03	+1.079e+04	+0.702
56.300	+2.772e+03	+5.856e+03	+1.028e+04	+0.679
56.400	+2.509e+03	+6.312e+03	+1.066e+04	+0.716
56.500	+3.811e+03	+7.046e+03	+1.058e+04	+0.649
56.600	+2.403e+03	+8.411e+03	+9.010e+03	+0.778
56.700	+1.554e+03	+5.609e+03	+1.075e+04	+0.783
56.800	+4.198e+03	+7.337e+03	+1.020e+04	+0.636
56.900	+4.457e+03	+9.245e+03	+9.886e+03	+0.675
57.000	+3.059e+03	+7.083e+03	+8.789e+03	+0.698
57.100	+3.204e+03	+8.505e+03	+9.298e+03	+0.726
57.200	+2.263e+03	+6.611e+03	+8.823e+03	+0.745
57.300	+2.679e+03	+7.865e+03	+9.959e+03	+0.746
57.400	+2.992e+03	+7.013e+03	+8.843e+03	+0.701
57.500	+3.057e+03	+5.820e+03	+1.020e+04	+0.656
57.600	+2.750e+03	+7.318e+03	+9.783e+03	+0.727
57.700	+3.230e+03	+7.748e+03	+1.006e+04	+0.706
57.800	+2.941e+03	+7.662e+03	+9.431e+03	+0.723
57.900	+3.527e+03	+6.520e+03	+1.000e+04	+0.649
58.000	+5.160e+03	+7.215e+03	+9.843e+03	+0.583
58.100	+3.294e+03	+6.314e+03	+1.029e+04	+0.657
58.200	+3.168e+03	+7.169e+03	+8.526e+03	+0.693
58.300	+3.800e+03	+6.873e+03	+9.809e+03	+0.644
58.400	+1.988e+03	+5.941e+03	+1.039e+04	+0.749
58.500	+3.242e+03	+6.881e+03	+1.054e+04	+0.680
58.600	+3.091e+03	+5.974e+03	+9.686e+03	+0.659
58.700	+3.833e+03	+7.466e+03	+9.960e+03	+0.661
58.800	+4.766e+03	+6.559e+03	+1.115e+04	+0.579
58.900	+2.720e+03	+7.248e+03	+9.985e+03	+0.727
59.000	+1.203e+03	+7.043e+03	+1.071e+04	+0.854
59.100	+4.007e+03	+7.541e+03	+9.797e+03	+0.653
59.200	+2.704e+03	+5.460e+03	+8.762e+03	+0.669
59.300	+2.443e+03	+5.843e+03	+1.156e+04	+0.705
59.400	+3.242e+03	+4.813e+03	+9.995e+03	+0.597
59.500	+1.429e+03	+7.861e+03	+9.412e+03	+0.846
59.600	+2.452e+03	+7.178e+03	+1.099e+04	+0.745
59.700	+2.938e+03	+7.463e+03	+8.932e+03	+0.718
59.800	+2.676e+03	+6.452e+03	+9.822e+03	+0.707
59.900	+1.699e+03	+6.445e+03	+9.024e+03	+0.791
60.000	+2.440e+03	+6.326e+03	+9.605e+03	+0.722
60.100	+4.040e+03	+5.892e+03	+9.864e+03	+0.593
60.200	+5.409e+03	+5.668e+03	+1.009e+04	+0.512
60.300	+6.254e+03	+3.110e+03	+8.919e+03	+0.332
60.400	+6.106e+03	+2.610e+03	+9.958e+03	+0.299
60.500	+5.657e+03	+3.025e+03	+9.729e+03	+0.348
60.600	+7.080e+03	+3.084e+03	+8.898e+03	+0.303
60.700	+7.299e+03	+2.759e+03	+8.539e+03	+0.274
60.800	+7.549e+03	+2.467e+03	+9.954e+03	+0.246
60.900	+6.057e+03	+3.147e+03	+9.385e+03	+0.342
61.000	+7.465e+03	+2.612e+03	+9.721e+03	+0.259
61.100	+6.970e+03	+3.275e+03	+9.824e+03	+0.320
61.200	+3.786e+03	+7.757e+03	+1.065e+04	+0.672
61.300	+2.696e+03	+5.158e+03	+9.475e+03	+0.657
61.400	+2.719e+03	+7.658e+03	+1.094e+04	+0.738
61.500	+4.586e+03	+6.376e+03	+1.025e+04	+0.582
61.600	+3.295e+03	+5.786e+03	+1.138e+04	+0.637
61.700	+3.764e+03	+7.045e+03	+1.020e+04	+0.652
61.800	+2.663e+03	+6.759e+03	+1.169e+04	+0.717
61.900	+5.001e+03	+5.091e+03	+9.773e+03	+0.504
62.000	+6.929e+03	+3.663e+03	+9.114e+03	+0.346
62.100	+8.863e+03	+3.122e+03	+8.214e+03	+0.261
62.200	+5.799e+03	+3.933e+03	+9.554e+03	+0.404
62.300	+6.747e+03	+3.196e+03	+1.044e+04	+0.321
62.400	+2.439e+03	+7.890e+03	+9.937e+03	+0.764
62.500	+2.141e+03	+6.330e+03	+1.099e+04	+0.747
62.600	+3.871e+03	+6.809e+03	+9.691e+03	+0.638
62.700	+2.238e+03	+6.255e+03	+1.087e+04	+0.736
62.800	+1.763e+03	+5.440e+03	+1.015e+04	+0.755
62.900	+2.973e+03	+6.833e+03	+8.662e+03	+0.697
63.000	+5.494e+02	+7.014e+03	+9.776e+03	+0.927
63.100	+3.169e+03	+7.291e+03	+9.707e+03	+0.697
63.200	+3.573e+03	+6.026e+03	+1.063e+04	+0.628
63.300	+2.676e+03	+7.442e+03	+1.042e+04	+0.736
63.400	+1.930e+03	+6.900e+03	+1.038e+04	+0.781
63.500	+2.807e+03	+7.254e+03	+9.303e+03	+0.721
63.600	+4.746e+03	+5.264e+03	+1.168e+04	+0.526
63.700	+7.697e+03	+3.143e+03	+1.028e+04	+0.290
63.800	+5.379e+03	+4.245e+03	+9.905e+03	+0.441
63.900	+8.106e+03	+2.175e+03	+9.514e+03	+0.212
64.000	+8.155e+03	+2.231e+03	+9.370e+03	+0.215
64.100	+7.242e+03	+2.509e+03	+9.917e+03	+0.257
64.200	+8.643e+03	+3.853e+03	+9.606e+03	+0.308
64.300	+7.657e+03	+3.668e+03	+9.685e+03	+0.324
64.400	+6.738e+03	+2.539e+03	+9.293e+03	+0.274
64.500	+6.987e+03	+2.526e+03	+9.743e+03	+0.266
64.600	+7.040e+03	+2.493e+03	+9.551e+03	+0.262
64.700	+6.540e+03	+3.604e+03	+9.722e+03	+0.355
64.800	+6.288e+03	+3.449e+03	+1.114e+04	+0.354
64.900	+5.791e+03	+3.324e+03	+1.047e+04	+0.365
65.000	+5.849e+03	+3.272e+03	+9.039e+03	+0.359
65.100	+6.299e+03	+4.625e+03	+1.036e+04	+0.423
65.200	+2.834e+03	+6.830e+03	+9.089e+03	+0.707
65.300	+2.409e+03	+6.835e+03	+1.052e+04	+0.739
65.400	+3.261e+03	+7.051e+03	+1.005e+04	+0.684
65.500	+3.125e+03	+6.759e+03	+1.006e+04	+0.684
65.600	+3.389e+03	+7.415e+03	+1.020e+04	+0.686
65.700	+2.650e+03	+6.726e+03	+8.148e+03	+0.717
65.800	+1.376e+03	+7.821e+03	+1.015e+04	+0.850
65.900	+2.867e+03	+7.592e+03	+9.665e+03	+0.726
66.000	+1.935e+03	+7.753e+03	+8.885e+03	+0.800
66.100	+3.449e+03	+7.337e+03	+9.608e+03	+0.680
66.200	+2.170e+03	+6.196e+03	+1.001e+04	+0.741
66.300	+2.537e+03	+7.055e+03	+9.692e+03	+0.735
66.400	+3.053e+03	+7.103e+03	+1.007e+04	+0.699
66.500	+2.652e+03	+8.124e+03	+1.086e+04	+0.754
66.600	+3.038e+03	+5.800e+03	+1.128e+04	+0.656
66.700	+4.353e+03	+7.292e+03	+1.080e+04	+0.626
66.800	+2.679e+03	+7.329e+03	+8.363e+03	+0.732
66.900	+3.310e+03	+7.607e+03	+9.303e+03	+0.697
67.000	+3.043e+03	+5.732e+03	+1.121e+04	+0.653
67.100	+3.595e+03	+7.273e+03	+8.747e+03	+0.669
67.200	+3.372e+03	+7.128e+03	+1.008e+04	+0.679
67.300	+2.767e+03	+7.638e+03	+9.897e+03	+0.734
67.400	+4.327e+03	+7.254e+03	+1.082e+04	+0.626
67.500	+3.248e+03	+7.058e+03	+9.790e+03	+0.685
67.600	+3.564e+03	+6.856e+03	+1.112e+04	+0.658
67.700	+3.566e+03	+6.083e+03	+8.753e+03	+0.630
67.800	+2.748e+03	+7.788e+03	+9.860e+03	+0.739
67.900	+1.877e+03	+8.714e+03	+9.873e+03	+0.823
68.000	+3.920e+03	+6.064e+03	+9.319e+03	+0.607
68.100	+6.481e+03	+3.939e+03	+8.746e+03	+0.378
68.200	+6.914e+03	+4.750e+03	+9.340e+03	+0.407
68.300	+4.832e+03	+5.680e+03	+1.072e+04	+0.540
68.400	+3.049e+03	+7.334e+03	+1.003e+04	+0.706
68.500	+4.043e+03	+6.449e+03	+1.036e+04	+0.615
68.600	+3.743e+03	+5.676e+03	+9.384e+03	+0.603
68.700	+8.039e+03	+3.667e+03	+1.130e+04	+0.313
68.800	+6.560e+03	+2.204e+03	+1.090e+04	+0.252
68.900	+7.327e+03	+2.286e+03	+1.108e+04	+0.238
69.000	+5.456e+03	+2.727e+03	+1.003e+04	+0.333
69.100	+6.609e+03	+3.492e+03	+9.016e+03	+0.346
69.200	+6.012e+03	+3.607e+03	+9.405e+03	+0.375
69.300	+7.760e+03	+4.028e+03	+1.021e+04	+0.342
69.400	+2.264e+03	+7.044e+03	+1.067e+04	+0.757
69.500	+3.127e+03	+6.999e+03	+1.087e+04	+0.691
69.600	+2.888e+03	+7.864e+03	+9.871e+03	+0.731
69.700	+4.011e+03	+6.675e+03	+9.370e+03	+0.625
69.800	+4.113e+03	+6.084e+03	+1.053e+04	+0.597
69.900	+2.225e+03	+7.632e+03	+8.842e+03	+0.774
70.000	+3.296e+03	+5.670e+03	+1.114e+04	+0.632
70.100	+1.752e+03	+7.666e+03	+9.905e+03	+0.814
70.200	+6.213e+03	+4.896e+03	+9.715e+03	+0.441
70.300	+7.944e+03	+3.071e+03	+9.667e+03	+0.279
70.400	+7.336e+03	+2.845e+03	+1.013e+04	+0.279
70.500	+7.466e+03	+3.343e+03	+1.062e+04	+0.309
70.600	+2.802e+03	+6.208e+03	+9.596e+03	+0.689
70.700	+1.912e+03	+6.683e+03	+9.816e+03	+0.778
70.800	+3.377e+03	+8.575e+03	+1.004e+04	+0.717
70.900	+4.109e+03	+6.695e+03	+1.139e+04	+0.620
71.000	+3.191e+03	+5.858e+03	+8.407e+03	+0.647
71.100	+3.021e+03	+6.888e+03	+1.116e+04	+0.695
71.200	+4.158e+03	+6.737e+03	+9.782e+03	+0.618
71.300	+1.764e+03	+5.968e+03	+9.825e+03	+0.772
71.400	+2.676e+03	+7.549e+03	+1.134e+04	+0.738
71.500	+5.325e+03	+4.273e+03	+9.879e+03	+0.445
71.600	+7.925e+03	+2.577e+03	+1.067e+04	+0.245
71.700	+8.683e+03	+3.297e+03	+9.026e+03	+0.275
71.800	+4.060e+03	+5.627e+03	+1.023e+04	+0.581
71.900	+1.497e+03	+5.786e+03	+1.040e+04	+0.794
72.000	+2.093e+03	+7.471e+03	+9.769e+03	+0.781
72.100	+2.557e+03	+6.119e+03	+1.090e+04	+0.705
72.200	+2.828e+03	+6.817e+03	+1.122e+04	+0.707
72.300	+3.287e+03	+7.351e+03	+1.096e+04	+0.691
72.400	+3.770e+03	+5.138e+03	+9.731e+03	+0.577
72.500	+7.236e+03	+1.833e+03	+1.065e+04	+0.202
72.600	+5.669e+03	+2.697e+03	+1.049e+04	+0.322
72.700	+4.407e+03	+5.313e+03	+9.588e+03	+0.547
72.800	+4.722e+03	+6.026e+03	+9.056e+03	+0.561
72.900	+2.562e+03	+6.012e+03	+8.227e+03	+0.701
73.000	+4.026e+03	+7.988e+03	+1.174e+04	+0.665
73.100	+3.576e+03	+7.636e+03	+8.757e+03	+0.681
73.200	+4.240e+03	+5.488e+03	+9.986e+03	+0.564
73.300	+1.646e+03	+7.278e+03	+9.865e+03	+0.816
73.400	+3.022e+03	+7.959e+03	+8.930e+03	+0.725
73.500	+3.458e+03	+6.150e+03	+7.696e+03	+0.640
73.600	+3.441e+03	+7.809e+03	+1.032e+04	+0.694
73.700	+1.585e+03	+7.287e+03	+9.295e+03	+0.821
73.800	+3.052e+03	+7.095e+03	+9.445e+03	+0.699
73.900	+4.226e+03	+5.733e+03	+1.001e+04	+0.576
74.000	+3.285e+03	+6.510e+03	+9.994e+03	+0.665
74.100	+3.379e+03	+6.921e+03	+9.160e+03	+0.672
74.200	+3.301e+03	+7.074e+03	+1.028e+04	+0.682
74.300	+2.862e+03	+8.250e+03	+1.125e+04	+0.742
74.400	+3.253e+03	+5.811e+03	+9.795e+03	+0.641
74.500	+4.356e+03	+7.127e+03	+1.072e+04	+0.621
74.600	+2.513e+03	+6.708e+03	+9.957e+03	+0.727
74.700	+2.456e+03	+8.128e+03	+8.971e+03	+0.768
74.800	+2.216e+03	+6.937e+03	+1.034e+04	+0.758
74.900	+2.974e+03	+5.743e+03	+1.002e+04	+0.659
75.000	+2.327e+03	+6.819e+03	+1.174e+04	+0.746
75.100	+3.082e+03	+7.412e+03	+9.507e+03	+0.706
75.200	+3.020e+03	+7.840e+03	+1.027e+04	+0.722
75.300	+3.578e+03	+6.181e+03	+8.797e+03	+0.633
75.400	+3.340e+03	+7.396e+03	+9.588e+03	+0.689
75.500	+5.118e+03	+7.201e+03	+9.401e+03	+0.585
75.600	+3.192e+03	+7.316e+03	+1.120e+04	+0.696
75.700	+3.419e+03	+7.801e+03	+1.030e+04	+0.695
75.800	+2.614e+03	+5.917e+03	+9.682e+03	+0.694
75.900	+2.659e+03	+7.418e+03	+9.823e+03	+0.736
76.000	+2.963e+03	+8.251e+03	+9.065e+03	+0.736
76.100	+2.207e+03	+7.241e+03	+1.050e+04	+0.766
76.200	+2.638e+03	+6.954e+03	+1.029e+04	+0.725
76.300	+2.277e+03	+5.934e+03	+9.622e+03	+0.723
76.400	+5.414e+03	+6.481e+03	+1.039e+04	+0.545
76.500	+3.112e+03	+7.983e+03	+1.083e+04	+0.720
76.600	+1.762e+03	+7.550e+03	+9.779e+03	+0.811
76.700	+5.162e+03	+7.349e+03	+9.790e+03	+0.587
76.800	+1.836e+03	+7.251e+03	+1.019e+04	+0.798
76.900	+2.316e+03	+6.180e+03	+9.770e+03	+0.727
77.000	+2.150e+03	+6.869e+03	+1.019e+04	+0.762
77.100	+4.458e+03	+6.258e+03	+1.094e+04	+0.584
77.200	+2.095e+03	+6.294e+03	+1.105e+04	+0.750
77.300	+2.802e+03	+8.084e+03	+9.269e+03	+0.743
77.400	+2.981e+03	+7.488e+03	+1.096e+04	+0.715
77.500	+2.952e+02	+6.578e+03	+1.055e+04	+0.957
77.600	+1.337e+03	+5.891e+03	+1.091e+04	+0.815
77.700	+3.115e+03	+7.131e+03	+1.056e+04	+0.696
77.800	+4.150e+03	+7.927e+03	+1.029e+04	+0.656
77.900	+2.428e+03	+5.507e+03	+9.161e+03	+0.694
78.000	+2.971e+03	+6.471e+03	+8.971e+03	+0.685
78.100	+2.612e+03	+6.979e+03	+9.025e+03	+0.728
78.200	+2.952e+03	+7.335e+03	+1.021e+04	+0.713
78.300	+2.774e+03	+5.741e+03	+9.312e+03	+0.674
78.400	+2.806e+03	+6.987e+03	+9.514e+03	+0.713
78.500	+3.039e+03	+7.044e+03	+1.032e+04	+0.699
78.600	+3.150e+03	+8.803e+03	+9.973e+03	+0.736
78.700	+2.371e+03	+7.293e+03	+9.348e+03	+0.755
78.800	+3.578e+03	+6.732e+03	+8.944e+03	+0.653
78.900	+2.783e+03	+6.392e+03	+9.745e+03	+0.697
79.000	+2.356e+03	+6.557e+03	+9.257e+03	+0.736
79.100	+2.958e+03	+7.184e+03	+1.084e+04	+0.708
79.200	+3.021e+03	+5.716e+03	+1.073e+04	+0.654
79.300	+4.246e+03	+6.320e+03	+1.049e+04	+0.598
79.400	+2.534e+03	+7.846e+03	+1.041e+04	+0.756
79.500	+4.380e+03	+6.504e+03	+7.283e+03	+0.598
79.600	+1.963e+03	+7.601e+03	+1.121e+04	+0.795
79.700	+3.493e+03	+7.744e+03	+1.103e+04	+0.689
79.800	+2.041e+03	+7.227e+03	+1.070e+04	+0.780
79.900	+3.809e+03	+6.301e+03	+1.133e+04	+0.623
80.000	+4.294e+03	+6.218e+03	+9.228e+03	+0.591
80.100	+2.813e+03	+6.938e+03	+9.171e+03	+0.711
80.200	+1.962e+03	+7.337e+03	+9.500e+03	+0.789
80.300	+5.230e+03	+5.697e+03	+1.032e+04	+0.521
80.400	+6.930e+03	+3.894e+03	+1.043e+04	+0.360
80.500	+7.935e+03	+3.259e+03	+1.016e+04	+0.291
80.600	+7.450e+03	+3.314e+03	+1.024e+04	+0.308
80.700	+6.966e+03	+2.977e+03	+1.146e+04	+0.299
80.800	+6.897e+03	+3.556e+03	+9.661e+03	+0.340
80.900	+6.565e+03	+3.933e+03	+1.107e+04	+0.375
81.000	+7.543e+03	+2.063e+03	+9.952e+03	+0.215
81.100	+8.681e+03	+2.874e+03	+1.034e+04	+0.249
81.200	+9.499e+03	+2.790e+03	+1.006e+04	+0.227
81.300	+6.740e+03	+1.811e+03	+8.850e+03	+0.212
81.400	+7.725e+03	+3.254e+03	+9.495e+03	+0.296
81.500	+7.167e+03	+2.456e+03	+1.104e+04	+0.255
81.600	+6.677e+03	+2.831e+03	+1.042e+04	+0.298
81.700	+6.769e+03	+1.677e+03	+9.439e+03	+0.199
81.800	+7.229e+03	+3.781e+03	+9.179e+03	+0.343
81.900	+5.869e+03	+3.179e+03	+1.133e+04	+0.351
82.000	+6.976e+03	+2.454e+03	+9.528e+03	+0.260
82.100	+6.511e+03	+2.518e+03	+9.801e+03	+0.279
82.200	+7.385e+03	+2.529e+03	+1.069e+04	+0.255
82.300	+7.211e+03	+3.159e+03	+9.658e+03	+0.305
82.400	+7.042e+03	+2.258e+03	+9.677e+03	+0.243
82.500	+6.457e+03	+2.386e+03	+1.097e+04	+0.270
82.600	+6.252e+03	+4.161e+03	+9.565e+03	+0.400
82.700	+6.868e+03	+3.657e+03	+8.072e+03	+0.347
82.800	+6.827e+03	+1.733e+03	+1.020e+04	+0.202
82.900	+7.033e+03	+2.679e+03	+9.606e+03	+0.276
83.000	+5.988e+03	+2.017e+03	+1.021e+04	+0.252
83.100	+6.415e+03	+4.684e+03	+1.136e+04	+0.422
83.200	+3.055e+03	+7.134e+03	+9.560e+03	+0.700
83.300	+2.395e+03	+6.735e+03	+1.003e+04	+0.738
83.400	+2.248e+03	+6.739e+03	+9.203e+03	+0.750
83.500	+3.137e+03	+5.769e+03	+1.025e+04	+0.648
83.600	+7.583e+03	+2.673e+03	+1.045e+04	+0.261
83.700	+4.072e+03	+4.753e+03	+9.498e+03	+0.539
83.800	+4.124e+03	+6.889e+03	+1.096e+04	+0.626
83.900	+2.902e+03	+7.367e+03	+1.075e+04	+0.717
84.000	+3.055e+03	+6.231e+03	+1.014e+04	+0.671
84.100	+4.270e+03	+6.650e+03	+9.459e+03	+0.609
84.200	+3.391e+03	+5.790e+03	+9.198e+03	+0.631
84.300	+3.073e+03	+7.103e+03	+9.309e+03	+0.698
84.400	+3.516e+03	+6.672e+03	+1.033e+04	+0.655
84.500	+3.997e+03	+6.499e+03	+1.022e+04	+0.619
84.600	+3.162e+03	+7.768e+03	+9.796e+03	+0.711
84.700	+3.119e+03	+7.784e+03	+1.104e+04	+0.714
84.800	+3.437e+03	+7.824e+03	+9.022e+03	+0.695
84.900	+3.144e+03	+8.155e+03	+1.083e+04	+0.722
85.000	+1.885e+03	+6.205e+03	+8.697e+03	+0.767
85.100	+4.529e+03	+6.144e+03	+1.107e+04	+0.576
85.200	+6.768e+03	+2.698e+03	+1.193e+04	+0.285
85.300	+6.729e+03	+3.435e+03	+1.112e+04	+0.338
85.400	+4.645e+03	+5.380e+03	+1.038e+04	+0.537
85.500	+3.289e+03	+7.354e+03	+1.089e+04	+0.691
85.600	+2.871e+03	+8.337e+03	+9.479e+03	+0.744
85.700	+3.680e+03	+8.058e+03	+8.524e+03	+0.687
85.800	+4.191e+03	+7.097e+03	+9.324e+03	+0.629
85.900	+3.312e+03	+6.803e+03	+1.010e+04	+0.673
86.000	+1.882e+03	+7.695e+03	+8.806e+03	+0.803
86.100	+2.875e+03	+6.364e+03	+1.054e+04	+0.689
86.200	+3.432e+03	+8.097e+03	+9.784e+03	+0.702
86.300	+2.286e+03	+5.814e+03	+9.856e+03	+0.718
86.400	+2.916e+03	+7.099e+03	+1.057e+04	+0.709
86.500	+4.200e+03	+8.560e+03	+1.054e+04	+0.671
86.600	+1.846e+03	+8.348e+03	+9.496e+03	+0.819
86.700	+3.756e+03	+7.283e+03	+8.857e+03	+0.660
86.800	+2.714e+03	+7.549e+03	+8.945e+03	+0.736
86.900	+3.060e+03	+6.430e+03	+1.022e+04	+0.678
87.000	+2.548e+03	+6.645e+03	+1.063e+04	+0.723
87.100	+2.567e+03	+8.102e+03	+1.008e+04	+0.759
87.200	+1.983e+03	+6.388e+03	+9.475e+03	+0.763
87.300	+2.650e+03	+5.924e+03	+1.026e+04	+0.691
87.400	+2.091e+03	+6.951e+03	+8.838e+03	+0.769
87.500	+3.731e+03	+6.683e+03	+1.039e+04	+0.642
87.600	+2.028e+03	+7.806e+03	+1.001e+04	+0.794
87.700	+1.620e+03	+7.926e+03	+1.072e+04	+0.830
87.800	+1.958e+03	+7.985e+03	+1.105e+04	+0.803
87.900	+1.870e+03	+6.707e+03	+9.923e+03	+0.782
88.000	+3.275e+03	+8.052e+03	+1.010e+04	+0.711
88.100	+2.414e+03	+7.152e+03	+9.948e+03	+0.748
88.200	+3.512e+03	+4.902e+03	+8.885e+03	+0.583
88.300	+2.358e+03	+6.618e+03	+1.021e+04	+0.737
88.400	+2.503e+03	+6.719e+03	+1.032e+04	+0.729
88.500	+2.881e+03	+7.054e+03	+1.016e+04	+0.710
88.600	+2.447e+03	+6.915e+03	+9.457e+03	+0.739
88.700	+3.511e+03	+6.675e+03	+9.648e+03	+0.655
88.800	+2.909e+03	+5.989e+03	+9.535e+03	+0.673
88.900	+2.794e+03	+6.319e+03	+1.034e+04	+0.693
89.000	+3.409e+03	+7.370e+03	+1.047e+04	+0.684
89.100	+3.398e+03	+7.070e+03	+1.028e+04	+0.675
89.200	+3.517e+03	+6.021e+03	+9.984e+03	+0.631
89.300	+6.800e+03	+3.384e+03	+9.912e+03	+0.332
89.400	+4.549e+03	+7.420e+03	+9.019e+03	+0.620
89.500	+3.351e+03	+6.778e+03	+1.119e+04	+0.669
89.600	+1.679e+03	+6.472e+03	+9.545e+03	+0.794
89.700	+3.070e+03	+8.648e+03	+1.040e+04	+0.738
89.800	+2.948e+03	+5.242e+03	+1.140e+04	+0.640
89.900	+4.531e+03	+6.929e+03	+9.686e+03	+0.605
90.000	+2.983e+03	+6.350e+03	+9.503e+03	+0.680
90.100	+2.710e+03	+6.953e+03	+1.082e+04	+0.720
90.200	+2.499e+03	+8.561e+03	+9.164e+03	+0.774
90.300	+2.198e+03	+6.669e+03	+9.810e+03	+0.752
90.400	+3.205e+03	+6.413e+03	+9.532e+03	+0.667
90.500	+2.646e+03	+6.515e+03	+1.002e+04	+0.711
90.600	+4.550e+03	+8.238e+03	+1.051e+04	+0.644
90.700	+2.283e+03	+7.398e+03	+1.125e+04	+0.764
90.800	+3.775e+03	+6.998e+03	+1.079e+04	+0.650
90.900	+2.956e+03	+6.671e+03	+9.370e+03	+0.693
91.000	+4.224e+03	+6.956e+03	+9.489e+03	+0.622
91.100	+2.988e+03	+6.221e+03	+8.438e+03	+0.676
91.200	+1.148e+03	+5.905e+03	+9.459e+03	+0.837
91.300	+3.086e+03	+6.690e+03	+1.031e+04	+0.684
91.400	+2.871e+03	+7.125e+03	+9.499e+03	+0.713
91.500	+3.393e+03	+7.820e+03	+1.001e+04	+0.697
91.600	+1.999e+03	+5.561e+03	+1.103e+04	+0.736
91.700	+2.942e+03	+7.533e+03	+9.992e+03	+0.719
91.800	+2.422e+03	+7.236e+03	+9.636e+03	+0.749
91.900	+2.564e+03	+6.786e+03	+1.033e+04	+0.726
92.000	+3.155e+03	+6.813e+03	+1.024e+04	+0.683
92.100	+7.119e+03	+4.766e+03	+9.796e+03	+0.401
92.200	+6.677e+03	+4.631e+03	+9.712e+03	+0.410
92.300	+5.910e+03	+1.717e+03	+1.155e+04	+0.225
92.400	+7.124e+03	+2.769e+03	+9.837e+03	+0.280
92.500	+6.014e+03	+3.531e+03	+9.128e+03	+0.370
92.600	+2.684e+03	+5.145e+03	+1.087e+04	+0.657
92.700	+2.871e+03	+6.694e+03	+1.065e+04	+0.700
92.800	+2.357e+03	+8.060e+03	+1.010e+04	+0.774
92.900	+6.184e+03	+4.375e+03	+1.007e+04	+0.414
93.000	+7.430e+03	+2.477e+03	+1.052e+04	+0.250
93.100	+6.817e+03	+2.849e+03	+1.074e+04	+0.295
93.200	+6.657e+03	+3.092e+03	+1.018e+04	+0.317
93.300	+6.562e+03	+3.420e+03	+1.083e+04	+0.343
93.400	+6.207e+03	+2.849e+03	+1.011e+04	+0.315
93.500	+8.886e+03	+2.509e+03	+1.187e+04	+0.220
93.600	+7.428e+03	+3.460e+03	+1.019e+04	+0.318
93.700	+7.312e+03	+2.714e+03	+1.015e+04	+0.271
93.800	+3.915e+03	+5.069e+03	+9.969e+03	+0.564
93.900	+4.360e+03	+7.278e+03	+1.068e+04	+0.625
94.000	+3.269e+03	+7.949e+03	+1.107e+04	+0.709
94.100	+6.780e+03	+3.368e+03	+1.096e+04	+0.332
94.200	+7.175e+03	+2.875e+03	+9.759e+03	+0.286
94.300	+8.109e+03	+2.873e+03	+9.363e+03	+0.262
94.400	+2.726e+03	+6.677e+03	+9.944e+03	+0.710
94.500	+2.909e+03	+6.295e+03	+1.065e+04	+0.684
94.600	+1.800e+03	+7.294e+03	+9.294e+03	+0.802
94.700	+2.881e+03	+8.344e+03	+9.877e+03	+0.743
94.800	+4.316e+03	+7.854e+03	+1.010e+04	+0.645
94.900	+1.720e+03	+6.782e+03	+8.946e+03	+0.798
95.000	+3.929e+03	+8.565e+03	+1.004e+04	+0.686
95.100	+5.084e+03	+6.863e+03	+9.137e+03	+0.574
95.200	+3.896e+03	+8.019e+03	+9.880e+03	+0.673
95.300	+3.226e+03	+6.525e+03	+1.110e+04	+0.669
95.400	+4.056e+03	+6.924e+03	+9.845e+03	+0.631
95.500	+3.212e+03	+7.693e+03	+1.032e+04	+0.705
95.600	+3.463e+03	+7.099e+03	+1.001e+04	+0.672
95.700	+3.053e+03	+5.378e+03	+9.149e+03	+0.638
95.800	+5.744e+03	+4.536e+03	+1.049e+04	+0.441
95.900	+6.869e+03	+2.278e+03	+9.321e+03	+0.249
96.000	+6.833e+03	+4.146e+03	+1.060e+04	+0.378
96.100	+6.045e+03	+2.787e+03	+9.317e+03	+0.316
96.200	+6.804e+03	+3.174e+03	+8.485e+03	+0.318
96.300	+7.314e+03	+3.042e+03	+9.854e+03	+0.294
96.400	+6.748e+03	+2.764e+03	+1.006e+04	+0.291
96.500	+5.618e+03	+4.342e+03	+1.072e+04	+0.436
96.600	+6.149e+03	+2.019e+03	+1.027e+04	+0.247
96.700	+7.518e+03	+3.030e+03	+9.491e+03	+0.287
96.800	+6.600e+03	+2.654e+03	+9.541e+03	+0.287
96.900	+2.220e+03	+5.869e+03	+9.201e+03	+0.726
97.000	+1.927e+03	+6.797e+03	+9.886e+03	+0.779
97.100	+2.299e+03	+7.866e+03	+1.123e+04	+0.774
97.200	+2.666e+03	+6.086e+03	+1.058e+04	+0.695
97.300	+1.937e+03	+7.504e+03	+9.990e+03	+0.795
97.400	+3.301e+03	+8.594e+03	+9.177e+03	+0.722
97.500	+2.995e+03	+6.022e+03	+1.018e+04	+0.668
97.600	+2.254e+03	+5.996e+03	+1.080e+04	+0.727
97.700	+3.665e+03	+6.789e+03	+9.521e+03	+0.649
97.800	+3.019e+03	+7.323e+03	+9.212e+03	+0.708
97.900	+2.340e+03	+6.140e+03	+9.853e+03	+0.724
98.000	+3.839e+03	+4.766e+03	+9.413e+03	+0.554
98.100	+6.272e+03	+3.920e+03	+9.898e+03	+0.385
98.200	+6.191e+03	+2.584e+03	+1.037e+04	+0.294
98.300	+7.580e+03	+3.350e+03	+1.107e+04	+0.306
98.400	+6.848e+03	+3.454e+03	+8.517e+03	+0.335
98.500	+8.032e+03	+2.898e+03	+9.696e+03	+0.265
98.600	+6.029e+03	+3.689e+03	+8.766e+03	+0.380
98.700	+5.798e+03	+3.541e+03	+1.111e+04	+0.379
98.800	+7.623e+03	+2.952e+03	+9.865e+03	+0.279
98.900	+4.308e+03	+6.707e+03	+1.023e+04	+0.609
99.000	+2.557e+03	+7.539e+03	+9.939e+03	+0.747
99.100	+2.645e+03	+6.816e+03	+9.022e+03	+0.720
99.200	+2.654e+03	+7.979e+03	+1.006e+04	+0.750
99.300	+3.035e+03	+6.849e+03	+1.058e+04	+0.693
99.400	+3.435e+03	+7.626e+03	+9.727e+03	+0.689
99.500	+2.767e+03	+6.964e+03	+9.968e+03	+0.716
99.600	+2.475e+03	+7.457e+03	+9.094e+03	+0.751
99.700	+2.543e+03	+7.704e+03	+8.552e+03	+0.752
99.800	+3.525e+03	+6.772e+03	+9.053e+03	+0.658
99.900	+3.764e+03	+6.066e+03	+9.758e+03	+0.617
100.000	+3.000e+03	+7.493e+03	+1.025e+04	+0.714
100.100	+2.540e+03	+7.727e+03	+1.054e+04	+0.753
100.200	+2.410e+03	+7.777e+03	+8.585e+03	+0.763
100.300	+2.088e+03	+6.759e+03	+9.618e+03	+0.764
100.400	+3.155e+03	+7.226e+03	+1.001e+04	+0.696
100.500	+2.549e+03	+8.093e+03	+1.038e+04	+0.760
100.600	+4.114e+03	+7.533e+03	+1.161e+04	+0.647
100.700	+2.831e+03	+6.294e+03	+8.504e+03	+0.690
100.800	+3.818e+03	+8.136e+03	+1.018e+04	+0.681
100.900	+4.704e+03	+7.580e+03	+1.091e+04	+0.617
101.000	+2.471e+03	+6.630e+03	+8.632e+03	+0.728
101.100	+2.248e+03	+7.136e+03	+1.048e+04	+0.760
101.200	+1.753e+03	+7.482e+03	+1.138e+04	+0.810
101.300	+2.073e+03	+6.585e+03	+1.111e+04	+0.761
101.400	+3.106e+03	+6.578e+03	+9.641e+03	+0.679
101.500	+2.652e+03	+7.905e+03	+1.003e+04	+0.749
101.600	+2.917e+03	+6.481e+03	+9.577e+03	+0.690
101.700	+2.778e+03	+6.211e+03	+1.033e+04	+0.691
101.800	+3.361e+03	+7.730e+03	+8.298e+03	+0.697
101.900	+3.439e+03	+8.214e+03	+9.158e+03	+0.705
102.000	+3.056e+03	+7.843e+03	+1.012e+04	+0.720
102.100	+4.506e+03	+6.561e+03	+9.574e+03	+0.593
102.200	+4.200e+03	+7.220e+03	+9.243e+03	+0.632
102.300	+4.999e+03	+3.626e+03	+1.120e+04	+0.420
102.400	+8.143e+03	+2.042e+03	+1.138e+04	+0.201
102.500	+7.522e+03	+3.587e+03	+1.184e+04	+0.323
102.600	+6.707e+03	+1.843e+03	+1.020e+04	+0.216
102.700	+6.557e+03	+3.600e+03	+1.094e+04	+0.354
102.800	+7.488e+03	+3.142e+03	+8.702e+03	+0.296
102.900	+4.763e+03	+5.705e+03	+1.119e+04	+0.545
103.000	+3.899e+03	+6.288e+03	+9.131e+03	+0.617
103.100	+2.492e+03	+5.931e+03	+1.038e+04	+0.704
103.200	+2.188e+03	+7.466e+03	+9.689e+03	+0.773
103.300	+3.298e+03	+5.107e+03	+1.010e+04	+0.608
103.400	+3.099e+03	+7.439e+03	+9.034e+03	+0.706
103.500	+3.862e+03	+6.737e+03	+1.024e+04	+0.636
103.600	+3.528e+03	+7.137e+03	+9.864e+03	+0.669
103.700	+3.649e+03	+6.705e+03	+1.018e+04	+0.648
103.800	+2.179e+03	+6.735e+03	+1.075e+04	+0.756
103.900	+6.951e+03	+3.163e+03	+9.666e+03	+0.313
104.000	+4.610e+03	+3.730e+03	+1.009e+04	+0.447
104.100	+2.690e+03	+6.944e+03	+9.685e+03	+0.721
104.200	+1.339e+03	+6.892e+03	+1.031e+04	+0.837
104.300	+2.122e+03	+7.408e+03	+9.821e+03	+0.777
104.400	+3.188e+03	+7.444e+03	+1.010e+04	+0.700
104.500	+3.915e+03	+7.794e+03	+9.168e+03	+0.666
104.600	+3.006e+03	+6.499e+03	+9.969e+03	+0.684
104.700	+3.408e+03	+7.931e+03	+9.840e+03	+0.699
104.800	+2.674e+03	+8.263e+03	+1.061e+04	+0.756
104.900	+3.606e+03	+7.021e+03	+1.158e+04	+0.661
105.000	+3.325e+03	+6.467e+03	+1.074e+04	+0.660
105.100	+3.605e+03	+8.079e+03	+9.973e+03	+0.691
105.200	+2.948e+03	+6.545e+03	+9.259e+03	+0.689
105.300	+3.826e+03	+6.795e+03	+1.062e+04	+0.640
105.400	+2.027e+03	+6.951e+03	+9.123e+03	+0.774
105.500	+3.552e+03	+7.355e+03	+1.017e+04	+0.674
105.600	+3.303e+03	+6.703e+03	+9.808e+03	+0.670
105.700	+6.771e+03	+3.135e+03	+1.020e+04	+0.316
105.800	+7.101e+03	+3.650e+03	+1.024e+04	+0.340
105.900	+7.641e+03	+3.442e+03	+1.043e+04	+0.311
106.000	+7.452e+03	+3.364e+03	+1.015e+04	+0.311
106.100	+7.361e+03	+3.536e+03	+9.867e+03	+0.324
106.200	+7.865e+03	+2.063e+03	+1.015e+04	+0.208
106.300	+4.319e+03	+6.818e+03	+9.308e+03	+0.612
106.400	+5.205e+02	+8.043e+03	+8.964e+03	+0.939
106.500	+2.903e+03	+6.451e+03	+1.061e+04	+0.690
106.600	+2.699e+03	+7.320e+03	+9.845e+03	+0.731
106.700	+2.073e+03	+6.566e+03	+1.181e+04	+0.760
106.800	+1.799e+03	+6.335e+03	+1.005e+04	+0.779
106.900	+2.786e+03	+6.682e+03	+8.963e+03	+0.706
107.000	+3.580e+03	+6.615e+03	+1.040e+04	+0.649
107.100	+2.940e+03	+6.882e+03	+1.026e+04	+0.701
107.200	+3.475e+03	+5.736e+03	+1.081e+04	+0.623
107.300	+3.630e+03	+7.211e+03	+9.717e+03	+0.665
107.400	+3.257e+03	+7.178e+03	+1.042e+04	+0.688
107.500	+3.530e+03	+6.176e+03	+1.113e+04	+0.636
107.600	+3.836e+03	+6.307e+03	+9.300e+03	+0.622
107.700	+2.280e+03	+8.179e+03	+1.138e+04	+0.782
107.800	+2.657e+03	+5.565e+03	+9.741e+03	+0.677
107.900	+3.406e+03	+6.094e+03	+1.006e+04	+0.641
108.000	+4.821e+03	+5.783e+03	+1.014e+04	+0.545
108.100	+6.413e+03	+3.599e+03	+1.037e+04	+0.359
108.200	+6.384e+03	+3.233e+03	+9.836e+03	+0.336
108.300	+6.594e+03	+3.930e+03	+9.698e+03	+0.373
108.400	+7.295e+03	+2.301e+03	+1.043e+04	+0.240
108.500	+7.365e+03	+3.825e+03	+1.043e+04	+0.342
108.600	+7.772e+03	+4.213e+03	+1.059e+04	+0.352
108.700	+7.566e+03	+3.348e+03	+1.038e+04	+0.307
108.800	+7.425e+03	+3.486e+03	+1.043e+04	+0.320
108.900	+7.013e+03	+1.495e+03	+1.066e+04	+0.176
109.000	+6.947e+03	+2.725e+03	+9.331e+03	+0.282
109.100	+5.893e+03	+5.190e+03	+1.040e+04	+0.468
109.200	+3.643e+03	+7.174e+03	+1.004e+04	+0.663
109.300	+3.900e+03	+7.242e+03	+9.227e+03	+0.650
109.400	+2.596e+03	+7.452e+03	+1.079e+04	+0.742
109.500	+6.359e+03	+2.983e+03	+9.125e+03	+0.319
109.600	+7.119e+03	+3.549e+03	+9.601e+03	+0.333
109.700	+5.625e+03	+2.920e+03	+9.148e+03	+0.342
109.800	+7.301e+03	+1.273e+03	+8.067e+03	+0.148
109.900	+7.222e+03	+3.287e+03	+1.049e+04	+0.313
110.000	+6.281e+03	+1.255e+03	+9.735e+03	+0.167
110.100	+7.283e+03	+2.401e+03	+1.011e+04	+0.248
110.200	+7.002e+03	+3.587e+03	+1.115e+04	+0.339
110.300	+5.825e+03	+2.967e+03	+9.605e+03	+0.337
110.400	+6.829e+03	+3.300e+03	+1.071e+04	+0.326
110.500	+6.483e+03	+3.691e+03	+1.058e+04	+0.363
110.600	+6.855e+03	+4.598e+03	+1.029e+04	+0.401
110.700	+7.330e+03	+2.016e+03	+9.361e+03	+0.216
110.800	+5.673e+03	+2.576e+03	+1.081e+04	+0.312
110.900	+6.627e+03	+2.241e+03	+8.472e+03	+0.253
111.000	+8.588e+03	+3.059e+03	+1.210e+04	+0.263
111.100	+4.831e+03	+6.191e+03	+9.950e+03	+0.562
111.200	+3.801e+03	+7.634e+03	+9.723e+03	+0.668
111.300	+3.433e+03	+7.606e+03	+9.612e+03	+0.689
111.400	+4.302e+03	+8.319e+03	+1.054e+04	+0.659
111.500	+2.817e+03	+6.893e+03	+1.008e+04	+0.710
111.600	+2.606e+03	+6.817e+03	+1.005e+04	+0.723
111.700	+4.441e+03	+5.551e+03	+9.609e+03	+0.556
111.800	+5.901e+03	+2.505e+03	+9.180e+03	+0.298
111.900	+6.627e+03	+4.131e+03	+1.079e+04	+0.384
112.000	+7.767e+03	+3.015e+03	+9.776e+03	+0.280
112.100	+7.756e+03	+3.864e+03	+1.125e+04	+0.333
112.200	+6.651e+03	+2.634e+03	+1.112e+04	+0.284
112.300	+7.270e+03	+1.370e+03	+1.094e+04	+0.159
112.400	+7.504e+03	+2.747e+03	+9.606e+03	+0.268
112.500	+6.108e+03	+1.656e+03	+1.038e+04	+0.213
112.600	+6.748e+03	+2.391e+03	+1.053e+04	+0.262
112.700	+6.579e+03	+2.774e+03	+9.318e+03	+0.297
112.800	+6.217e+03	+2.769e+03	+1.065e+04	+0.308
112.900	+6.044e+03	+2.721e+03	+9.705e+03	+0.310
113.000	+2.983e+03	+6.198e+03	+9.495e+03	+0.675
113.100	+4.095e+03	+6.079e+03	+9.006e+03	+0.597
113.200	+2.121e+03	+5.830e+03	+9.342e+03	+0.733
113.300	+4.211e+03	+5.843e+03	+1.057e+04	+0.581
113.400	+2.133e+03	+7.364e+03	+9.581e+03	+0.775
113.500	+2.638e+03	+8.547e+03	+1.043e+04	+0.764
113.600	+1.961e+03	+6.214e+03	+1.032e+04	+0.760
113.700	+3.606e+03	+6.717e+03	+9.315e+03	+0.651
113.800	+2.555e+03	+5.858e+03	+1.101e+04	+0.696
113.900	+2.779e+03	+7.645e+03	+9.917e+03	+0.733
114.000	+3.893e+03	+8.524e+03	+9.285e+03	+0.686
114.100	+2.946e+03	+7.880e+03	+1.031e+04	+0.728
114.200	+2.504e+03	+6.794e+03	+9.374e+03	+0.731
114.300	+2.892e+03	+5.970e+03	+1.061e+04	+0.674
114.400	+2.826e+03	+7.692e+03	+1.011e+04	+0.731
114.500	+2.682e+03	+7.339e+03	+1.001e+04	+0.732
114.600	+3.466e+03	+7.166e+03	+9.916e+03	+0.674
114.700	+3.376e+03	+6.753e+03	+9.585e+03	+0.667
114.800	+4.324e+03	+8.907e+03	+9.787e+03	+0.673
114.900	+3.829e+03	+6.761e+03	+8.980e+03	+0.638
115.000	+3.309e+03	+6.362e+03	+9.389e+03	+0.658
115.100	+3.880e+03	+5.393e+03	+9.644e+03	+0.582
115.200	+4.822e+03	+8.444e+03	+1.017e+04	+0.637
115.300	+2.701e+03	+6.506e+03	+9.053e+03	+0.707
115.400	+2.532e+03	+6.529e+03	+9.689e+03	+0.721
115.500	+3.520e+03	+8.551e+03	+9.626e+03	+0.708
115.600	+4.113e+03	+6.949e+03	+9.328e+03	+0.628
115.700	+3.653e+03	+7.410e+03	+1.075e+04	+0.670
115.800	+6.207e+03	+3.835e+03	+1.060e+04	+0.382
115.900	+8.056e+03	+2.938e+03	+9.655e+03	+0.267
116.000	+7.320e+03	+2.578e+03	+1.060e+04	+0.260
116.100	+7.159e+03	+3.036e+03	+1.081e+04	+0.298
116.200	+7.211e+03	+3.184e+03	+1.023e+04	+0.306
116.300	+7.611e+03	+3.463e+03	+9.222e+03	+0.313
116.400	+3.460e+03	+6.659e+03	+1.036e+04	+0.658
116.500	+3.115e+03	+6.786e+03	+1.009e+04	+0.685
116.600	+2.698e+03	+6.896e+03	+1.061e+04	+0.719
116.700	+3.165e+03	+6.843e+03	+9.064e+03	+0.684
116.800	+3.053e+03	+6.573e+03	+9.950e+03	+0.683
116.900	+3.693e+03	+6.994e+03	+1.110e+04	+0.654
117.000	+3.529e+03	+6.061e+03	+9.809e+03	+0.632
117.100	+2.852e+03	+7.074e+03	+9.814e+03	+0.713
117.200	+1.480e+03	+7.181e+03	+1.076e+04	+0.829
117.300	+3.333e+03	+6.882e+03	+9.476e+03	+0.674
117.400	+3.192e+03	+7.671e+03	+1.090e+04	+0.706
117.500	+3.485e+03	+6.417e+03	+1.064e+04	+0.648
117.600	+3.339e+03	+6.958e+03	+9.448e+03	+0.676
117.700	+2.058e+03	+7.193e+03	+9.360e+03	+0.778
117.800	+3.019e+03	+5.955e+03	+1.026e+04	+0.664
117.900	+2.779e+03	+8.029e+03	+9.391e+03	+0.743
118.000	+1.956e+03	+7.328e+03	+9.693e+03	+0.789
118.100	+4.567e+03	+6.530e+03	+1.069e+04	+0.588
118.200	+2.540e+03	+6.052e+03	+1.001e+04	+0.704
118.300	+2.026e+03	+6.847e+03	+1.088e+04	+0.772
118.400	+2.703e+03	+6.456e+03	+1.077e+04	+0.705
118.500	+4.276e+03	+4.895e+03	+1.007e+04	+0.534
118.600	+6.812e+03	+2.779e+03	+9.366e+03	+0.290
118.700	+2.192e+03	+6.184e+03	+1.036e+04	+0.738
118.800	+3.071e+03	+5.671e+03	+1.138e+04	+0.649
118.900	+3.214e+03	+6.916e+03	+9.235e+03	+0.683
119.000	+1.379e+03	+7.714e+03	+8.641e+03	+0.848
119.100	+2.536e+03	+6.127e+03	+9.627e+03	+0.707
119.200	+6.178e+03	+2.996e+03	+9.482e+03	+0.327
119.300	+6.567e+03	+3.153e+03	+9.371e+03	+0.324
119.400	+6.427e+03	+2.586e+03	+1.112e+04	+0.287
119.500	+8.327e+03	+3.174e+03	+9.002e+03	+0.276
119.600	+7.569e+03	+1.386e+03	+9.299e+03	+0.155
119.700	+6.442e+03	+2.876e+03	+9.775e+03	+0.309
119.800	+2.731e+03	+6.807e+03	+1.004e+04	+0.714
119.900	+5.493e+03	+3.712e+03	+1.033e+04	+0.403
120.000	+5.711e+03	+3.164e+03	+1.014e+04	+0.357
120.100	+6.751e+03	+3.659e+03	+1.006e+04	+0.352
120.200	+6.836e+03	+3.759e+03	+1.005e+04	+0.355
120.300	+7.478e+03	+3.795e+03	+1.038e+04	+0.337
120.400	+7.153e+03	+3.322e+03	+1.037e+04	+0.317
120.500	+6.928e+03	+2.807e+03	+1.023e+04	+0.288
120.600	+7.421e+03	+1.486e+03	+9.548e+03	+0.167
120.700	+6.388e+03	+3.180e+03	+9.335e+03	+0.332
120.800	+8.158e+03	+2.508e+03	+1.092e+04	+0.235
120.900	+5.889e+03	+6.003e+03	+9.594e+03	+0.505
121.000	+3.577e+03	+6.857e+03	+1.010e+04	+0.657
121.100	+3.451e+03	+6.318e+03	+9.988e+03	+0.647
121.200	+7.236e+03	+4.644e+03	+1.042e+04	+0.391
121.300	+7.034e+03	+3.981e+03	+1.078e+04	+0.361
121.400	+7.250e+03	+1.518e+03	+1.056e+04	+0.173
121.500	+7.148e+03	+2.437e+03	+1.031e+04	+0.254
121.600	+7.119e+03	+3.781e+03	+9.816e+03	+0.347
121.700	+6.371e+03	+1.912e+03	+1.027e+04	+0.231
121.800	+5.446e+03	+2.417e+03	+9.702e+03	+0.307
121.900	+6.449e+03	+4.350e+03	+1.052e+04	+0.403
122.000	+5.071e+03	+2.392e+03	+9.472e+03	+0.320
122.100	+8.140e+03	+2.708e+03	+9.603e+03	+0.250
122.200	+8.109e+03	+2.289e+03	+1.060e+04	+0.220
122.300	+7.479e+03	+2.913e+03	+9.812e+03	+0.280
122.400	+7.569e+03	+3.347e+03	+1.007e+04	+0.307
122.500	+7.073e+03	+3.174e+03	+9.600e+03	+0.310
122.600	+4.679e+03	+5.490e+03	+9.740e+03	+0.540
122.700	+3.068e+03	+7.099e+03	+9.825e+03	+0.698
122.800	+3.796e+03	+6.124e+03	+1.134e+04	+0.617
122.900	+2.660e+03	+6.211e+03	+1.090e+04	+0.700
123.000	+3.119e+03	+7.375e+03	+1.012e+04	+0.703
123.100	+4.031e+03	+7.901e+03	+1.151e+04	+0.662
123.200	+3.254e+03	+6.975e+03	+8.149e+03	+0.682
123.300	+2.872e+03	+7.915e+03	+9.865e+03	+0.734
123.400	+2.669e+03	+7.142e+03	+1.105e+04	+0.728
123.500	+4.024e+03	+7.770e+03	+9.975e+03	+0.659
123.600	+3.371e+03	+6.059e+03	+9.529e+03	+0.643
123.700	+2.437e+03	+5.268e+03	+1.075e+04	+0.684
123.800	+3.788e+03	+7.665e+03	+9.896e+03	+0.669
123.900	+4.223e+03	+6.188e+03	+9.484e+03	+0.594
124.000	+6.795e+03	+4.459e+03	+9.088e+03	+0.396
124.100	+7.967e+03	+3.235e+03	+1.130e+04	+0.289
124.200	+6.136e+03	+2.601e+03	+1.022e+04	+0.298
124.300	+7.711e+03	+2.511e+03	+8.686e+03	+0.246
124.400	+6.578e+03	+4.819e+03	+9.235e+03	+0.423
124.500	+2.949e+03	+7.323e+03	+1.149e+04	+0.713
124.600	+2.594e+03	+6.529e+03	+9.487e+03	+0.716
124.700	+2.570e+03	+8.088e+03	+1.105e+04	+0.759
124.800	+1.854e+03	+8.021e+03	+9.808e+03	+0.812
124.900	+2.869e+03	+5.498e+03	+1.004e+04	+0.657
125.000	+3.526e+03	+8.059e+03	+9.788e+03	+0.696
125.100	+3.968e+03	+8.583e+03	+1.009e+04	+0.684
125.200	+2.994e+03	+5.516e+03	+1.000e+04	+0.648
125.300	+2.460e+03	+6.699e+03	+7.994e+03	+0.731
125.400	+5.929e+03	+3.556e+03	+1.084e+04	+0.375
125.500	+1.671e+03	+7.493e+03	+1.147e+04	+0.818
125.600	+2.552e+03	+6.197e+03	+1.021e+04	+0.708
125.700	+4.244e+03	+7.869e+03	+1.031e+04	+0.650
125.800	+2.677e+03	+6.681e+03	+9.144e+03	+0.714
125.900	+3.314e+03	+7.528e+03	+1.009e+04	+0.694
126.000	+4.922e+03	+7.027e+03	+9.102e+03	+0.588
126.100	+2.819e+03	+7.326e+03	+8.943e+03	+0.722
126.200	+3.553e+03	+7.936e+03	+1.146e+04	+0.691
126.300	+2.624e+03	+5.443e+03	+9.357e+03	+0.675
126.400	+2.592e+03	+6.507e+03	+1.022e+04	+0.715
126.500	+3.095e+03	+6.935e+03	+8.474e+03	+0.691
126.600	+2.813e+03	+7.816e+03	+1.156e+04	+0.735
126.700	+2.229e+03	+6.787e+03	+1.065e+04	+0.753
126.800	+2.730e+03	+5.779e+03	+1.013e+04	+0.679
126.900	+1.426e+03	+5.757e+03	+9.479e+03	+0.801
127.000	+3.987e+03	+5.599e+03	+9.314e+03	+0.584
127.100	+4.122e+03	+5.957e+03	+1.027e+04	+0.591
127.200	+2.307e+03	+5.148e+03	+9.644e+03	+0.691
127.300	+2.619e+03	+6.866e+03	+9.965e+03	+0.724
127.400	+2.872e+03	+5.865e+03	+9.698e+03	+0.671
127.500	+3.945e+03	+5.628e+03	+9.678e+03	+0.588
127.600	+6.135e+03	+3.383e+03	+9.190e+03	+0.355
127.700	+6.807e+03	+3.369e+03	+9.431e+03	+0.331
127.800	+7.543e+03	+2.917e+03	+9.129e+03	+0.279
127.900	+7.834e+03	+2.307e+03	+8.793e+03	+0.228
128.000	+6.791e+03	+1.182e+03	+9.848e+03	+0.148
128.100	+5.641e+03	+4.429e+03	+9.674e+03	+0.440
128.200	+7.731e+03	+1.583e+03	+9.899e+03	+0.170
128.300	+7.378e+03	+1.832e+03	+9.560e+03	+0.199
128.400	+7.200e+03	+3.681e+03	+9.623e+03	+0.338
128.500	+6.685e+03	+3.419e+03	+1.065e+04	+0.338
128.600	+3.942e+03	+6.075e+03	+1.051e+04	+0.606
128.700	+5.306e+03	+4.619e+03	+9.959e+03	+0.465
128.800	+5.357e+03	+2.571e+03	+1.106e+04	+0.324
128.900	+7.464e+03	+4.094e+03	+9.376e+03	+0.354
129.000	+7.621e+03	+3.003e+03	+9.556e+03	+0.283
129.100	+7.592e+03	+3.025e+03	+1.087e+04	+0.285
129.200	+5.912e+03	+3.336e+03	+1.035e+04	+0.361
129.300	+6.375e+03	+2.912e+03	+8.367e+03	+0.314
129.400	+6.401e+03	+2.949e+03	+1.125e+04	+0.315
129.500	+7.204e+03	+3.621e+03	+9.358e+03	+0.334
129.600	+8.300e+03	+2.246e+03	+9.455e+03	+0.213
129.700	+7.074e+03	+3.619e+03	+9.839e+03	+0.338
129.800	+7.098e+03	+3.575e+03	+1.030e+04	+0.335
129.900	+7.579e+03	+2.235e+03	+9.005e+03	+0.228
130.000	+7.725e+03	+1.642e+03	+9.600e+03	+0.175
130.100	+5.974e+03	+4.294e+03	+9.714e+03	+0.418
130.200	+7.622e+03	+3.411e+03	+1.030e+04	+0.309
130.300	+6.166e+03	+3.688e+03	+1.037e+04	+0.374
130.400	+6.391e+03	+1.350e+03	+9.375e+03	+0.174
130.500	+6.618e+03	+3.641e+03	+8.154e+03	+0.355
130.600	+6.955e+03	+3.675e+03	+8.562e+03	+0.346
130.700	+4.672e+03	+5.763e+03	+1.073e+04	+0.552
130.800	+2.832e+03	+6.923e+03	+9.826e+03	+0.710
130.900	+2.105e+03	+6.339e+03	+9.790e+03	+0.751
131.000	+3.159e+03	+6.389e+03	+9.543e+03	+0.669
131.100	+2.656e+03	+7.659e+03	+1.050e+04	+0.743
131.200	+1.811e+03	+7.384e+03	+1.026e+04	+0.803
131.300	+4.154e+03	+7.026e+03	+8.880e+03	+0.628
131.400	+3.662e+03	+5.226e+03	+9.522e+03	+0.588
131.500	+6.148e+03	+2.109e+03	+1.022e+04	+0.255
131.600	+6.503e+03	+3.296e+03	+9.845e+03	+0.336
131.700	+6.714e+03	+4.778e+03	+1.033e+04	+0.416
131.800	+7.390e+03	+2.722e+03	+1.136e+04	+0.269
131.900	+5.861e+03	+2.692e+03	+9.479e+03	+0.315
132.000	+6.981e+03	+2.518e+03	+9.352e+03	+0.265
132.100	+6.732e+03	+3.734e+03	+1.026e+04	+0.357
132.200	+7.216e+03	+4.003e+03	+9.817e+03	+0.357
132.300	+3.822e+03	+4.690e+03	+9.879e+03	+0.551
132.400	+3.583e+03	+7.224e+03	+8.267e+03	+0.668
132.500	+2.795e+03	+7.408e+03	+9.338e+03	+0.726
132.600	+3.147e+03	+7.041e+03	+1.032e+04	+0.691
132.700	+3.974e+03	+7.948e+03	+1.172e+04	+0.667
132.800	+2.693e+03	+7.937e+03	+1.002e+04	+0.747
132.900	+3.658e+03	+5.647e+03	+1.040e+04	+0.607
133.000	+3.832e+03	+6.349e+03	+1.037e+04	+0.624
133.100	+2.301e+03	+7.534e+03	+9.350e+03	+0.766
133.200	+3.387e+03	+6.752e+03	+1.121e+04	+0.666
133.300	+2.028e+03	+7.345e+03	+9.416e+03	+0.784
133.400	+3.126e+03	+7.948e+03	+8.366e+03	+0.718
133.500	+4.635e+03	+6.838e+03	+9.866e+03	+0.596
133.600	+2.380e+03	+7.990e+03	+1.018e+04	+0.771
133.700	+4.418e+03	+7.048e+03	+7.507e+03	+0.615
133.800	+2.654e+03	+7.688e+03	+9.690e+03	+0.743
133.900	+3.976e+03	+7.315e+03	+1.041e+04	+0.648
134.000	+3.811e+03	+7.491e+03	+1.011e+04	+0.663
134.100	+3.577e+03	+6.112e+03	+1.221e+04	+0.631
134.200	+3.035e+03	+6.860e+03	+1.017e+04	+0.693
134.300	+3.307e+03	+7.017e+03	+1.015e+04	+0.680
134.400	+5.332e+03	+2.396e+03	+1.012e+04	+0.310
134.500	+7.108e+03	+1.433e+03	+9.626e+03	+0.168
134.600	+7.984e+03	+2.412e+03	+1.114e+04	+0.232
134.700	+7.470e+03	+4.570e+03	+1.077e+04	+0.380
134.800	+6.760e+03	+1.725e+03	+9.580e+03	+0.203
134.900	+6.112e+03	+3.195e+03	+1.110e+04	+0.343
135.000	+8.769e+03	+2.556e+03	+1.027e+04	+0.226
135.100	+8.094e+03	+4.726e+03	+9.655e+03	+0.369
135.200	+6.686e+03	+2.792e+03	+9.220e+03	+0.295
135.300	+6.012e+03	+3.349e+03	+9.632e+03	+0.358
135.400	+5.964e+03	+1.385e+03	+1.016e+04	+0.188
135.500	+7.452e+03	+3.694e+03	+1.068e+04	+0.331
135.600	+7.743e+03	+2.810e+03	+8.263e+03	+0.266
135.700	+7.644e+03	+3.705e+03	+9.932e+03	+0.326
135.800	+6.189e+03	+3.995e+03	+8.329e+03	+0.392
135.900	+7.593e+03	+2.953e+03	+1.110e+04	+0.280
136.000	+6.448e+03	+3.597e+03	+1.051e+04	+0.358
136.100	+7.248e+03	+4.988e+03	+9.872e+03	+0.408
136.200	+3.859e+03	+5.758e+03	+9.140e+03	+0.599
136.300	+6.762e+03	+2.401e+03	+1.157e+04	+0.262
136.400	+6.843e+03	+3.213e+03	+9.723e+03	+0.319
136.500	+8.280e+03	+2.879e+03	+1.015e+04	+0.258
136.600	+7.599e+03	+2.509e+03	+9.824e+03	+0.248
136.700	+3.221e+03	+5.913e+03	+9.783e+03	+0.647
136.800	+2.697e+03	+5.011e+03	+1.109e+04	+0.650
136.900	+3.822e+03	+6.510e+03	+9.903e+03	+0.630
137.000	+2.145e+03	+5.193e+03	+8.471e+03	+0.708
137.100	+2.231e+03	+6.356e+03	+1.044e+04	+0.740
137.200	+1.862e+03	+6.889e+03	+1.006e+04	+0.787
137.300	+3.815e+03	+7.526e+03	+1.075e+04	+0.664
137.400	+3.608e+03	+6.953e+03	+1.256e+04	+0.658
137.500	+2.829e+03	+7.256e+03	+9.497e+03	+0.719
137.600	+4.094e+03	+6.814e+03	+8.618e+03	+0.625
137.700	+2.688e+03	+7.655e+03	+9.521e+03	+0.740
137.800	+3.413e+03	+7.703e+03	+8.921e+03	+0.693
137.900	+2.730e+03	+4.724e+03	+1.043e+04	+0.634
138.000	+2.684e+03	+7.170e+03	+1.006e+04	+0.728
138.100	+7.419e+03	+3.384e+03	+1.057e+04	+0.313
138.200	+8.682e+03	+2.890e+03	+1.028e+04	+0.250
138.300	+5.242e+03	+5.446e+03	+9.960e+03	+0.510
138.400	+3.104e+03	+7.249e+03	+8.958e+03	+0.700
138.500	+3.966e+03	+7.010e+03	+1.059e+04	+0.639
138.600	+2.123e+03	+5.948e+03	+1.002e+04	+0.737
138.700	+2.926e+03	+6.046e+03	+1.042e+04	+0.674
138.800	+3.215e+03	+7.385e+03	+1.064e+04	+0.697
138.900	+4.187e+03	+5.126e+03	+9.830e+03	+0.550
139.000	+2.393e+03	+6.486e+03	+1.094e+04	+0.731
139.100	+4.143e+03	+5.735e+03	+1.091e+04	+0.581
139.200	+3.160e+03	+5.681e+03	+1.069e+04	+0.643
139.300	+1.937e+03	+6.869e+03	+9.618e+03	+0.780
139.400	+3.000e+03	+7.455e+03	+9.161e+03	+0.713
139.500	+1.613e+03	+6.728e+03	+9.969e+03	+0.807
139.600	+4.402e+03	+5.900e+03	+1.007e+04	+0.573
139.700	+4.421e+03	+5.460e+03	+1.113e+04	+0.553
139.800	+6.805e+03	+4.146e+03	+1.066e+04	+0.379
139.900	+2.617e+03	+6.405e+03	+1.007e+04	+0.710
140.000	+4.051e+03	+7.891e+03	+1.002e+04	+0.661
140.100	+2.783e+03	+6.285e+03	+1.040e+04	+0.693
140.200	+2.288e+03	+7.605e+03	+9.714e+03	+0.769
140.300	+3.356e+03	+7.986e+03	+9.813e+03	+0.704
140.400	+2.849e+03	+8.010e+03	+1.129e+04	+0.738
140.500	+2.174e+03	+6.735e+03	+9.979e+03	+0.756
140.600	+2.366e+03	+6.576e+03	+1.141e+04	+0.735
140.700	+1.867e+03	+5.872e+03	+1.055e+04	+0.759
140.800	+2.101e+03	+6.731e+03	+1.045e+04	+0.762
140.900	+3.168e+03	+6.731e+03	+1.030e+04	+0.680
141.000	+3.653e+03	+6.985e+03	+9.436e+03	+0.657
141.100	+3.405e+03	+6.744e+03	+9.962e+03	+0.665
141.200	+3.045e+03	+8.302e+03	+1.138e+04	+0.732
141.300	+3.237e+03	+6.854e+03	+1.174e+04	+0.679
141.400	+2.812e+03	+5.801e+03	+1.214e+04	+0.674
141.500	+2.788e+03	+7.991e+03	+1.052e+04	+0.741
141.600	+2.070e+03	+6.932e+03	+1.061e+04	+0.770
141.700	+2.778e+03	+6.957e+03	+9.744e+03	+0.715
141.800	+2.674e+03	+7.756e+03	+9.324e+03	+0.744
141.900	+2.715e+03	+6.828e+03	+9.466e+03	+0.715
142.000	+4.244e+03	+6.721e+03	+9.490e+03	+0.613
142.100	+6.834e+03	+4.664e+03	+1.057e+04	+0.406
142.200	+6.858e+03	+3.576e+03	+9.290e+03	+0.343
142.300	+7.438e+03	+2.487e+03	+8.692e+03	+0.251
142.400	+7.431e+03	+3.666e+03	+1.114e+04	+0.330
142.500	+7.835e+03	+3.158e+03	+8.881e+03	+0.287
142.600	+6.439e+03	+3.664e+03	+1.049e+04	+0.363
142.700	+7.613e+03	+3.892e+03	+9.533e+03	+0.338
142.800	+7.911e+03	+1.974e+03	+1.023e+04	+0.200
142.900	+4.980e+03	+3.388e+03	+9.305e+03	+0.405
143.000	+8.269e+03	+2.599e+03	+9.400e+03	+0.239
143.100	+7.581e+03	+3.696e+03	+9.230e+03	+0.328
143.200	+5.811e+03	+3.184e+03	+1.225e+04	+0.354
143.300	+7.814e+03	+4.623e+03	+1.078e+04	+0.372
143.400	+6.857e+03	+2.435e+03	+9.788e+03	+0.262
143.500	+8.075e+03	+2.843e+03	+8.442e+03	+0.260
143.600	+8.055e+03	+3.497e+03	+1.017e+04	+0.303
143.700	+6.102e+03	+2.753e+03	+1.083e+04	+0.311
143.800	+6.160e+03	+1.786e+03	+9.254e+03	+0.225
143.900	+7.894e+03	+3.794e+03	+1.112e+04	+0.325
144.000	+7.541e+03	+3.132e+03	+9.743e+03	+0.293
144.100	+6.474e+03	+2.772e+03	+1.147e+04	+0.300
144.200	+6.785e+03	+2.760e+03	+1.026e+04	+0.289
144.300	+5.287e+03	+4.856e+03	+1.123e+04	+0.479
144.400	+2.737e+03	+8.269e+03	+9.850e+03	+0.751
144.500	+2.657e+03	+6.658e+03	+9.724e+03	+0.715
144.600	+3.151e+03	+7.935e+03	+1.001e+04	+0.716
144.700	+3.326e+03	+6.257e+03	+1.128e+04	+0.653
144.800	+3.087e+03	+5.582e+03	+9.934e+03	+0.644
144.900	+3.239e+03	+7.855e+03	+9.753e+03	+0.708
145.000	+3.157e+03	+5.960e+03	+1.084e+04	+0.654
145.100	+6.451e+03	+3.850e+03	+9.146e+03	+0.374
145.200	+7.541e+03	+3.622e+03	+9.659e+03	+0.324
145.300	+6.357e+03	+3.664e+03	+1.029e+04	+0.366
145.400	+7.791e+03	+3.789e+03	+1.033e+04	+0.327
145.500	+7.259e+03	+3.358e+03	+1.121e+04	+0.316
145.600	+6.155e+03	+1.844e+03	+8.784e+03	+0.231
145.700	+6.808e+03	+3.161e+03	+1.119e+04	+0.317
145.800	+6.443e+03	+3.814e+03	+1.133e+04	+0.372
145.900	+7.722e+03	+2.506e+03	+1.113e+04	+0.245
146.000	+5.473e+03	+1.524e+03	+1.040e+04	+0.218
146.100	+6.404e+03	+4.914e+03	+1.053e+04	+0.434
146.200	+2.629e+03	+6.484e+03	+8.745e+03	+0.711
146.300	+4.208e+03	+7.428e+03	+9.740e+03	+0.638
146.400	+8.350e+03	+4.225e+03	+9.514e+03	+0.336
146.500	+6.941e+03	+3.972e+03	+9.183e+03	+0.364
146.600	+7.294e+03	+3.407e+03	+1.068e+04	+0.318
146.700	+6.753e+03	+2.097e+03	+1.200e+04	+0.237
146.800	+6.699e+03	+4.068e+03	+1.056e+04	+0.378
146.900	+5.972e+03	+2.630e+03	+1.019e+04	+0.306
147.000	+3.683e+03	+8.827e+03	+1.046e+04	+0.706
147.100	+3.322e+03	+6.178e+03	+1.049e+04	+0.650
147.200	+3.162e+03	+7.445e+03	+1.031e+04	+0.702
147.300	+4.131e+03	+6.809e+03	+1.004e+04	+0.622
147.400	+2.039e+03	+8.486e+03	+1.022e+04	+0.806
147.500	+3.481e+03	+8.639e+03	+9.518e+03	+0.713
147.600	+2.726e+03	+7.521e+03	+9.373e+03	+0.734
147.700	+2.955e+03	+7.409e+03	+1.011e+04	+0.715
147.800	+4.041e+03	+7.346e+03	+9.260e+03	+0.645
147.900	+7.385e+02	+6.235e+03	+9.619e+03	+0.894
148.000	+3.154e+03	+5.174e+03	+1.083e+04	+0.621
148.100	+2.883e+03	+6.601e+03	+1.033e+04	+0.696
148.200	+1.816e+03	+8.210e+03	+1.087e+04	+0.819
148.300	+3.996e+03	+7.000e+03	+1.132e+04	+0.637
148.400	+3.908e+03	+8.985e+03	+1.077e+04	+0.697
148.500	+3.099e+03	+6.125e+03	+9.278e+03	+0.664
148.600	+2.081e+03	+6.776e+03	+1.130e+04	+0.765
148.700	+3.108e+03	+6.974e+03	+9.611e+03	+0.692
148.800	+3.530e+03	+6.681e+03	+9.971e+03	+0.654
148.900	+3.411e+03	+6.823e+03	+1.087e+04	+0.667
149.000	+3.130e+03	+7.390e+03	+9.202e+03	+0.702
149.100	+3.012e+03	+8.133e+03	+1.013e+04	+0.730
149.200	+2.929e+03	+7.653e+03	+9.732e+03	+0.723
149.300	+3.568e+03	+6.776e+03	+8.925e+03	+0.655
149.400	+2.954e+03	+6.487e+03	+1.103e+04	+0.687
149.500	+2.312e+03	+6.109e+03	+1.083e+04	+0.725
149.600	+1.586e+03	+6.790e+03	+7.982e+03	+0.811
149.700	+1.936e+03	+7.140e+03	+1.064e+04	+0.787
149.800	+3.219e+03	+8.869e+03	+8.179e+03	+0.734
149.900	+3.720e+03	+8.047e+03	+9.100e+03	+0.684
150.000	+1.016e+03	+7.149e+03	+1.046e+04	+0.876
150.100	+3.100e+03	+6.660e+03	+9.152e+03	+0.682
150.200	+2.569e+03	+7.560e+03	+1.068e+04	+0.746
150.300	+2.517e+03	+8.304e+03	+1.173e+04	+0.767
150.400	+2.427e+03	+6.956e+03	+9.429e+03	+0.741
150.500	+3.110e+03	+6.790e+03	+9.232e+03	+0.686
150.600	+2.961e+03	+6.889e+03	+1.045e+04	+0.699
150.700	+3.104e+03	+6.724e+03	+9.125e+03	+0.684
150.800	+3.733e+03	+7.019e+03	+1.077e+04	+0.653
150.900	+4.152e+03	+9.196e+03	+1.158e+04	+0.689
151.000	+3.219e+03	+7.032e+03	+9.784e+03	+0.686
151.100	+4.620e+03	+6.027e+03	+9.476e+03	+0.566
151.200	+7.432e+03	+3.531e+03	+1.049e+04	+0.322
151.300	+7.112e+03	+3.899e+03	+1.006e+04	+0.354
151.400	+8.359e+03	+4.521e+03	+9.484e+03	+0.351
151.500	+7.905e+03	+1.878e+03	+8.745e+03	+0.192
151.600	+7.996e+03	+3.079e+03	+1.047e+04	+0.278
151.700	+6.621e+03	+2.129e+03	+8.815e+03	+0.243
151.800	+7.945e+03	+2.912e+03	+9.363e+03	+0.268
151.900	+6.839e+03	+3.051e+03	+9.762e+03	+0.309
152.000	+6.247e+03	+4.148e+03	+9.514e+03	+0.399
152.100	+6.894e+03	+2.017e+03	+1.010e+04	+0.226
152.200	+6.699e+03	+3.235e+03	+9.674e+03	+0.326
152.300	+7.204e+03	+3.830e+03	+9.717e+03	+0.347
152.400	+7.065e+03	+2.149e+03	+9.999e+03	+0.233
152.500	+6.747e+03	+3.229e+03	+9.590e+03	+0.324
152.600	+6.997e+03	+2.775e+03	+1.023e+04	+0.284
152.700	+5.100e+03	+3.747e+03	+1.025e+04	+0.424
152.800	+6.854e+03	+3.381e+03	+9.940e+03	+0.330
152.900	+7.446e+03	+1.963e+03	+8.838e+03	+0.209
153.000	+6.633e+03	+2.086e+03	+9.049e+03	+0.239
153.100	+7.344e+03	+4.254e+03	+9.911e+03	+0.367
153.200	+7.090e+03	+2.511e+03	+9.903e+03	+0.262
153.300	+7.323e+03	+3.627e+03	+1.104e+04	+0.331
153.400	+6.573e+03	+2.415e+03	+9.281e+03	+0.269
153.500	+7.615e+03	+3.247e+03	+1.227e+04	+0.299
153.600	+4.037e+03	+6.665e+03	+1.026e+04	+0.623
153.700	+4.254e+03	+7.388e+03	+1.051e+04	+0.635
153.800	+3.636e+03	+7.049e+03	+9.862e+03	+0.660
153.900	+2.581e+03	+7.047e+03	+1.016e+04	+0.732
154.000	+2.649e+03	+6.545e+03	+1.034e+04	+0.712
154.100	+2.247e+03	+6.579e+03	+8.929e+03	+0.745
154.200	+3.980e+03	+8.658e+03	+9.940e+03	+0.685
154.300	+2.923e+03	+9.244e+03	+1.071e+04	+0.760
154.400	+3.649e+03	+6.466e+03	+7.837e+03	+0.639
154.500	+2.475e+03	+6.535e+03	+9.292e+03	+0.725
154.600	+1.795e+03	+8.116e+03	+1.033e+04	+0.819
154.700	+3.090e+03	+7.307e+03	+9.784e+03	+0.703
154.800	+2.447e+03	+6.928e+03	+1.081e+04	+0.739
154.900	+4.239e+03	+6.761e+03	+1.007e+04	+0.615
155.000	+2.796e+03	+7.149e+03	+9.725e+03	+0.719
155.100	+2.689e+03	+7.383e+03	+9.757e+03	+0.733
155.200	+2.907e+03	+5.976e+03	+9.204e+03	+0.673
155.300	+3.230e+03	+8.186e+03	+9.855e+03	+0.717
155.400	+2.770e+03	+6.193e+03	+9.351e+03	+0.691
155.500	+1.152e+03	+7.399e+03	+1.013e+04	+0.865
155.600	+1.925e+03	+7.997e+03	+1.122e+04	+0.806
155.700	+3.355e+03	+5.788e+03	+1.012e+04	+0.633
155.800	+3.181e+03	+6.855e+03	+9.270e+03	+0.683
155.900	+1.357e+03	+6.919e+03	+1.056e+04	+0.836
156.000	+2.881e+03	+7.343e+03	+9.882e+03	+0.718
156.100	+2.245e+03	+8.019e+03	+9.996e+03	+0.781
156.200	+2.569e+03	+7.403e+03	+9.942e+03	+0.742
156.300	+2.747e+03	+6.848e+03	+9.564e+03	+0.714
156.400	+3.537e+03	+5.976e+03	+1.036e+04	+0.628
156.500	+5.337e+03	+4.082e+03	+1.088e+04	+0.433
156.600	+7.484e+03	+2.409e+03	+9.648e+03	+0.244
156.700	+7.961e+03	+1.349e+03	+9.293e+03	+0.145
156.800	+6.635e+03	+1.788e+03	+1.072e+04	+0.212
156.900	+7.346e+03	+1.710e+03	+9.751e+03	+0.189
157.000	+6.752e+03	+3.168e+03	+9.666e+03	+0.319
157.100	+6.743e+03	+2.116e+03	+9.844e+03	+0.239
157.200	+6.545e+03	+3.084e+03	+9.158e+03	+0.320
157.300	+7.209e+03	+2.350e+03	+7.010e+03	+0.246
157.400	+6.225e+03	+2.382e+03	+9.471e+03	+0.277
157.500	+7.660e+03	+4.161e+03	+9.176e+03	+0.352
157.600	+7.443e+03	+2.748e+03	+1.013e+04	+0.270
157.700	+8.041e+03	+2.926e+03	+8.916e+03	+0.267
157.800	+6.632e+03	+2.747e+03	+8.993e+03	+0.293
157.900	+7.243e+03	+3.191e+03	+1.071e+04	+0.306
158.000	+6.835e+03	+3.337e+03	+1.113e+04	+0.328
158.100	+8.438e+03	+3.568e+03	+9.296e+03	+0.297
158.200	+8.189e+03	+2.875e+03	+8.752e+03	+0.260
158.300	+4.981e+03	+6.020e+03	+9.490e+03	+0.547
158.400	+2.377e+03	+6.440e+03	+1.102e+04	+0.730
158.500	+3.002e+03	+7.934e+03	+1.103e+04	+0.726
158.600	+4.035e+03	+6.722e+03	+8.438e+03	+0.625
158.700	+3.851e+03	+6.381e+03	+1.004e+04	+0.624
158.800	+6.097e+03	+3.796e+03	+9.094e+03	+0.384
158.900	+6.862e+03	+2.845e+03	+9.251e+03	+0.293
159.000	+8.188e+03	+3.765e+03	+8.841e+03	+0.315
159.100	+3.563e+03	+6.408e+03	+1.080e+04	+0.643
159.200	+3.592e+03	+8.025e+03	+1.118e+04	+0.691
159.300	+2.602e+03	+6.425e+03	+9.361e+03	+0.712
159.400	+2.536e+03	+5.366e+03	+9.483e+03	+0.679
159.500	+4.018e+03	+6.535e+03	+1.030e+04	+0.619
159.600	+1.675e+03	+6.484e+03	+9.931e+03	+0.795
159.700	+1.741e+03	+7.102e+03	+9.948e+03	+0.803
159.800	+2.662e+03	+9.100e+03	+9.221e+03	+0.774
159.900	+4.314e+03	+7.810e+03	+1.111e+04	+0.644
160.000	+3.662e+03	+7.906e+03	+1.073e+04	+0.683
160.100	+3.815e+03	+6.257e+03	+1.063e+04	+0.621
160.200	+2.324e+03	+7.333e+03	+9.251e+03	+0.759
160.300	+2.873e+03	+6.881e+03	+9.120e+03	+0.705
160.400	+1.720e+03	+6.226e+03	+1.007e+04	+0.784
160.500	+2.057e+03	+7.628e+03	+8.925e+03	+0.788
160.600	+4.910e+03	+5.212e+03	+1.139e+04	+0.515
160.700	+8.466e+03	+2.917e+03	+9.565e+03	+0.256
160.800	+5.880e+03	+4.497e+03	+1.030e+04	+0.433
160.900	+6.137e+03	+2.872e+03	+9.750e+03	+0.319
161.000	+7.089e+03	+3.038e+03	+9.956e+03	+0.300
161.100	+3.253e+03	+5.733e+03	+1.033e+04	+0.638
161.200	+1.468e+03	+7.105e+03	+9.975e+03	+0.829
161.300	+5.256e+03	+3.227e+03	+1.067e+04	+0.380
161.400	+3.122e+03	+6.628e+03	+9.883e+03	+0.680
161.500	+3.517e+03	+8.063e+03	+9.542e+03	+0.696
161.600	+3.870e+03	+8.390e+03	+1.059e+04	+0.684
161.700	+2.174e+03	+6.086e+03	+1.112e+04	+0.737
161.800	+9.512e+02	+8.070e+03	+9.779e+03	+0.895
161.900	+8.289e+03	+3.886e+03	+1.019e+04	+0.319
162.000	+7.989e+03	+1.883e+03	+1.057e+04	+0.191
162.100	+6.209e+03	+3.963e+03	+1.008e+04	+0.390
162.200	+7.933e+03	+2.757e+03	+1.033e+04	+0.258
162.300	+7.773e+03	+3.113e+03	+1.129e+04	+0.286
162.400	+7.011e+03	+3.762e+03	+9.500e+03	+0.349
162.500	+7.695e+03	+3.902e+03	+9.419e+03	+0.336
162.600	+8.980e+03	+3.302e+03	+8.229e+03	+0.269
162.700	+7.111e+03	+4.001e+03	+9.998e+03	+0.360
162.800	+7.194e+03	+2.449e+03	+9.381e+03	+0.254
162.900	+5.708e+03	+3.140e+03	+1.134e+04	+0.355
163.000	+7.964e+03	+2.033e+03	+9.682e+03	+0.203
163.100	+8.812e+03	+3.333e+03	+9.872e+03	+0.274
163.200	+7.461e+03	+3.836e+03	+1.077e+04	+0.340
163.300	+6.720e+03	+3.408e+03	+9.659e+03	+0.336
163.400	+6.999e+03	+2.487e+03	+9.573e+03	+0.262
163.500	+6.969e+03	+3.653e+03	+9.245e+03	+0.344
163.600	+7.969e+03	+3.405e+03	+9.654e+03	+0.299
163.700	+7.882e+03	+1.460e+03	+1.149e+04	+0.156
163.800	+6.114e+03	+4.516e+03	+9.771e+03	+0.425
163.900	+4.508e+03	+7.051e+03	+1.142e+04	+0.610
164.000	+2.466e+03	+8.353e+03	+9.610e+03	+0.772
164.100	+3.836e+03	+7.327e+03	+9.010e+03	+0.656
164.200	+3.062e+03	+7.002e+03	+9.357e+03	+0.696
164.300	+3.843e+03	+6.731e+03	+1.013e+04	+0.637
164.400	+3.675e+03	+6.218e+03	+8.655e+03	+0.629
164.500	+2.993e+03	+6.383e+03	+1.060e+04	+0.681
164.600	+2.903e+03	+6.287e+03	+9.277e+03	+0.684
164.700	+2.625e+03	+6.939e+03	+9.945e+03	+0.726
164.800	+2.715e+03	+7.867e+03	+9.290e+03	+0.743
164.900	+2.315e+03	+6.620e+03	+9.138e+03	+0.741
165.000	+4.720e+03	+7.104e+03	+1.051e+04	+0.601
165.100	+5.362e+03	+5.375e+03	+8.990e+03	+0.501
165.200	+2.457e+03	+7.283e+03	+1.040e+04	+0.748
165.300	+4.006e+03	+7.291e+03	+1.080e+04	+0.645
165.400	+5.334e+03	+5.162e+03	+1.049e+04	+0.492
165.500	+7.991e+03	+2.983e+03	+1.185e+04	+0.272
165.600	+6.102e+03	+3.431e+03	+9.515e+03	+0.360
165.700	+6.692e+03	+1.886e+03	+1.056e+04	+0.220
165.800	+7.433e+03	+1.737e+03	+1.126e+04	+0.189
165.900	+7.803e+03	+3.804e+03	+1.130e+04	+0.328
166.000	+6.534e+03	+2.803e+03	+1.301e+04	+0.300
166.100	+6.874e+03	+3.697e+03	+9.959e+03	+0.350
166.200	+8.419e+03	+3.041e+03	+9.296e+03	+0.265
166.300	+7.353e+03	+4.634e+03	+9.951e+03	+0.387
166.400	+7.517e+03	+2.758e+03	+9.924e+03	+0.268
166.500	+8.268e+03	+3.237e+03	+1.142e+04	+0.281
166.600	+6.432e+03	+3.796e+03	+1.189e+04	+0.371
166.700	+7.743e+03	+1.926e+03	+1.052e+04	+0.199
166.800	+7.238e+03	+3.685e+03	+9.035e+03	+0.337
166.900	+7.945e+03	+4.169e+03	+7.888e+03	+0.344
167.000	+7.911e+03	+2.692e+03	+1.049e+04	+0.254
167.100	+7.169e+03	+4.977e+03	+1.050e+04	+0.410
167.200	+3.635e+03	+6.293e+03	+9.771e+03	+0.634
167.300	+3.270e+03	+6.917e+03	+9.914e+03	+0.679
167.400	+4.185e+03	+7.358e+03	+9.208e+03	+0.637
167.500	+3.083e+03	+5.846e+03	+1.002e+04	+0.655
167.600	+3.081e+03	+7.309e+03	+9.301e+03	+0.703
167.700	+2.221e+03	+6.807e+03	+9.581e+03	+0.754
167.800	+4.014e+03	+7.619e+03	+9.015e+03	+0.655
167.900	+2.987e+03	+9.089e+03	+1.047e+04	+0.753
168.000	+2.521e+03	+5.834e+03	+1.156e+04	+0.698
168.100	+2.549e+03	+6.544e+03	+1.065e+04	+0.720
168.200	+3.358e+03	+5.812e+03	+1.029e+04	+0.634
168.300	+2.902e+03	+5.643e+03	+9.374e+03	+0.660
168.400	+2.512e+03	+7.811e+03	+1.001e+04	+0.757
168.500	+2.197e+03	+6.915e+03	+9.866e+03	+0.759
168.600	+1.802e+03	+6.854e+03	+1.245e+04	+0.792
168.700	+3.049e+03	+6.256e+03	+9.405e+03	+0.672
168.800	+3.618e+03	+7.571e+03	+1.076e+04	+0.677
168.900	+1.737e+03	+6.723e+03	+9.389e+03	+0.795
169.000	+4.324e+03	+6.764e+03	+9.803e+03	+0.610
169.100	+2.973e+03	+6.479e+03	+1.033e+04	+0.685
169.200	+2.714e+03	+6.801e+03	+9.989e+03	+0.715
169.300	+2.637e+03	+7.803e+03	+8.903e+03	+0.747
169.400	+3.240e+03	+6.936e+03	+9.630e+03	+0.682
169.500	+3.773e+03	+5.647e+03	+1.021e+04	+0.599
169.600	+7.176e+03	+2.989e+03	+1.119e+04	+0.294
169.700	+6.366e+03	+3.332e+03	+1.032e+04	+0.344
169.800	+6.672e+03	+2.365e+03	+9.926e+03	+0.262
169.900	+7.721e+03	+2.998e+03	+1.079e+04	+0.280
170.000	+6.182e+03	+3.387e+03	+9.914e+03	+0.354
170.100	+2.213e+03	+6.933e+03	+9.896e+03	+0.758
170.200	+1.364e+03	+6.382e+03	+1.096e+04	+0.824
170.300	+1.734e+03	+6.822e+03	+1.036e+04	+0.797
170.400	+3.597e+03	+5.088e+03	+1.058e+04	+0.586
170.500	+5.191e+03	+6.237e+03	+9.867e+03	+0.546
170.600	+3.411e+03	+7.148e+03	+1.041e+04	+0.677
170.700	+3.623e+03	+7.094e+03	+9.177e+03	+0.662
170.800	+2.705e+03	+6.426e+03	+9.967e+03	+0.704
170.900	+3.940e+03	+6.208e+03	+1.121e+04	+0.612
171.000	+2.597e+03	+6.538e+03	+1.038e+04	+0.716
171.100	+4.940e+03	+7.191e+03	+1.008e+04	+0.593
171.200	+2.795e+03	+7.253e+03	+1.037e+04	+0.722
171.300	+4.592e+03	+6.351e+03	+1.027e+04	+0.580
171.400	+3.717e+03	+6.827e+03	+1.117e+04	+0.647
171.500	+2.238e+03	+6.348e+03	+1.043e+04	+0.739
171.600	+1.559e+03	+7.110e+03	+1.008e+04	+0.820
171.700	+2.572e+03	+5.561e+03	+1.056e+04	+0.684
171.800	+2.578e+03	+7.419e+03	+8.877e+03	+0.742
171.900	+3.412e+03	+6.404e+03	+9.155e+03	+0.652
172.000	+2.981e+03	+6.326e+03	+9.498e+03	+0.680
172.100	+2.122e+03	+6.643e+03	+9.260e+03	+0.758
172.200	+3.803e+03	+6.547e+03	+8.394e+03	+0.633
172.300	+5.369e+03	+4.652e+03	+9.392e+03	+0.464
172.400	+7.299e+03	+3.731e+03	+1.059e+04	+0.338
172.500	+6.809e+03	+3.112e+03	+1.015e+04	+0.314
172.600	+6.688e+03	+3.011e+03	+1.060e+04	+0.310
172.700	+8.814e+03	+3.076e+03	+9.882e+03	+0.259
172.800	+7.547e+03	+2.536e+03	+1.000e+04	+0.252
172.900	+8.110e+03	+3.072e+03	+1.035e+04	+0.275
173.000	+7.024e+03	+2.488e+03	+1.090e+04	+0.262
173.100	+6.822e+03	+1.857e+03	+1.024e+04	+0.214
173.200	+6.978e+03	+3.307e+03	+8.472e+03	+0.322
173.300	+9.084e+03	+3.114e+03	+8.970e+03	+0.255
173.400	+6.787e+03	+2.024e+03	+9.678e+03	+0.230
173.500	+7.980e+03	+2.856e+03	+9.624e+03	+0.264
173.600	+7.893e+03	+1.875e+03	+1.074e+04	+0.192
173.700	+6.275e+03	+3.691e+03	+9.308e+03	+0.370
173.800	+8.449e+03	+1.810e+03	+1.052e+04	+0.176
173.900	+6.754e+03	+3.349e+03	+9.912e+03	+0.331
174.000	+8.191e+03	+3.804e+03	+1.104e+04	+0.317
174.100	+7.114e+03	+3.281e+03	+9.791e+03	+0.316
174.200	+5.992e+03	+3.243e+03	+1.036e+04	+0.351
174.300	+6.522e+03	+2.615e+03	+9.361e+03	+0.286
174.400	+7.985e+03	+2.487e+03	+9.363e+03	+0.237
174.500	+9.424e+03	+2.871e+03	+1.007e+04	+0.234
174.600	+7.558e+03	+2.015e+03	+9.554e+03	+0.210
174.700	+7.000e+03	+3.376e+03	+7.858e+03	+0.325
174.800	+7.566e+03	+3.547e+03	+9.275e+03	+0.319
174.900	+7.086e+03	+4.940e+03	+8.726e+03	+0.411
175.000	+7.145e+03	+3.266e+03	+9.591e+03	+0.314
175.100	+7.741e+03	+2.118e+03	+1.077e+04	+0.215
175.200	+6.902e+03	+4.578e+03	+1.012e+04	+0.399
175.300	+6.606e+03	+3.966e+03	+9.235e+03	+0.375
175.400	+6.377e+03	+2.415e+03	+9.864e+03	+0.275
175.500	+8.888e+03	+3.392e+03	+9.794e+03	+0.276
175.600	+8.370e+03	+4.352e+03	+1.012e+04	+0.342
175.700	+6.234e+03	+3.966e+03	+1.037e+04	+0.389
175.800	+6.755e+03	+3.272e+03	+1.136e+04	+0.326
175.900	+5.128e+03	+3.625e+03	+9.934e+03	+0.414
176.000	+8.077e+03	+2.817e+03	+9.882e+03	+0.259
176.100	+8.450e+03	+2.509e+03	+1.062e+04	+0.229
176.200	+6.543e+03	+3.175e+03	+1.018e+04	+0.327
176.300	+7.042e+03	+3.366e+03	+9.018e+03	+0.323
176.400	+7.063e+03	+2.342e+03	+9.465e+03	+0.249
176.500	+6.375e+03	+3.503e+03	+8.197e+03	+0.355
176.600	+8.698e+03	+3.336e+03	+9.802e+03	+0.277
176.700	+6.883e+03	+2.857e+03	+1.061e+04	+0.293
176.800	+5.260e+03	+1.626e+03	+9.357e+03	+0.236
176.900	+7.790e+03	+3.476e+03	+9.056e+03	+0.309
177.000	+7.086e+03	+2.283e+03	+8.921e+03	+0.244
177.100	+7.254e+03	+2.686e+03	+1.007e+04	+0.270
177.200	+7.172e+03	+1.695e+03	+1.067e+04	+0.191
177.300	+6.241e+03	+3.588e+03	+9.490e+03	+0.365
177.400	+7.727e+03	+2.990e+03	+9.431e+03	+0.279
177.500	+7.448e+03	+2.750e+03	+1.177e+04	+0.270
177.600	+5.802e+03	+3.525e+03	+1.015e+04	+0.378
177.700	+4.306e+03	+7.336e+03	+9.850e+03	+0.630
177.800	+2.857e+03	+6.011e+03	+1.021e+04	+0.678
177.900	+1.513e+03	+6.919e+03	+1.009e+04	+0.821
178.000	+3.002e+03	+6.536e+03	+1.031e+04	+0.685
178.100	+3.783e+03	+8.290e+03	+1.082e+04	+0.687
178.200	+3.003e+03	+5.893e+03	+1.059e+04	+0.662
178.300	+1.406e+03	+5.992e+03	+9.427e+03	+0.810
178.400	+3.722e+03	+6.862e+03	+1.004e+04	+0.648
178.500	+3.235e+03	+7.026e+03	+9.518e+03	+0.685
178.600	+5.875e+03	+3.580e+03	+1.035e+04	+0.379
178.700	+7.884e+03	+3.082e+03	+1.158e+04	+0.281
178.800	+7.325e+03	+1.731e+03	+1.159e+04	+0.191
178.900	+8.070e+03	+3.875e+03	+8.253e+03	+0.324
179.000	+6.835e+03	+1.835e+03	+1.074e+04	+0.212
179.100	+5.954e+03	+2.440e+03	+1.129e+04	+0.291
179.200	+7.831e+03	+2.276e+03	+8.660e+03	+0.225
179.300	+6.307e+03	+3.856e+03	+9.995e+03	+0.379
179.400	+7.269e+03	+2.728e+03	+9.211e+03	+0.273
179.500	+6.488e+03	+2.189e+03	+9.692e+03	+0.252
179.600	+7.085e+03	+2.960e+03	+1.087e+04	+0.295
179.700	+7.009e+03	+3.291e+03	+9.670e+03	+0.320
179.800	+8.608e+03	+4.332e+03	+1.047e+04	+0.335
