%t (s)	Idd (a.u.)	Ida (a.u.)	Iaa (a.u.)	FRET E
0.000	+2.060e+03	+6.174e+03	+1.022e+04	+0.750
0.100	+3.463e+03	+7.538e+03	+9.605e+03	+0.685
0.200	+2.397e+03	+6.811e+03	+1.077e+04	+0.740
0.300	+1.934e+03	+7.327e+03	+1.064e+04	+0.791
0.400	+3.182e+03	+8.420e+03	+1.006e+04	+0.726
0.500	+3.235e+03	+7.359e+03	+9.482e+03	+0.695
0.600	+4.824e+03	+5.833e+03	+1.036e+04	+0.547
0.700	+2.165e+03	+8.302e+03	+9.847e+03	+0.793
0.800	+3.708e+03	+6.444e+03	+1.101e+04	+0.635
0.900	+3.629e+03	+6.353e+03	+9.832e+03	+0.636
1.000	+5.174e+03	+5.524e+03	+9.517e+03	+0.516
1.100	+1.678e+03	+6.495e+03	+1.133e+04	+0.795
1.200	+4.725e+03	+5.770e+03	+1.126e+04	+0.550
1.300	+2.930e+03	+8.482e+03	+9.473e+03	+0.743
1.400	+2.907e+03	+7.040e+03	+1.036e+04	+0.708
1.500	+1.918e+03	+6.490e+03	+9.868e+03	+0.772
1.600	+2.926e+03	+6.962e+03	+1.002e+04	+0.704
1.700	+3.816e+03	+6.264e+03	+1.011e+04	+0.621
1.800	+2.212e+03	+7.056e+03	+1.031e+04	+0.761
1.900	+3.501e+03	+6.027e+03	+1.053e+04	+0.633
2.000	+3.749e+03	+7.476e+03	+1.088e+04	+0.666
2.100	+3.004e+03	+8.212e+03	+1.089e+04	+0.732
2.200	+2.364e+03	+7.231e+03	+1.048e+04	+0.754
2.300	+3.630e+03	+8.342e+03	+9.462e+03	+0.697
2.400	+3.093e+03	+8.306e+03	+9.833e+03	+0.729
2.500	+3.309e+03	+6.559e+03	+9.474e+03	+0.665
2.600	+4.689e+03	+6.498e+03	+1.006e+04	+0.581
2.700	+3.147e+03	+7.812e+03	+1.105e+04	+0.713
2.800	+2.822e+03	+8.326e+03	+9.595e+03	+0.747
2.900	+3.437e+03	+5.483e+03	+1.018e+04	+0.615
3.000	+3.565e+03	+6.511e+03	+1.049e+04	+0.646
3.100	+6.013e+03	+3.575e+03	+9.442e+03	+0.373
3.200	+6.472e+03	+4.261e+03	+1.003e+04	+0.397
3.300	+6.689e+03	+2.463e+03	+9.844e+03	+0.269
3.400	+6.350e+03	+4.537e+03	+1.059e+04	+0.417
3.500	+8.087e+03	+3.021e+03	+9.394e+03	+0.272
3.600	+7.714e+03	+3.016e+03	+9.680e+03	+0.281
3.700	+7.640e+03	+2.987e+03	+1.018e+04	+0.281
3.800	+5.986e+03	+3.222e+03	+1.016e+04	+0.350
3.900	+7.245e+03	+2.530e+03	+1.109e+04	+0.259
4.000	+6.833e+03	+2.483e+03	+9.090e+03	+0.267
4.100	+7.162e+03	+2.977e+03	+9.713e+03	+0.294
4.200	+7.625e+03	+1.977e+03	+9.560e+03	+0.206
4.300	+4.918e+03	+4.785e+03	+1.049e+04	+0.493
4.400	+1.879e+03	+7.332e+03	+1.026e+04	+0.796
4.500	+2.965e+03	+6.569e+03	+9.938e+03	+0.689
4.600	+3.902e+03	+5.956e+03	+9.646e+03	+0.604
4.700	+4.412e+03	+7.204e+03	+1.012e+04	+0.620
4.800	+3.366e+03	+5.556e+03	+1.035e+04	+0.623
4.900	+5.675e+03	+2.267e+03	+1.055e+04	+0.285
5.000	+7.668e+03	+4.595e+03	+1.021e+04	+0.375
5.100	+7.932e+03	+2.846e+03	+8.313e+03	+0.264
5.200	+6.093e+03	+4.070e+03	+9.724e+03	+0.400
5.300	+7.007e+03	+2.394e+03	+9.856e+03	+0.255
5.400	+6.109e+03	+2.715e+03	+1.003e+04	+0.308
5.500	+7.486e+03	+1.885e+03	+9.678e+03	+0.201
5.600	+7.361e+03	+2.224e+03	+9.705e+03	+0.232
5.700	+5.838e+03	+3.026e+03	+1.139e+04	+0.341
5.800	+6.941e+03	+2.655e+03	+8.977e+03	+0.277
5.900	+7.566e+03	+2.918e+03	+9.177e+03	+0.278
6.000	+7.296e+03	+3.498e+03	+1.051e+04	+0.324
6.100	+6.853e+03	+3.918e+03	+9.341e+03	+0.364
6.200	+5.822e+03	+2.636e+03	+9.905e+03	+0.312
6.300	+8.114e+03	+2.221e+03	+1.292e+04	+0.215
6.400	+4.966e+03	+6.874e+03	+1.089e+04	+0.581
6.500	+2.778e+03	+7.340e+03	+9.006e+03	+0.725
6.600	+3.573e+03	+5.157e+03	+1.044e+04	+0.591
6.700	+1.966e+03	+6.517e+03	+1.118e+04	+0.768
6.800	+3.712e+03	+7.625e+03	+9.730e+03	+0.673
6.900	+3.404e+03	+6.821e+03	+1.012e+04	+0.667
7.000	+1.829e+03	+7.255e+03	+1.086e+04	+0.799
7.100	+3.603e+03	+5.884e+03	+8.998e+03	+0.620
7.200	+5.565e+03	+4.472e+03	+1.025e+04	+0.446
7.300	+4.121e+03	+8.041e+03	+9.538e+03	+0.661
7.400	+3.339e+03	+6.737e+03	+1.009e+04	+0.669
7.500	+1.208e+03	+7.311e+03	+9.999e+03	+0.858
7.600	+3.305e+03	+6.544e+03	+9.202e+03	+0.664
7.700	+4.220e+03	+6.330e+03	+1.040e+04	+0.600
7.800	+2.211e+03	+6.698e+03	+1.030e+04	+0.752
7.900	+3.874e+03	+6.455e+03	+1.025e+04	+0.625
8.000	+3.728e+03	+6.684e+03	+1.061e+04	+0.642
8.100	+2.524e+03	+7.433e+03	+1.079e+04	+0.747
8.200	+2.352e+03	+6.127e+03	+9.707e+03	+0.723
8.300	+4.086e+03	+6.774e+03	+1.095e+04	+0.624
8.400	+3.792e+03	+8.223e+03	+1.024e+04	+0.684
8.500	+2.673e+03	+4.326e+03	+1.008e+04	+0.618
8.600	+3.667e+03	+5.665e+03	+9.362e+03	+0.607
8.700	+4.418e+03	+7.641e+03	+1.095e+04	+0.634
8.800	+5.186e+03	+5.964e+03	+1.140e+04	+0.535
8.900	+2.421e+03	+8.030e+03	+9.437e+03	+0.768
9.000	+2.974e+03	+6.442e+03	+1.010e+04	+0.684
9.100	+2.726e+03	+5.600e+03	+1.129e+04	+0.673
9.200	+2.759e+03	+6.297e+03	+1.027e+04	+0.695
9.300	+3.131e+03	+7.140e+03	+1.015e+04	+0.695
9.400	+2.964e+03	+5.526e+03	+1.069e+04	+0.651
9.500	+4.100e+03	+6.869e+03	+7.500e+03	+0.626
9.600	+2.911e+03	+6.819e+03	+9.667e+03	+0.701
9.700	+2.451e+03	+7.101e+03	+9.833e+03	+0.743
9.800	+3.671e+03	+6.739e+03	+1.021e+04	+0.647
9.900	+1.854e+03	+7.154e+03	+1.089e+04	+0.794
10.000	+2.899e+03	+6.903e+03	+9.343e+03	+0.704
10.100	+4.287e+03	+5.956e+03	+1.116e+04	+0.581
10.200	+1.817e+03	+6.652e+03	+1.040e+04	+0.785
10.300	+3.454e+03	+7.198e+03	+1.015e+04	+0.676
10.400	+2.540e+03	+8.006e+03	+9.942e+03	+0.759
10.500	+1.967e+03	+6.117e+03	+1.008e+04	+0.757
10.600	+3.605e+03	+6.990e+03	+1.006e+04	+0.660
10.700	+3.971e+03	+6.599e+03	+1.086e+04	+0.624
10.800	+3.185e+03	+7.132e+03	+9.458e+03	+0.691
10.900	+6.515e+03	+2.745e+03	+9.229e+03	+0.296
11.000	+3.230e+03	+7.748e+03	+1.084e+04	+0.706
11.100	+3.424e+03	+6.345e+03	+1.069e+04	+0.650
11.200	+3.314e+03	+6.674e+03	+1.048e+04	+0.668
11.300	+2.913e+03	+8.751e+03	+9.898e+03	+0.750
11.400	+3.409e+03	+6.004e+03	+9.446e+03	+0.638
11.500	+3.002e+03	+5.748e+03	+1.078e+04	+0.657
11.600	+2.435e+03	+7.975e+03	+9.922e+03	+0.766
11.700	+3.554e+03	+6.123e+03	+1.113e+04	+0.633
11.800	+3.563e+03	+6.635e+03	+9.649e+03	+0.651
11.900	+6.972e+03	+2.908e+03	+1.159e+04	+0.294
12.000	+4.855e+03	+5.942e+03	+1.143e+04	+0.550
12.100	+2.924e+03	+7.447e+03	+1.151e+04	+0.718
12.200	+2.868e+03	+8.278e+03	+1.016e+04	+0.743
12.300	+2.565e+03	+7.603e+03	+9.620e+03	+0.748
12.400	+2.183e+03	+7.074e+03	+1.090e+04	+0.764
12.500	+3.596e+03	+8.889e+03	+9.238e+03	+0.712
12.600	+4.719e+03	+7.988e+03	+9.519e+03	+0.629
12.700	+2.769e+03	+6.349e+03	+1.064e+04	+0.696
12.800	+3.248e+03	+7.119e+03	+1.074e+04	+0.687
12.900	+4.066e+03	+7.600e+03	+9.157e+03	+0.651
13.000	+2.812e+03	+6.720e+03	+8.481e+03	+0.705
13.100	+1.770e+03	+6.222e+03	+1.019e+04	+0.779
13.200	+3.503e+03	+6.553e+03	+8.653e+03	+0.652
13.300	+3.272e+03	+8.753e+03	+1.026e+04	+0.728
13.400	+3.489e+03	+6.904e+03	+9.264e+03	+0.664
13.500	+2.523e+03	+6.515e+03	+9.449e+03	+0.721
13.600	+2.962e+02	+7.343e+03	+1.081e+04	+0.961
13.700	+1.775e+03	+6.686e+03	+7.935e+03	+0.790
13.800	+5.666e+03	+2.720e+03	+9.632e+03	+0.324
13.900	+6.723e+03	+2.827e+03	+9.377e+03	+0.296
14.000	+6.246e+03	+4.363e+03	+1.123e+04	+0.411
14.100	+7.140e+03	+2.598e+03	+1.129e+04	+0.267
14.200	+8.387e+03	+3.475e+03	+8.991e+03	+0.293
14.300	+7.303e+03	+3.614e+03	+1.005e+04	+0.331
14.400	+6.484e+03	+2.633e+03	+1.030e+04	+0.289
14.500	+7.517e+03	+3.281e+03	+1.011e+04	+0.304
14.600	+6.993e+03	+1.480e+03	+1.161e+04	+0.175
14.700	+6.967e+03	+2.787e+03	+9.955e+03	+0.286
14.800	+5.981e+03	+2.920e+03	+8.556e+03	+0.328
14.900	+6.318e+03	+2.762e+03	+9.706e+03	+0.304
15.000	+7.169e+03	+3.583e+03	+9.573e+03	+0.333
15.100	+6.243e+03	+2.366e+03	+1.076e+04	+0.275
15.200	+7.194e+03	+2.488e+03	+1.105e+04	+0.257
15.300	+4.433e+03	+5.114e+03	+1.079e+04	+0.536
15.400	+2.072e+03	+6.406e+03	+1.131e+04	+0.756
15.500	+2.316e+03	+6.786e+03	+1.082e+04	+0.746
15.600	+3.617e+03	+5.867e+03	+1.057e+04	+0.619
15.700	+2.610e+03	+6.121e+03	+1.099e+04	+0.701
15.800	+3.460e+03	+5.650e+03	+1.065e+04	+0.620
15.900	+1.609e+03	+7.231e+03	+9.714e+03	+0.818
16.000	+2.297e+03	+7.678e+03	+1.006e+04	+0.770
16.100	+3.840e+03	+6.181e+03	+1.116e+04	+0.617
16.200	+4.791e+03	+3.549e+03	+9.290e+03	+0.426
16.300	+6.775e+03	+3.522e+03	+9.013e+03	+0.342
16.400	+7.647e+03	+2.881e+03	+1.059e+04	+0.274
16.500	+7.748e+03	+2.533e+03	+9.498e+03	+0.246
16.600	+6.394e+03	+2.509e+03	+8.851e+03	+0.282
16.700	+6.653e+03	+3.598e+03	+9.488e+03	+0.351
16.800	+7.413e+03	+2.034e+03	+1.068e+04	+0.215
16.900	+6.509e+03	+2.941e+03	+1.032e+04	+0.311
17.000	+6.422e+03	+3.482e+03	+1.031e+04	+0.352
17.100	+7.061e+03	+3.112e+03	+8.306e+03	+0.306
17.200	+7.109e+03	+3.385e+03	+1.043e+04	+0.323
17.300	+7.113e+03	+3.310e+03	+9.559e+03	+0.318
17.400	+5.595e+03	+2.396e+03	+9.490e+03	+0.300
17.500	+7.137e+03	+2.409e+03	+9.870e+03	+0.252
17.600	+7.065e+03	+4.104e+03	+8.331e+03	+0.367
17.700	+7.577e+03	+1.589e+03	+1.176e+04	+0.173
17.800	+6.081e+03	+3.487e+03	+1.066e+04	+0.364
17.900	+8.873e+03	+3.867e+03	+1.257e+04	+0.304
18.000	+6.719e+03	+3.725e+03	+1.015e+04	+0.357
18.100	+7.216e+03	+2.812e+03	+1.016e+04	+0.280
18.200	+2.106e+03	+7.482e+03	+1.014e+04	+0.780
18.300	+4.524e+03	+6.399e+03	+9.411e+03	+0.586
18.400	+2.992e+03	+6.426e+03	+1.034e+04	+0.682
18.500	+3.456e+03	+6.741e+03	+1.102e+04	+0.661
18.600	+4.068e+03	+7.866e+03	+1.101e+04	+0.659
18.700	+3.504e+03	+6.103e+03	+9.228e+03	+0.635
18.800	+3.306e+03	+6.082e+03	+1.021e+04	+0.648
18.900	+2.113e+03	+8.099e+03	+1.069e+04	+0.793
19.000	+3.169e+03	+6.942e+03	+1.093e+04	+0.687
19.100	+2.793e+03	+6.521e+03	+1.033e+04	+0.700
19.200	+2.889e+03	+7.837e+03	+9.337e+03	+0.731
19.300	+4.642e+03	+7.791e+03	+1.209e+04	+0.627
19.400	+3.450e+03	+6.299e+03	+8.839e+03	+0.646
19.500	+3.272e+03	+6.794e+03	+1.060e+04	+0.675
19.600	+3.798e+03	+6.529e+03	+8.600e+03	+0.632
19.700	+2.817e+03	+6.696e+03	+1.003e+04	+0.704
19.800	+3.750e+03	+6.851e+03	+9.674e+03	+0.646
19.900	+3.461e+03	+6.885e+03	+8.631e+03	+0.665
20.000	+2.968e+03	+6.376e+03	+9.424e+03	+0.682
20.100	+2.171e+03	+6.639e+03	+9.729e+03	+0.754
20.200	+4.584e+03	+7.367e+03	+1.011e+04	+0.616
20.300	+3.534e+03	+8.779e+03	+9.671e+03	+0.713
20.400	+2.253e+03	+7.682e+03	+9.898e+03	+0.773
20.500	+2.345e+03	+8.459e+03	+1.031e+04	+0.783
20.600	+4.033e+03	+8.923e+03	+9.474e+03	+0.689
20.700	+3.488e+03	+8.017e+03	+1.098e+04	+0.697
20.800	+2.364e+03	+7.866e+03	+9.609e+03	+0.769
20.900	+2.986e+03	+6.921e+03	+9.025e+03	+0.699
21.000	+2.753e+03	+6.991e+03	+1.083e+04	+0.717
21.100	+2.712e+03	+6.438e+03	+9.295e+03	+0.704
21.200	+2.399e+03	+7.435e+03	+9.574e+03	+0.756
21.300	+7.913e+02	+6.115e+03	+9.876e+03	+0.885
21.400	+2.444e+03	+7.217e+03	+1.177e+04	+0.747
21.500	+2.443e+03	+8.314e+03	+1.046e+04	+0.773
21.600	+3.571e+03	+7.468e+03	+1.058e+04	+0.676
21.700	+2.323e+03	+6.806e+03	+1.053e+04	+0.746
21.800	+3.574e+03	+6.731e+03	+9.542e+03	+0.653
21.900	+5.153e+03	+7.580e+03	+9.533e+03	+0.595
22.000	+3.297e+03	+6.862e+03	+1.028e+04	+0.675
22.100	+2.222e+03	+7.007e+03	+9.304e+03	+0.759
22.200	+2.827e+03	+5.908e+03	+9.662e+03	+0.676
22.300	+4.117e+03	+5.897e+03	+9.950e+03	+0.589
22.400	+3.247e+03	+7.204e+03	+1.007e+04	+0.689
22.500	+3.009e+03	+6.807e+03	+1.053e+04	+0.693
22.600	+3.330e+03	+8.198e+03	+8.776e+03	+0.711
22.700	+2.514e+03	+9.214e+03	+1.054e+04	+0.786
22.800	+3.851e+03	+7.224e+03	+1.018e+04	+0.652
22.900	+4.345e+03	+7.794e+03	+9.107e+03	+0.642
23.000	+5.482e+03	+9.389e+03	+9.149e+03	+0.631
23.100	+3.392e+03	+6.830e+03	+1.097e+04	+0.668
23.200	+2.081e+03	+7.374e+03	+9.952e+03	+0.780
23.300	+2.805e+03	+6.743e+03	+1.038e+04	+0.706
23.400	+3.923e+03	+6.432e+03	+9.612e+03	+0.621
23.500	+4.031e+03	+7.215e+03	+1.072e+04	+0.642
23.600	+1.872e+03	+7.572e+03	+1.078e+04	+0.802
23.700	+4.368e+03	+6.984e+03	+1.095e+04	+0.615
23.800	+2.916e+03	+7.575e+03	+1.147e+04	+0.722
23.900	+2.292e+03	+7.087e+03	+1.060e+04	+0.756
24.000	+3.140e+03	+6.659e+03	+9.722e+03	+0.680
24.100	+4.072e+03	+7.500e+03	+9.507e+03	+0.648
24.200	+3.299e+03	+7.244e+03	+9.422e+03	+0.687
24.300	+3.391e+03	+7.862e+03	+8.768e+03	+0.699
24.400	+3.977e+03	+7.242e+03	+1.000e+04	+0.646
24.500	+3.424e+03	+6.847e+03	+1.072e+04	+0.667
24.600	+3.449e+03	+6.882e+03	+9.768e+03	+0.666
24.700	+5.177e+03	+7.394e+03	+1.010e+04	+0.588
24.800	+4.323e+03	+7.112e+03	+9.326e+03	+0.622
24.900	+2.546e+03	+5.592e+03	+8.458e+03	+0.687
25.000	+2.598e+03	+7.590e+03	+1.034e+04	+0.745
25.100	+1.925e+03	+5.615e+03	+1.049e+04	+0.745
25.200	+3.171e+03	+7.765e+03	+1.145e+04	+0.710
25.300	+3.778e+03	+5.284e+03	+8.817e+03	+0.583
25.400	+1.563e+03	+6.224e+03	+1.003e+04	+0.799
25.500	+3.785e+03	+5.296e+03	+1.000e+04	+0.583
25.600	+2.716e+03	+8.514e+03	+9.477e+03	+0.758
25.700	+3.503e+03	+6.765e+03	+1.151e+04	+0.659
25.800	+3.307e+03	+7.559e+03	+1.097e+04	+0.696
25.900	+2.041e+03	+7.114e+03	+1.058e+04	+0.777
26.000	+3.174e+03	+5.524e+03	+1.082e+04	+0.635
26.100	+2.625e+03	+7.849e+03	+9.915e+03	+0.749
26.200	+2.146e+03	+6.845e+03	+8.716e+03	+0.761
26.300	+3.123e+03	+6.252e+03	+9.088e+03	+0.667
26.400	+3.188e+03	+7.408e+03	+1.136e+04	+0.699
26.500	+2.626e+03	+6.939e+03	+9.401e+03	+0.725
26.600	+3.307e+03	+6.987e+03	+1.006e+04	+0.679
26.700	+2.835e+03	+8.083e+03	+9.889e+03	+0.740
26.800	+2.643e+03	+7.928e+03	+1.015e+04	+0.750
26.900	+2.915e+03	+7.596e+03	+1.023e+04	+0.723
27.000	+3.037e+03	+8.047e+03	+1.075e+04	+0.726
27.100	+3.683e+03	+5.163e+03	+9.782e+03	+0.584
27.200	+3.293e+03	+8.190e+03	+1.036e+04	+0.713
27.300	+6.488e+03	+5.153e+03	+9.910e+03	+0.443
27.400	+6.276e+03	+8.399e+02	+1.106e+04	+0.118
27.500	+6.652e+03	+1.963e+03	+1.069e+04	+0.228
27.600	+8.147e+03	+2.619e+03	+1.122e+04	+0.243
27.700	+8.512e+03	+1.711e+03	+9.372e+03	+0.167
27.800	+8.084e+03	+2.666e+03	+1.191e+04	+0.248
27.900	+6.266e+03	+2.807e+03	+1.020e+04	+0.309
28.000	+7.054e+03	+3.448e+03	+9.352e+03	+0.328
28.100	+5.964e+03	+4.190e+03	+1.066e+04	+0.413
28.200	+7.586e+03	+2.301e+03	+1.008e+04	+0.233
28.300	+5.827e+03	+2.223e+03	+9.414e+03	+0.276
28.400	+7.122e+03	+3.118e+03	+9.457e+03	+0.304
28.500	+6.333e+03	+3.634e+03	+1.035e+04	+0.365
28.600	+7.425e+03	+3.813e+03	+9.773e+03	+0.339
28.700	+6.783e+03	+3.124e+03	+1.085e+04	+0.315
28.800	+6.888e+03	+4.086e+03	+9.573e+03	+0.372
28.900	+7.843e+03	+3.787e+03	+1.072e+04	+0.326
29.000	+7.999e+03	+3.917e+03	+1.238e+04	+0.329
29.100	+6.188e+03	+2.371e+03	+9.618e+03	+0.277
29.200	+7.477e+03	+2.975e+03	+9.201e+03	+0.285
29.300	+6.731e+03	+3.394e+03	+9.650e+03	+0.335
29.400	+6.665e+03	+3.000e+03	+1.043e+04	+0.310
29.500	+8.000e+03	+3.050e+03	+1.003e+04	+0.276
29.600	+6.781e+03	+3.322e+03	+1.013e+04	+0.329
29.700	+6.216e+03	+6.268e+02	+1.015e+04	+0.092
29.800	+7.368e+03	+3.347e+03	+1.020e+04	+0.312
29.900	+5.427e+03	+3.567e+03	+9.601e+03	+0.397
30.000	+7.055e+03	+3.475e+03	+1.130e+04	+0.330
30.100	+7.827e+03	+2.705e+03	+8.338e+03	+0.257
30.200	+6.999e+03	+2.811e+03	+1.094e+04	+0.287
30.300	+5.735e+03	+2.465e+03	+9.391e+03	+0.301
30.400	+7.706e+03	+4.625e+03	+9.573e+03	+0.375
30.500	+6.593e+03	+2.725e+03	+1.010e+04	+0.292
30.600	+6.936e+03	+3.682e+03	+9.411e+03	+0.347
30.700	+6.208e+03	+2.585e+03	+9.980e+03	+0.294
30.800	+6.895e+03	+3.548e+03	+1.047e+04	+0.340
30.900	+7.034e+03	+2.467e+03	+1.013e+04	+0.260
31.000	+6.442e+03	+1.274e+03	+8.598e+03	+0.165
31.100	+7.076e+03	+1.597e+03	+1.073e+04	+0.184
31.200	+7.501e+03	+7.732e+02	+8.418e+03	+0.093
31.300	+8.316e+03	+3.017e+03	+8.930e+03	+0.266
31.400	+6.430e+03	+1.293e+03	+9.225e+03	+0.167
31.500	+7.216e+03	+2.706e+03	+1.081e+04	+0.273
31.600	+7.636e+03	+3.105e+03	+1.068e+04	+0.289
31.700	+7.298e+03	+3.306e+03	+8.978e+03	+0.312
31.800	+7.435e+03	+3.325e+03	+9.405e+03	+0.309
31.900	+6.679e+03	+2.696e+03	+1.015e+04	+0.288
32.000	+7.917e+03	+4.463e+03	+9.344e+03	+0.360
32.100	+7.325e+03	+4.561e+03	+1.051e+04	+0.384
32.200	+6.683e+03	+2.219e+03	+1.075e+04	+0.249
32.300	+6.984e+03	+3.049e+03	+1.027e+04	+0.304
32.400	+7.155e+03	+3.121e+03	+1.021e+04	+0.304
32.500	+7.327e+03	+2.271e+03	+1.130e+04	+0.237
32.600	+6.901e+03	+2.754e+03	+1.098e+04	+0.285
32.700	+6.964e+03	+3.444e+03	+8.516e+03	+0.331
32.800	+6.142e+03	+3.015e+03	+1.077e+04	+0.329
32.900	+6.488e+03	+2.441e+03	+1.098e+04	+0.273
33.000	+6.993e+03	+1.674e+03	+1.099e+04	+0.193
33.100	+6.539e+03	+3.681e+03	+9.812e+03	+0.360
33.200	+5.794e+03	+2.363e+03	+9.466e+03	+0.290
33.300	+6.269e+03	+2.443e+03	+9.192e+03	+0.280
33.400	+6.370e+03	+2.750e+03	+8.474e+03	+0.302
33.500	+4.300e+03	+4.736e+03	+9.628e+03	+0.524
33.600	+3.667e+03	+6.162e+03	+8.783e+03	+0.627
33.700	+3.858e+03	+6.486e+03	+1.092e+04	+0.627
33.800	+2.947e+03	+7.679e+03	+9.275e+03	+0.723
33.900	+3.104e+03	+6.867e+03	+1.124e+04	+0.689
34.000	+4.009e+03	+5.987e+03	+9.687e+03	+0.599
34.100	+3.730e+03	+6.529e+03	+1.085e+04	+0.636
34.200	+4.207e+03	+6.907e+03	+9.298e+03	+0.621
34.300	+1.944e+03	+7.678e+03	+8.935e+03	+0.798
34.400	+2.227e+03	+6.041e+03	+1.116e+04	+0.731
34.500	+3.448e+03	+6.471e+03	+1.011e+04	+0.652
34.600	+4.468e+03	+7.184e+03	+1.140e+04	+0.617
34.700	+1.995e+03	+8.015e+03	+9.606e+03	+0.801
34.800	+3.953e+03	+6.937e+03	+1.073e+04	+0.637
34.900	+1.528e+03	+7.218e+03	+1.189e+04	+0.825
35.000	+3.044e+03	+6.944e+03	+9.887e+03	+0.695
35.100	+3.748e+03	+6.085e+03	+9.518e+03	+0.619
35.200	+2.522e+03	+6.377e+03	+9.149e+03	+0.717
35.300	+2.475e+03	+7.382e+03	+8.614e+03	+0.749
35.400	+2.477e+03	+7.035e+03	+1.001e+04	+0.740
35.500	+2.584e+03	+6.396e+03	+9.807e+03	+0.712
35.600	+2.936e+03	+7.668e+03	+1.078e+04	+0.723
35.700	+2.664e+03	+7.422e+03	+9.316e+03	+0.736
35.800	+3.159e+03	+6.757e+03	+9.732e+03	+0.681
35.900	+2.752e+03	+6.857e+03	+8.306e+03	+0.714
36.000	+2.934e+03	+6.535e+03	+9.856e+03	+0.690
36.100	+2.740e+03	+7.068e+03	+8.668e+03	+0.721
36.200	+3.313e+03	+7.775e+03	+9.440e+03	+0.701
36.300	+3.497e+03	+7.489e+03	+1.051e+04	+0.682
36.400	+2.399e+03	+7.182e+03	+9.191e+03	+0.750
36.500	+2.849e+03	+7.259e+03	+1.038e+04	+0.718
36.600	+4.078e+03	+6.735e+03	+8.810e+03	+0.623
36.700	+3.649e+03	+6.456e+03	+9.287e+03	+0.639
36.800	+3.599e+03	+6.251e+03	+8.505e+03	+0.635
36.900	+3.091e+03	+7.266e+03	+1.101e+04	+0.702
37.000	+3.178e+03	+8.262e+03	+9.376e+03	+0.722
37.100	+3.625e+03	+7.067e+03	+1.016e+04	+0.661
37.200	+1.803e+03	+6.911e+03	+1.200e+04	+0.793
37.300	+9.696e+02	+6.540e+03	+9.999e+03	+0.871
37.400	+3.186e+03	+6.845e+03	+1.028e+04	+0.682
37.500	+2.798e+03	+5.748e+03	+1.015e+04	+0.673
37.600	+4.181e+03	+6.462e+03	+1.018e+04	+0.607
37.700	+1.818e+03	+6.550e+03	+9.648e+03	+0.783
37.800	+2.244e+03	+6.913e+03	+1.161e+04	+0.755
37.900	+7.966e+03	+3.252e+03	+1.018e+04	+0.290
38.000	+7.986e+03	+3.359e+03	+1.181e+04	+0.296
38.100	+7.285e+03	+4.320e+03	+1.044e+04	+0.372
38.200	+6.202e+03	+2.009e+03	+9.075e+03	+0.245
38.300	+6.425e+03	+2.888e+03	+1.002e+04	+0.310
38.400	+7.122e+03	+2.632e+03	+1.014e+04	+0.270
38.500	+7.184e+03	+2.162e+03	+9.914e+03	+0.231
38.600	+7.298e+03	+3.220e+03	+9.805e+03	+0.306
38.700	+6.269e+03	+3.311e+03	+1.078e+04	+0.346
38.800	+6.476e+03	+2.309e+03	+1.036e+04	+0.263
38.900	+6.681e+03	+2.649e+03	+9.314e+03	+0.284
39.000	+6.326e+03	+2.250e+03	+9.290e+03	+0.262
39.100	+5.754e+03	+3.923e+03	+9.443e+03	+0.405
39.200	+5.821e+03	+2.347e+03	+9.806e+03	+0.287
39.300	+6.365e+03	+1.630e+03	+9.446e+03	+0.204
39.400	+6.210e+03	+2.747e+03	+1.058e+04	+0.307
39.500	+6.616e+03	+2.156e+03	+9.905e+03	+0.246
39.600	+7.356e+03	+3.546e+03	+1.040e+04	+0.325
39.700	+6.812e+03	+3.122e+03	+1.019e+04	+0.314
39.800	+6.588e+03	+2.284e+03	+8.919e+03	+0.257
39.900	+7.024e+03	+2.834e+03	+9.770e+03	+0.288
40.000	+7.008e+03	+2.178e+03	+9.907e+03	+0.237
40.100	+8.689e+03	+3.586e+03	+1.049e+04	+0.292
40.200	+7.161e+03	+2.306e+03	+1.160e+04	+0.244
40.300	+7.725e+03	+3.091e+03	+1.106e+04	+0.286
40.400	+6.234e+03	+1.863e+03	+1.008e+04	+0.230
40.500	+6.702e+03	+4.354e+03	+1.006e+04	+0.394
40.600	+7.607e+03	+4.807e+03	+9.793e+03	+0.387
40.700	+6.044e+03	+3.107e+03	+9.607e+03	+0.340
40.800	+8.379e+03	+5.496e+03	+8.391e+03	+0.396
40.900	+6.786e+03	+3.226e+03	+1.008e+04	+0.322
41.000	+8.314e+03	+5.788e+02	+7.591e+03	+0.065
41.100	+7.572e+03	+1.411e+03	+1.025e+04	+0.157
41.200	+8.135e+03	+3.927e+03	+1.080e+04	+0.326
41.300	+6.037e+03	+3.249e+03	+9.658e+03	+0.350
41.400	+7.589e+03	+5.173e+03	+1.016e+04	+0.405
41.500	+5.658e+03	+3.512e+03	+1.064e+04	+0.383
41.600	+7.170e+03	+2.492e+03	+1.077e+04	+0.258
41.700	+6.696e+03	+2.219e+03	+9.787e+03	+0.249
41.800	+6.504e+03	+4.655e+03	+9.801e+03	+0.417
41.900	+7.274e+03	+2.621e+03	+9.974e+03	+0.265
42.000	+7.636e+03	+2.666e+03	+1.177e+04	+0.259
42.100	+9.071e+03	+3.265e+03	+9.768e+03	+0.265
42.200	+4.316e+03	+5.568e+03	+1.021e+04	+0.563
42.300	+2.699e+03	+8.357e+03	+9.737e+03	+0.756
42.400	+1.853e+03	+8.027e+03	+1.009e+04	+0.812
42.500	+2.079e+03	+8.503e+03	+9.905e+03	+0.804
42.600	+4.730e+03	+6.904e+03	+1.061e+04	+0.593
42.700	+3.137e+03	+7.023e+03	+1.123e+04	+0.691
42.800	+2.971e+03	+6.861e+03	+9.687e+03	+0.698
42.900	+3.113e+03	+7.532e+03	+9.479e+03	+0.708
43.000	+2.909e+03	+5.594e+03	+9.483e+03	+0.658
43.100	+1.871e+03	+7.327e+03	+1.141e+04	+0.797
43.200	+2.032e+03	+8.635e+03	+8.461e+03	+0.809
43.300	+2.758e+03	+8.435e+03	+1.071e+04	+0.754
43.400	+3.325e+03	+8.390e+03	+1.222e+04	+0.716
43.500	+3.816e+03	+7.668e+03	+1.056e+04	+0.668
43.600	+2.922e+03	+5.768e+03	+1.127e+04	+0.664
43.700	+2.409e+03	+8.240e+03	+1.027e+04	+0.774
43.800	+3.603e+03	+6.687e+03	+8.927e+03	+0.650
43.900	+3.555e+03	+7.136e+03	+8.935e+03	+0.667
44.000	+3.122e+03	+8.057e+03	+9.382e+03	+0.721
44.100	+3.029e+03	+7.152e+03	+1.169e+04	+0.702
44.200	+2.667e+03	+8.257e+03	+1.027e+04	+0.756
44.300	+3.928e+03	+7.027e+03	+9.339e+03	+0.641
44.400	+2.031e+03	+6.662e+03	+9.884e+03	+0.766
44.500	+3.873e+03	+4.575e+03	+1.076e+04	+0.542
44.600	+4.222e+03	+6.257e+03	+1.155e+04	+0.597
44.700	+2.927e+03	+7.545e+03	+1.047e+04	+0.721
44.800	+5.756e+03	+4.732e+03	+1.133e+04	+0.451
44.900	+5.666e+03	+3.051e+03	+1.133e+04	+0.350
45.000	+7.383e+03	+3.203e+03	+8.890e+03	+0.303
45.100	+7.158e+03	+3.415e+03	+1.108e+04	+0.323
45.200	+5.174e+03	+5.054e+03	+9.508e+03	+0.494
45.300	+3.769e+03	+6.232e+03	+9.820e+03	+0.623
45.400	+2.949e+03	+6.889e+03	+9.345e+03	+0.700
45.500	+2.270e+03	+5.904e+03	+1.009e+04	+0.722
45.600	+2.700e+03	+7.247e+03	+9.808e+03	+0.729
45.700	+3.289e+03	+5.940e+03	+8.860e+03	+0.644
45.800	+2.613e+03	+6.139e+03	+9.835e+03	+0.701
45.900	+2.111e+03	+7.355e+03	+1.019e+04	+0.777
46.000	+3.070e+03	+8.027e+03	+1.218e+04	+0.723
46.100	+4.748e+03	+6.322e+03	+8.978e+03	+0.571
46.200	+2.747e+03	+7.238e+03	+9.649e+03	+0.725
46.300	+3.564e+03	+7.025e+03	+1.033e+04	+0.663
46.400	+2.608e+03	+6.705e+03	+9.866e+03	+0.720
46.500	+2.321e+03	+6.665e+03	+9.999e+03	+0.742
46.600	+2.525e+03	+5.971e+03	+9.929e+03	+0.703
46.700	+2.581e+03	+6.843e+03	+9.891e+03	+0.726
46.800	+3.117e+03	+6.521e+03	+1.003e+04	+0.677
46.900	+2.536e+03	+7.715e+03	+1.099e+04	+0.753
47.000	+3.039e+03	+7.295e+03	+8.626e+03	+0.706
47.100	+3.936e+03	+6.059e+03	+9.088e+03	+0.606
47.200	+3.896e+03	+6.997e+03	+1.089e+04	+0.642
47.300	+2.208e+03	+7.686e+03	+8.647e+03	+0.777
47.400	+2.570e+03	+7.323e+03	+1.050e+04	+0.740
47.500	+2.908e+03	+6.412e+03	+9.676e+03	+0.688
47.600	+2.260e+03	+6.533e+03	+1.003e+04	+0.743
47.700	+2.783e+03	+6.940e+03	+9.205e+03	+0.714
47.800	+1.827e+03	+7.157e+03	+9.970e+03	+0.797
47.900	+3.310e+03	+5.467e+03	+9.086e+03	+0.623
48.000	+4.180e+03	+7.532e+03	+9.839e+03	+0.643
48.100	+3.811e+03	+6.725e+03	+1.133e+04	+0.638
48.200	+4.879e+03	+6.244e+03	+1.042e+04	+0.561
48.300	+7.092e+03	+4.062e+03	+8.923e+03	+0.364
48.400	+6.098e+03	+4.530e+03	+1.156e+04	+0.426
48.500	+6.218e+03	+4.171e+03	+9.491e+03	+0.401
48.600	+7.787e+03	+3.000e+03	+1.038e+04	+0.278
48.700	+5.724e+03	+4.559e+03	+9.945e+03	+0.443
48.800	+3.726e+03	+6.662e+03	+9.312e+03	+0.641
48.900	+3.458e+03	+9.035e+03	+9.412e+03	+0.723
49.000	+4.952e+02	+6.614e+03	+1.051e+04	+0.930
49.100	+2.292e+03	+7.624e+03	+8.929e+03	+0.769
49.200	+2.489e+03	+6.015e+03	+9.750e+03	+0.707
49.300	+2.940e+03	+6.110e+03	+1.192e+04	+0.675
49.400	+3.679e+03	+7.250e+03	+1.105e+04	+0.663
49.500	+3.643e+03	+7.083e+03	+1.069e+04	+0.660
49.600	+3.481e+03	+5.916e+03	+1.228e+04	+0.630
49.700	+3.263e+03	+6.922e+03	+9.033e+03	+0.680
49.800	+3.015e+03	+7.138e+03	+1.035e+04	+0.703
49.900	+2.491e+03	+7.883e+03	+8.979e+03	+0.760
50.000	+2.209e+03	+7.156e+03	+9.950e+03	+0.764
50.100	+6.439e+03	+3.723e+03	+9.880e+03	+0.366
50.200	+6.430e+03	+3.043e+03	+1.022e+04	+0.321
50.300	+2.735e+03	+7.618e+03	+1.000e+04	+0.736
50.400	+3.716e+03	+7.558e+03	+1.028e+04	+0.670
50.500	+1.876e+03	+6.801e+03	+1.076e+04	+0.784
50.600	+2.400e+03	+7.343e+03	+8.953e+03	+0.754
50.700	+3.323e+03	+6.563e+03	+9.739e+03	+0.664
50.800	+5.455e+03	+4.414e+03	+1.074e+04	+0.447
50.900	+5.850e+03	+3.133e+03	+1.001e+04	+0.349
51.000	+8.235e+03	+3.182e+03	+9.180e+03	+0.279
51.100	+7.693e+03	+2.720e+03	+1.077e+04	+0.261
51.200	+7.202e+03	+3.539e+03	+9.716e+03	+0.329
51.300	+7.142e+03	+2.777e+03	+7.868e+03	+0.280
51.400	+6.072e+03	+1.608e+03	+9.398e+03	+0.209
51.500	+6.767e+03	+2.200e+03	+9.431e+03	+0.245
51.600	+5.754e+03	+2.325e+03	+9.709e+03	+0.288
51.700	+7.783e+03	+2.686e+03	+1.061e+04	+0.257
51.800	+4.567e+03	+1.581e+03	+9.405e+03	+0.257
51.900	+7.012e+03	+2.189e+03	+9.726e+03	+0.238
52.000	+7.767e+03	+2.486e+03	+9.037e+03	+0.242
52.100	+6.036e+03	+3.008e+03	+9.139e+03	+0.333
52.200	+5.571e+03	+1.313e+03	+8.080e+03	+0.191
52.300	+7.089e+03	+3.809e+03	+1.081e+04	+0.350
52.400	+7.197e+03	+3.736e+03	+9.247e+03	+0.342
52.500	+3.279e+03	+5.886e+03	+1.008e+04	+0.642
52.600	+2.449e+03	+6.333e+03	+1.024e+04	+0.721
52.700	+4.347e+03	+7.205e+03	+9.005e+03	+0.624
52.800	+2.533e+03	+5.355e+03	+8.430e+03	+0.679
52.900	+2.645e+03	+6.150e+03	+1.046e+04	+0.699
53.000	+3.155e+03	+7.082e+03	+1.106e+04	+0.692
53.100	+2.677e+03	+5.764e+03	+8.526e+03	+0.683
53.200	+3.804e+03	+5.994e+03	+1.265e+04	+0.612
53.300	+3.652e+03	+6.912e+03	+1.131e+04	+0.654
53.400	+3.273e+03	+7.783e+03	+9.292e+03	+0.704
53.500	+3.810e+03	+5.961e+03	+9.990e+03	+0.610
53.600	+2.899e+03	+6.777e+03	+9.424e+03	+0.700
53.700	+5.471e+03	+2.654e+03	+1.102e+04	+0.327
53.800	+6.606e+03	+4.802e+03	+9.676e+03	+0.421
53.900	+6.349e+03	+3.004e+03	+1.021e+04	+0.321
54.000	+1.906e+03	+6.501e+03	+1.090e+04	+0.773
54.100	+1.833e+03	+7.321e+03	+9.264e+03	+0.800
54.200	+3.022e+03	+6.023e+03	+1.024e+04	+0.666
54.300	+1.841e+03	+6.581e+03	+8.726e+03	+0.781
54.400	+3.141e+03	+6.579e+03	+9.476e+03	+0.677
54.500	+2.256e+03	+6.005e+03	+9.534e+03	+0.727
54.600	+1.876e+03	+9.430e+03	+1.048e+04	+0.834
54.700	+3.596e+03	+7.116e+03	+9.306e+03	+0.664
54.800	+2.549e+03	+5.853e+03	+9.971e+03	+0.697
54.900	+4.498e+03	+6.306e+03	+9.806e+03	+0.584
55.000	+1.505e+03	+6.954e+03	+1.121e+04	+0.822
55.100	+2.283e+03	+6.392e+03	+1.038e+04	+0.737
55.200	+2.555e+03	+6.576e+03	+1.127e+04	+0.720
55.300	+4.049e+03	+7.891e+03	+9.967e+03	+0.661
55.400	+3.342e+03	+6.941e+03	+9.209e+03	+0.675
55.500	+3.797e+03	+5.860e+03	+9.731e+03	+0.607
55.600	+2.976e+03	+6.595e+03	+8.728e+03	+0.689
55.700	+1.190e+03	+7.007e+03	+1.008e+04	+0.855
55.800	+4.017e+03	+7.181e+03	+1.115e+04	+0.641
55.900	+3.090e+03	+7.001e+03	+1.109e+04	+0.694
56.000	+3.223e+03	+6.978e+03	+1.051e+04	+0.684
56.100	+5.010e+03	+4.813e+03	+1.052e+04	+0.490
56.200	+5.587e+03	+4.123e+03	+9.975e+03	+0.425
56.300	+9.291e+03	+2.824e+03	+9.922e+03	+0.233
56.400	+7.799e+03	+3.722e+03	+8.322e+03	+0.323
56.500	+8.174e+03	+3.862e+03	+1.004e+04	+0.321
56.600	+6.814e+03	+2.973e+03	+1.116e+04	+0.304
56.700	+5.889e+03	+3.241e+03	+1.074e+04	+0.355
56.800	+6.874e+03	+2.884e+03	+9.440e+03	+0.296
56.900	+5.489e+03	+3.731e+03	+1.082e+04	+0.405
57.000	+3.002e+03	+6.072e+03	+9.907e+03	+0.669
57.100	+6.065e+03	+3.094e+03	+1.052e+04	+0.338
57.200	+8.467e+03	+3.340e+03	+8.850e+03	+0.283
57.300	+8.152e+03	+2.935e+03	+9.573e+03	+0.265
57.400	+5.994e+03	+3.671e+03	+1.014e+04	+0.380
57.500	+6.847e+03	+4.280e+03	+9.770e+03	+0.385
57.600	+7.613e+03	+4.173e+03	+8.639e+03	+0.354
57.700	+7.126e+03	+2.814e+03	+1.009e+04	+0.283
57.800	+7.391e+03	+3.527e+03	+9.342e+03	+0.323
57.900	+6.906e+03	+2.961e+03	+9.614e+03	+0.300
58.000	+7.085e+03	+2.908e+03	+1.065e+04	+0.291
58.100	+7.072e+03	+3.121e+03	+8.731e+03	+0.306
58.200	+7.403e+03	+3.716e+03	+9.036e+03	+0.334
58.300	+4.459e+03	+5.681e+03	+1.042e+04	+0.560
58.400	+4.053e+03	+6.324e+03	+1.096e+04	+0.609
58.500	+2.500e+03	+7.782e+03	+8.846e+03	+0.757
58.600	+3.094e+03	+6.997e+03	+1.029e+04	+0.693
58.700	+2.660e+03	+7.009e+03	+1.066e+04	+0.725
58.800	+3.501e+03	+6.041e+03	+9.995e+03	+0.633
58.900	+3.980e+03	+7.146e+03	+1.098e+04	+0.642
59.000	+1.464e+03	+6.383e+03	+9.540e+03	+0.813
59.100	+3.176e+03	+5.391e+03	+1.080e+04	+0.629
59.200	+3.155e+03	+7.479e+03	+1.090e+04	+0.703
59.300	+3.585e+03	+6.647e+03	+1.052e+04	+0.650
59.400	+3.364e+03	+6.712e+03	+8.272e+03	+0.666
59.500	+3.713e+03	+8.007e+03	+1.026e+04	+0.683
59.600	+2.427e+03	+6.126e+03	+9.873e+03	+0.716
59.700	+5.366e+03	+4.423e+03	+1.024e+04	+0.452
59.800	+6.510e+03	+4.535e+03	+1.019e+04	+0.411
59.900	+2.911e+03	+7.959e+03	+9.345e+03	+0.732
60.000	+2.536e+03	+7.048e+03	+1.069e+04	+0.735
60.100	+1.945e+03	+8.968e+03	+8.882e+03	+0.822
60.200	+4.140e+03	+6.615e+03	+8.884e+03	+0.615
60.300	+2.037e+03	+6.987e+03	+1.032e+04	+0.774
60.400	+1.184e+03	+7.355e+03	+9.203e+03	+0.861
60.500	+2.969e+03	+6.584e+03	+1.055e+04	+0.689
60.600	+3.292e+03	+5.724e+03	+9.952e+03	+0.635
60.700	+2.551e+03	+7.494e+03	+1.058e+04	+0.746
60.800	+3.873e+03	+8.065e+03	+1.003e+04	+0.676
60.900	+2.720e+03	+7.242e+03	+1.062e+04	+0.727
61.000	+2.924e+03	+6.176e+03	+1.092e+04	+0.679
61.100	+2.833e+03	+6.590e+03	+1.025e+04	+0.699
61.200	+1.195e+03	+8.163e+03	+8.506e+03	+0.872
61.300	+2.590e+03	+6.488e+03	+9.910e+03	+0.715
61.400	+3.764e+03	+8.295e+03	+1.022e+04	+0.688
61.500	+3.112e+03	+6.822e+03	+9.994e+03	+0.687
61.600	+3.728e+03	+6.507e+03	+9.255e+03	+0.636
61.700	+4.005e+03	+8.839e+03	+9.600e+03	+0.688
61.800	+2.863e+03	+7.248e+03	+9.903e+03	+0.717
61.900	+3.245e+03	+6.397e+03	+1.031e+04	+0.663
62.000	+1.355e+03	+6.757e+03	+9.051e+03	+0.833
62.100	+2.216e+03	+7.432e+03	+1.037e+04	+0.770
62.200	+3.720e+03	+6.339e+03	+9.806e+03	+0.630
62.300	+4.491e+03	+6.187e+03	+1.032e+04	+0.579
62.400	+8.606e+03	+3.971e+03	+1.139e+04	+0.316
62.500	+6.717e+03	+2.714e+03	+1.024e+04	+0.288
62.600	+7.105e+03	+2.041e+03	+1.017e+04	+0.223
62.700	+4.995e+03	+2.768e+03	+1.156e+04	+0.357
62.800	+3.433e+03	+5.309e+03	+1.073e+04	+0.607
62.900	+4.144e+03	+8.702e+03	+8.787e+03	+0.677
63.000	+2.133e+03	+7.072e+03	+1.030e+04	+0.768
63.100	+2.899e+03	+6.451e+03	+9.828e+03	+0.690
63.200	+2.554e+03	+9.004e+03	+1.087e+04	+0.779
63.300	+3.844e+03	+6.215e+03	+1.040e+04	+0.618
63.400	+2.784e+03	+6.993e+03	+8.144e+03	+0.715
63.500	+4.410e+03	+6.414e+03	+7.945e+03	+0.593
63.600	+1.612e+03	+7.629e+03	+1.107e+04	+0.826
63.700	+2.431e+03	+6.875e+03	+9.708e+03	+0.739
63.800	+2.761e+03	+5.841e+03	+1.063e+04	+0.679
63.900	+2.260e+03	+6.052e+03	+1.072e+04	+0.728
64.000	+1.696e+03	+6.693e+03	+1.044e+04	+0.798
64.100	+1.710e+03	+6.919e+03	+1.032e+04	+0.802
64.200	+3.054e+03	+7.207e+03	+8.155e+03	+0.702
64.300	+3.016e+03	+6.538e+03	+1.096e+04	+0.684
64.400	+3.723e+03	+7.030e+03	+1.020e+04	+0.654
64.500	+3.581e+03	+6.328e+03	+9.476e+03	+0.639
64.600	+2.912e+03	+7.481e+03	+9.764e+03	+0.720
64.700	+2.990e+03	+7.355e+03	+1.147e+04	+0.711
64.800	+3.152e+03	+8.167e+03	+1.084e+04	+0.722
64.900	+2.180e+03	+8.517e+03	+1.066e+04	+0.796
65.000	+5.279e+03	+8.412e+03	+1.016e+04	+0.614
65.100	+2.408e+03	+7.009e+03	+8.501e+03	+0.744
65.200	+3.334e+03	+7.143e+03	+1.012e+04	+0.682
65.300	+3.620e+03	+5.724e+03	+1.092e+04	+0.613
65.400	+2.543e+03	+6.197e+03	+9.981e+03	+0.709
65.500	+3.339e+03	+6.966e+03	+9.639e+03	+0.676
65.600	+3.811e+03	+7.404e+03	+1.056e+04	+0.660
65.700	+2.415e+03	+7.145e+03	+1.066e+04	+0.747
65.800	+3.130e+03	+6.652e+03	+1.008e+04	+0.680
65.900	+3.894e+03	+7.451e+03	+9.975e+03	+0.657
66.000	+3.507e+03	+6.676e+03	+1.050e+04	+0.656
66.100	+1.661e+03	+8.621e+03	+1.021e+04	+0.838
66.200	+2.762e+03	+7.822e+03	+1.021e+04	+0.739
66.300	+3.390e+03	+6.429e+03	+1.061e+04	+0.655
66.400	+4.903e+03	+8.527e+03	+1.024e+04	+0.635
66.500	+2.680e+03	+7.046e+03	+9.460e+03	+0.724
66.600	+7.119e+03	+2.182e+03	+1.048e+04	+0.235
66.700	+7.967e+03	+3.342e+03	+9.459e+03	+0.295
66.800	+7.089e+03	+2.234e+03	+9.943e+03	+0.240
66.900	+6.209e+03	+2.896e+03	+9.197e+03	+0.318
67.000	+5.743e+03	+2.141e+03	+1.030e+04	+0.272
67.100	+6.987e+03	+8.878e+02	+1.016e+04	+0.113
67.200	+5.024e+03	+1.161e+03	+1.117e+04	+0.188
67.300	+5.918e+03	+2.380e+03	+1.091e+04	+0.287
67.400	+6.985e+03	+4.126e+03	+1.133e+04	+0.371
67.500	+7.441e+03	+1.495e+03	+9.945e+03	+0.167
67.600	+4.020e+03	+5.707e+03	+1.059e+04	+0.587
67.700	+2.345e+03	+7.056e+03	+9.847e+03	+0.751
67.800	+2.632e+03	+7.020e+03	+1.062e+04	+0.727
67.900	+5.535e+03	+4.361e+03	+1.008e+04	+0.441
68.000	+8.049e+03	+3.076e+03	+9.493e+03	+0.276
68.100	+8.918e+03	+5.063e+03	+9.530e+03	+0.362
68.200	+6.121e+03	+3.194e+03	+9.685e+03	+0.343
68.300	+6.753e+03	+2.439e+03	+1.011e+04	+0.265
68.400	+5.643e+03	+3.865e+03	+9.493e+03	+0.406
68.500	+7.146e+03	+2.980e+03	+1.049e+04	+0.294
68.600	+6.356e+03	+3.207e+03	+1.040e+04	+0.335
68.700	+6.600e+03	+3.651e+03	+9.755e+03	+0.356
68.800	+6.298e+03	+3.698e+03	+8.740e+03	+0.370
68.900	+7.402e+03	+4.655e+03	+9.910e+03	+0.386
69.000	+5.308e+03	+3.226e+03	+9.883e+03	+0.378
69.100	+5.827e+03	+2.642e+03	+1.102e+04	+0.312
69.200	+2.862e+03	+7.219e+03	+9.303e+03	+0.716
69.300	+1.824e+03	+7.781e+03	+1.005e+04	+0.810
69.400	+2.133e+03	+5.707e+03	+1.096e+04	+0.728
69.500	+3.602e+03	+7.698e+03	+1.117e+04	+0.681
69.600	+3.836e+03	+7.422e+03	+9.766e+03	+0.659
69.700	+2.668e+03	+6.189e+03	+8.746e+03	+0.699
69.800	+2.957e+03	+7.683e+03	+9.705e+03	+0.722
69.900	+1.922e+03	+7.389e+03	+1.019e+04	+0.794
70.000	+1.304e+03	+7.421e+03	+1.021e+04	+0.851
70.100	+2.677e+03	+6.853e+03	+7.588e+03	+0.719
70.200	+3.935e+03	+7.346e+03	+9.847e+03	+0.651
70.300	+4.347e+03	+7.487e+03	+1.033e+04	+0.633
70.400	+3.632e+03	+7.208e+03	+8.976e+03	+0.665
70.500	+3.102e+03	+7.126e+03	+8.664e+03	+0.697
70.600	+5.043e+03	+6.003e+03	+9.701e+03	+0.543
70.700	+6.593e+03	+2.362e+03	+1.066e+04	+0.264
70.800	+7.057e+03	+2.851e+03	+1.055e+04	+0.288
70.900	+7.398e+03	+1.596e+03	+1.014e+04	+0.177
71.000	+7.205e+03	+2.380e+03	+8.623e+03	+0.248
71.100	+7.087e+03	+2.502e+03	+1.028e+04	+0.261
71.200	+4.779e+03	+5.029e+03	+9.650e+03	+0.513
71.300	+4.880e+03	+6.510e+03	+9.344e+03	+0.572
71.400	+2.868e+03	+8.810e+03	+9.566e+03	+0.754
71.500	+4.129e+03	+7.105e+03	+1.015e+04	+0.632
71.600	+3.277e+03	+6.078e+03	+9.778e+03	+0.650
71.700	+3.585e+03	+7.155e+03	+1.045e+04	+0.666
71.800	+4.445e+03	+5.993e+03	+9.848e+03	+0.574
71.900	+2.181e+03	+6.194e+03	+9.723e+03	+0.740
72.000	+4.027e+03	+5.978e+03	+8.862e+03	+0.598
72.100	+3.651e+03	+7.859e+03	+1.102e+04	+0.683
72.200	+1.077e+03	+6.671e+03	+9.810e+03	+0.861
72.300	+6.356e+03	+2.331e+03	+1.042e+04	+0.268
72.400	+7.444e+03	+2.987e+03	+8.231e+03	+0.286
72.500	+7.186e+03	+3.175e+03	+1.016e+04	+0.306
72.600	+7.341e+03	+3.366e+03	+9.207e+03	+0.314
72.700	+6.364e+03	+3.387e+03	+1.097e+04	+0.347
72.800	+7.723e+03	+2.342e+03	+8.124e+03	+0.233
72.900	+6.058e+03	+1.509e+03	+9.582e+03	+0.199
73.000	+6.107e+03	+3.522e+03	+9.453e+03	+0.366
73.100	+7.230e+03	+3.500e+03	+1.025e+04	+0.326
73.200	+8.131e+03	+2.810e+03	+1.031e+04	+0.257
73.300	+5.959e+03	+3.792e+03	+1.138e+04	+0.389
73.400	+6.368e+03	+3.329e+03	+1.073e+04	+0.343
73.500	+6.796e+03	+1.901e+03	+1.080e+04	+0.219
73.600	+7.617e+03	+3.211e+03	+1.089e+04	+0.297
73.700	+5.551e+03	+4.426e+03	+9.546e+03	+0.444
73.800	+7.366e+03	+3.517e+03	+1.144e+04	+0.323
73.900	+7.166e+03	+3.110e+03	+1.041e+04	+0.303
74.000	+7.139e+03	+1.679e+03	+1.012e+04	+0.190
74.100	+6.028e+03	+3.512e+03	+1.114e+04	+0.368
74.200	+8.411e+03	+3.232e+03	+9.904e+03	+0.278
74.300	+7.094e+03	+3.814e+03	+8.535e+03	+0.350
74.400	+3.619e+03	+8.210e+03	+9.674e+03	+0.694
74.500	+2.132e+03	+7.351e+03	+1.043e+04	+0.775
74.600	+7.407e+03	+2.544e+03	+1.090e+04	+0.256
74.700	+8.285e+03	+2.664e+03	+9.975e+03	+0.243
74.800	+2.625e+03	+6.430e+03	+9.458e+03	+0.710
74.900	+2.308e+03	+7.859e+03	+9.431e+03	+0.773
75.000	+3.357e+03	+6.505e+03	+9.950e+03	+0.660
75.100	+2.123e+03	+7.116e+03	+1.119e+04	+0.770
75.200	+1.774e+03	+6.428e+03	+1.060e+04	+0.784
75.300	+5.923e+03	+4.183e+03	+1.085e+04	+0.414
75.400	+6.552e+03	+4.537e+03	+1.129e+04	+0.409
75.500	+5.433e+03	+2.708e+03	+9.767e+03	+0.333
75.600	+6.205e+03	+2.954e+03	+1.014e+04	+0.323
75.700	+7.516e+03	+3.454e+03	+1.039e+04	+0.315
75.800	+6.548e+03	+2.709e+03	+1.032e+04	+0.293
75.900	+8.297e+03	+4.144e+03	+1.057e+04	+0.333
76.000	+7.102e+03	+2.898e+03	+1.014e+04	+0.290
76.100	+8.901e+03	+3.890e+03	+9.560e+03	+0.304
76.200	+5.436e+03	+3.127e+03	+8.781e+03	+0.365
76.300	+7.917e+03	+3.329e+03	+8.784e+03	+0.296
76.400	+4.906e+03	+4.687e+03	+9.810e+03	+0.489
76.500	+3.558e+03	+8.613e+03	+9.315e+03	+0.708
76.600	+3.406e+03	+5.596e+03	+9.255e+03	+0.622
76.700	+3.791e+03	+8.293e+03	+1.000e+04	+0.686
76.800	+6.640e+03	+2.341e+03	+1.009e+04	+0.261
76.900	+7.929e+03	+2.597e+03	+1.027e+04	+0.247
77.000	+6.340e+03	+2.776e+03	+1.090e+04	+0.304
77.100	+7.317e+03	+2.733e+03	+1.069e+04	+0.272
77.200	+5.441e+03	+3.258e+03	+1.007e+04	+0.375
77.300	+6.904e+03	+2.265e+03	+9.079e+03	+0.247
77.400	+7.722e+03	+2.225e+03	+9.905e+03	+0.224
77.500	+7.677e+03	+4.046e+03	+9.105e+03	+0.345
77.600	+6.685e+03	+2.011e+03	+1.018e+04	+0.231
77.700	+7.535e+03	+3.141e+03	+8.200e+03	+0.294
77.800	+6.627e+03	+4.285e+03	+1.075e+04	+0.393
77.900	+7.530e+03	+2.768e+03	+8.500e+03	+0.269
78.000	+8.002e+03	+1.892e+03	+9.670e+03	+0.191
78.100	+9.326e+03	+4.156e+03	+9.833e+03	+0.308
78.200	+7.358e+03	+2.654e+03	+9.675e+03	+0.265
78.300	+6.320e+03	+2.727e+03	+9.619e+03	+0.301
78.400	+7.199e+03	+2.535e+03	+1.050e+04	+0.260
78.500	+7.335e+03	+1.961e+03	+1.068e+04	+0.211
78.600	+7.496e+03	+2.693e+03	+9.782e+03	+0.264
78.700	+7.277e+03	+1.928e+03	+1.192e+04	+0.209
78.800	+7.539e+03	+2.438e+03	+9.068e+03	+0.244
78.900	+7.807e+03	+2.542e+03	+8.386e+03	+0.246
79.000	+6.646e+03	+4.725e+03	+1.056e+04	+0.416
79.100	+6.494e+03	+3.323e+03	+1.090e+04	+0.339
79.200	+7.430e+03	+3.314e+03	+1.031e+04	+0.308
79.300	+8.212e+03	+2.227e+03	+9.471e+03	+0.213
79.400	+6.813e+03	+3.741e+03	+9.786e+03	+0.354
79.500	+7.818e+03	+2.139e+03	+9.979e+03	+0.215
79.600	+6.891e+03	+3.353e+03	+9.504e+03	+0.327
79.700	+8.081e+03	+2.811e+03	+1.025e+04	+0.258
79.800	+7.048e+03	+3.819e+03	+1.033e+04	+0.351
79.900	+7.587e+03	+3.326e+03	+1.028e+04	+0.305
80.000	+6.678e+03	+3.709e+03	+1.039e+04	+0.357
80.100	+6.525e+03	+3.509e+03	+9.617e+03	+0.350
80.200	+6.960e+03	+3.218e+03	+9.753e+03	+0.316
80.300	+6.562e+03	+3.484e+03	+9.230e+03	+0.347
80.400	+7.276e+03	+2.501e+03	+8.672e+03	+0.256
80.500	+7.051e+03	+2.994e+03	+1.025e+04	+0.298
80.600	+4.823e+03	+7.347e+03	+9.949e+03	+0.604
80.700	+2.016e+03	+7.391e+03	+1.046e+04	+0.786
80.800	+4.587e+03	+6.264e+03	+1.091e+04	+0.577
80.900	+2.404e+03	+7.244e+03	+9.956e+03	+0.751
81.000	+3.323e+03	+6.810e+03	+1.053e+04	+0.672
81.100	+2.433e+03	+7.048e+03	+1.082e+04	+0.743
81.200	+3.428e+03	+7.555e+03	+1.027e+04	+0.688
81.300	+3.727e+03	+7.198e+03	+9.841e+03	+0.659
81.400	+2.828e+03	+7.431e+03	+9.210e+03	+0.724
81.500	+3.873e+03	+6.889e+03	+1.018e+04	+0.640
81.600	+5.493e+03	+4.401e+03	+9.992e+03	+0.445
81.700	+6.492e+03	+2.915e+03	+1.024e+04	+0.310
81.800	+7.483e+03	+1.058e+03	+9.588e+03	+0.124
81.900	+6.293e+03	+3.130e+03	+1.007e+04	+0.332
82.000	+7.331e+03	+2.956e+03	+9.772e+03	+0.287
82.100	+8.180e+03	+3.681e+03	+9.513e+03	+0.310
82.200	+7.952e+03	+3.837e+03	+9.719e+03	+0.325
82.300	+5.848e+03	+4.361e+03	+1.058e+04	+0.427
82.400	+6.751e+03	+2.062e+03	+1.132e+04	+0.234
82.500	+4.993e+03	+3.255e+03	+9.238e+03	+0.395
82.600	+7.200e+03	+1.281e+03	+9.173e+03	+0.151
82.700	+7.825e+03	+3.195e+03	+1.123e+04	+0.290
82.800	+7.954e+03	+2.998e+03	+9.226e+03	+0.274
82.900	+3.906e+03	+5.244e+03	+9.896e+03	+0.573
83.000	+1.769e+03	+6.873e+03	+9.634e+03	+0.795
83.100	+2.422e+03	+6.287e+03	+1.020e+04	+0.722
83.200	+2.070e+03	+7.299e+03	+9.906e+03	+0.779
83.300	+3.498e+03	+5.723e+03	+1.073e+04	+0.621
83.400	+2.618e+03	+5.799e+03	+1.172e+04	+0.689
83.500	+1.764e+03	+7.984e+03	+8.996e+03	+0.819
83.600	+2.480e+03	+9.230e+03	+1.140e+04	+0.788
83.700	+4.672e+03	+7.159e+03	+9.480e+03	+0.605
83.800	+5.096e+03	+5.515e+03	+1.050e+04	+0.520
83.900	+7.961e+03	+2.798e+03	+1.113e+04	+0.260
84.000	+6.869e+03	+2.901e+03	+1.001e+04	+0.297
84.100	+7.117e+03	+2.105e+03	+9.822e+03	+0.228
84.200	+6.320e+03	+7.282e+02	+9.253e+03	+0.103
84.300	+7.313e+03	+2.634e+03	+9.225e+03	+0.265
84.400	+7.021e+03	+3.054e+03	+1.075e+04	+0.303
84.500	+7.612e+03	+2.380e+03	+1.001e+04	+0.238
84.600	+7.199e+03	+2.571e+03	+1.027e+04	+0.263
84.700	+7.544e+03	+1.575e+03	+9.234e+03	+0.173
84.800	+6.370e+03	+3.729e+03	+1.123e+04	+0.369
84.900	+6.497e+03	+3.206e+03	+8.919e+03	+0.330
85.000	+5.475e+03	+4.405e+03	+1.080e+04	+0.446
85.100	+6.494e+03	+2.959e+03	+9.471e+03	+0.313
85.200	+8.905e+03	+2.762e+03	+1.086e+04	+0.237
85.300	+5.381e+03	+6.212e+03	+1.036e+04	+0.536
85.400	+1.902e+03	+7.856e+03	+1.051e+04	+0.805
85.500	+3.001e+03	+6.654e+03	+1.097e+04	+0.689
85.600	+2.458e+03	+7.118e+03	+8.797e+03	+0.743
85.700	+5.434e+03	+5.797e+03	+1.002e+04	+0.516
85.800	+6.915e+03	+3.275e+03	+8.941e+03	+0.321
85.900	+6.984e+03	+2.911e+03	+8.230e+03	+0.294
86.000	+6.817e+03	+2.815e+03	+1.113e+04	+0.292
86.100	+5.693e+03	+4.632e+03	+1.002e+04	+0.449
86.200	+1.824e+03	+6.385e+03	+8.422e+03	+0.778
86.300	+2.435e+03	+7.707e+03	+1.018e+04	+0.760
86.400	+2.285e+03	+5.547e+03	+1.003e+04	+0.708
86.500	+3.377e+03	+6.931e+03	+9.574e+03	+0.672
86.600	+2.144e+03	+6.437e+03	+9.200e+03	+0.750
86.700	+2.469e+03	+7.092e+03	+1.049e+04	+0.742
86.800	+3.733e+03	+6.928e+03	+1.125e+04	+0.650
86.900	+3.878e+03	+6.640e+03	+9.767e+03	+0.631
87.000	+3.194e+03	+6.626e+03	+1.027e+04	+0.675
87.100	+5.462e+03	+2.615e+03	+1.080e+04	+0.324
87.200	+7.925e+03	+2.382e+03	+1.050e+04	+0.231
87.300	+7.978e+03	+3.433e+03	+1.119e+04	+0.301
87.400	+7.614e+03	+2.410e+03	+9.946e+03	+0.240
87.500	+5.050e+03	+6.735e+03	+9.715e+03	+0.571
87.600	+2.963e+03	+7.761e+03	+1.058e+04	+0.724
87.700	+2.581e+03	+7.698e+03	+9.128e+03	+0.749
87.800	+3.264e+03	+6.647e+03	+1.001e+04	+0.671
87.900	+2.873e+03	+7.722e+03	+9.090e+03	+0.729
88.000	+3.697e+03	+7.175e+03	+1.082e+04	+0.660
88.100	+3.565e+03	+6.016e+03	+9.354e+03	+0.628
88.200	+3.909e+03	+7.547e+03	+1.168e+04	+0.659
88.300	+2.972e+03	+8.072e+03	+1.028e+04	+0.731
88.400	+2.854e+03	+7.358e+03	+8.690e+03	+0.721
88.500	+8.458e+02	+4.871e+03	+1.052e+04	+0.852
88.600	+3.871e+03	+6.853e+03	+1.048e+04	+0.639
88.700	+2.768e+03	+6.642e+03	+1.008e+04	+0.706
88.800	+3.914e+03	+6.853e+03	+9.502e+03	+0.636
88.900	+1.991e+03	+7.475e+03	+1.005e+04	+0.790
89.000	+2.829e+03	+7.046e+03	+8.860e+03	+0.714
89.100	+3.020e+03	+5.795e+03	+9.782e+03	+0.657
89.200	+3.247e+03	+7.780e+03	+1.191e+04	+0.706
89.300	+3.396e+03	+6.709e+03	+9.455e+03	+0.664
89.400	+3.653e+03	+6.490e+03	+1.122e+04	+0.640
89.500	+2.065e+03	+7.326e+03	+9.686e+03	+0.780
89.600	+2.097e+03	+7.622e+03	+1.043e+04	+0.784
89.700	+3.756e+03	+6.174e+03	+9.214e+03	+0.622
89.800	+2.331e+03	+7.885e+03	+1.091e+04	+0.772
89.900	+1.828e+03	+6.844e+03	+9.378e+03	+0.789
90.000	+3.795e+03	+7.561e+03	+9.399e+03	+0.666
90.100	+2.625e+03	+7.064e+03	+9.729e+03	+0.729
90.200	+2.649e+03	+6.439e+03	+1.023e+04	+0.709
90.300	+2.639e+03	+6.256e+03	+1.069e+04	+0.703
90.400	+3.952e+03	+7.083e+03	+1.021e+04	+0.642
90.500	+2.379e+03	+6.817e+03	+8.428e+03	+0.741
90.600	+3.652e+03	+7.169e+03	+9.792e+03	+0.662
90.700	+2.167e+03	+7.037e+03	+8.086e+03	+0.765
90.800	+3.075e+03	+6.432e+03	+9.074e+03	+0.677
90.900	+3.856e+03	+8.241e+03	+9.197e+03	+0.681
91.000	+2.910e+03	+7.430e+03	+8.900e+03	+0.719
91.100	+3.147e+03	+6.241e+03	+9.120e+03	+0.665
91.200	+2.330e+03	+6.901e+03	+9.428e+03	+0.748
91.300	+3.679e+03	+6.598e+03	+9.266e+03	+0.642
91.400	+2.202e+03	+8.247e+03	+1.085e+04	+0.789
91.500	+2.742e+03	+6.006e+03	+1.026e+04	+0.687
91.600	+3.161e+03	+5.740e+03	+9.824e+03	+0.645
91.700	+2.857e+03	+6.549e+03	+1.053e+04	+0.696
91.800	+3.282e+03	+8.034e+03	+1.024e+04	+0.710
91.900	+2.146e+03	+7.559e+03	+1.023e+04	+0.779
92.000	+3.073e+03	+6.476e+03	+1.016e+04	+0.678
92.100	+2.643e+03	+8.252e+03	+8.898e+03	+0.757
92.200	+3.567e+03	+7.519e+03	+9.404e+03	+0.678
92.300	+3.065e+03	+6.336e+03	+1.065e+04	+0.674
92.400	+2.990e+03	+7.986e+03	+8.886e+03	+0.728
92.500	+2.373e+03	+8.778e+03	+1.065e+04	+0.787
92.600	+4.686e+03	+5.955e+03	+1.015e+04	+0.560
92.700	+3.041e+03	+7.602e+03	+8.817e+03	+0.714
92.800	+3.124e+03	+7.810e+03	+1.017e+04	+0.714
92.900	+5.904e+02	+6.400e+03	+1.082e+04	+0.916
93.000	+3.565e+03	+7.269e+03	+1.116e+04	+0.671
93.100	+2.576e+03	+7.202e+03	+9.297e+03	+0.737
93.200	+3.327e+03	+6.396e+03	+1.149e+04	+0.658
93.300	+4.357e+03	+7.244e+03	+9.731e+03	+0.624
93.400	+2.896e+03	+6.673e+03	+9.099e+03	+0.697
93.500	+4.035e+03	+6.468e+03	+1.044e+04	+0.616
93.600	+3.375e+03	+6.304e+03	+9.271e+03	+0.651
93.700	+6.354e+03	+4.362e+03	+9.317e+03	+0.407
93.800	+6.609e+03	+1.206e+03	+1.010e+04	+0.154
93.900	+5.872e+03	+3.503e+03	+9.394e+03	+0.374
94.000	+7.982e+03	+3.118e+03	+8.918e+03	+0.281
94.100	+5.950e+03	+3.948e+03	+9.421e+03	+0.399
94.200	+6.755e+03	+3.111e+03	+1.133e+04	+0.315
94.300	+5.192e+03	+3.898e+03	+1.120e+04	+0.429
94.400	+6.588e+03	+3.047e+03	+9.798e+03	+0.316
94.500	+5.923e+03	+3.890e+03	+9.842e+03	+0.396
94.600	+2.891e+03	+7.246e+03	+1.223e+04	+0.715
94.700	+3.885e+03	+6.849e+03	+8.989e+03	+0.638
94.800	+2.562e+03	+5.834e+03	+1.072e+04	+0.695
94.900	+3.014e+03	+5.200e+03	+1.105e+04	+0.633
95.000	+3.765e+03	+7.294e+03	+1.126e+04	+0.660
95.100	+2.198e+03	+6.024e+03	+1.060e+04	+0.733
95.200	+2.281e+03	+6.862e+03	+1.102e+04	+0.751
95.300	+2.746e+03	+6.916e+03	+1.163e+04	+0.716
95.400	+6.386e+03	+3.209e+03	+9.545e+03	+0.334
95.500	+6.528e+03	+2.240e+03	+8.432e+03	+0.255
95.600	+5.016e+03	+4.245e+03	+9.756e+03	+0.458
95.700	+4.059e+03	+7.560e+03	+8.074e+03	+0.651
95.800	+3.354e+03	+6.514e+03	+1.082e+04	+0.660
95.900	+3.785e+03	+6.393e+03	+1.088e+04	+0.628
96.000	+7.102e+03	+2.690e+03	+9.754e+03	+0.275
96.100	+5.719e+03	+2.872e+03	+1.010e+04	+0.334
96.200	+8.633e+03	+4.011e+03	+9.271e+03	+0.317
96.300	+7.811e+03	+2.058e+03	+1.072e+04	+0.209
96.400	+6.777e+03	+2.606e+03	+9.746e+03	+0.278
96.500	+7.485e+03	+1.689e+03	+8.673e+03	+0.184
96.600	+7.020e+03	+2.985e+03	+9.026e+03	+0.298
96.700	+6.797e+03	+2.391e+03	+1.002e+04	+0.260
96.800	+6.488e+03	+3.638e+03	+7.831e+03	+0.359
96.900	+3.921e+03	+5.828e+03	+9.007e+03	+0.598
97.000	+3.642e+03	+6.244e+03	+9.789e+03	+0.632
97.100	+2.842e+03	+6.995e+03	+1.059e+04	+0.711
97.200	+3.090e+03	+6.541e+03	+1.143e+04	+0.679
97.300	+2.630e+03	+5.654e+03	+1.055e+04	+0.683
97.400	+4.719e+03	+6.685e+03	+1.005e+04	+0.586
97.500	+1.336e+03	+7.797e+03	+1.008e+04	+0.854
97.600	+3.730e+03	+6.521e+03	+1.015e+04	+0.636
97.700	+3.401e+03	+7.835e+03	+9.495e+03	+0.697
97.800	+2.184e+03	+8.083e+03	+1.008e+04	+0.787
97.900	+3.816e+03	+7.135e+03	+9.132e+03	+0.652
98.000	+3.792e+03	+6.384e+03	+9.171e+03	+0.627
98.100	+5.378e+03	+4.322e+03	+9.498e+03	+0.446
98.200	+6.497e+03	+3.403e+03	+9.989e+03	+0.344
98.300	+6.427e+03	+4.833e+03	+9.464e+03	+0.429
98.400	+7.378e+03	+2.549e+03	+1.061e+04	+0.257
98.500	+8.484e+03	+2.397e+03	+1.162e+04	+0.220
98.600	+2.487e+03	+7.498e+03	+1.123e+04	+0.751
98.700	+2.734e+03	+6.876e+03	+9.997e+03	+0.716
98.800	+1.590e+03	+6.351e+03	+9.000e+03	+0.800
98.900	+2.451e+03	+8.018e+03	+9.518e+03	+0.766
99.000	+2.637e+03	+6.675e+03	+9.386e+03	+0.717
99.100	+2.242e+03	+5.670e+03	+1.080e+04	+0.717
99.200	+3.126e+03	+8.157e+03	+9.073e+03	+0.723
99.300	+3.763e+03	+6.036e+03	+8.675e+03	+0.616
99.400	+2.236e+03	+6.735e+03	+9.048e+03	+0.751
99.500	+3.612e+03	+7.410e+03	+1.056e+04	+0.672
99.600	+3.379e+03	+7.565e+03	+1.013e+04	+0.691
99.700	+4.035e+03	+6.318e+03	+9.860e+03	+0.610
99.800	+2.109e+03	+7.562e+03	+8.440e+03	+0.782
99.900	+2.454e+03	+6.766e+03	+9.265e+03	+0.734
100.000	+3.260e+03	+7.064e+03	+9.986e+03	+0.684
100.100	+3.079e+03	+8.036e+03	+1.087e+04	+0.723
100.200	+4.226e+03	+5.588e+03	+1.033e+04	+0.569
100.300	+4.728e+03	+7.492e+03	+9.788e+03	+0.613
100.400	+2.343e+03	+5.492e+03	+8.935e+03	+0.701
100.500	+2.560e+03	+7.633e+03	+8.944e+03	+0.749
100.600	+3.203e+03	+6.580e+03	+1.043e+04	+0.673
100.700	+2.199e+03	+6.015e+03	+1.117e+04	+0.732
100.800	+2.069e+03	+6.308e+03	+9.549e+03	+0.753
100.900	+4.561e+03	+7.280e+03	+1.209e+04	+0.615
101.000	+3.833e+03	+7.278e+03	+9.284e+03	+0.655
101.100	+3.613e+03	+6.951e+03	+9.667e+03	+0.658
101.200	+3.600e+03	+7.129e+03	+1.099e+04	+0.664
101.300	+2.555e+03	+7.993e+03	+9.689e+03	+0.758
101.400	+2.220e+03	+7.022e+03	+8.241e+03	+0.760
101.500	+2.979e+03	+7.716e+03	+1.047e+04	+0.721
101.600	+2.607e+03	+8.518e+03	+8.706e+03	+0.766
101.700	+2.698e+03	+6.945e+03	+9.290e+03	+0.720
101.800	+2.491e+03	+7.631e+03	+9.958e+03	+0.754
101.900	+3.459e+03	+6.728e+03	+1.035e+04	+0.660
102.000	+3.385e+03	+8.545e+03	+8.054e+03	+0.716
102.100	+2.385e+03	+5.210e+03	+1.031e+04	+0.686
102.200	+3.981e+03	+7.206e+03	+9.633e+03	+0.644
102.300	+2.332e+03	+6.342e+03	+9.339e+03	+0.731
102.400	+2.426e+03	+7.354e+03	+1.005e+04	+0.752
102.500	+2.549e+03	+6.586e+03	+8.299e+03	+0.721
102.600	+2.915e+03	+7.240e+03	+8.862e+03	+0.713
102.700	+2.798e+03	+7.031e+03	+9.736e+03	+0.715
102.800	+3.593e+03	+6.059e+03	+1.110e+04	+0.628
102.900	+3.741e+03	+6.535e+03	+9.442e+03	+0.636
103.000	+1.886e+03	+6.567e+03	+1.138e+04	+0.777
103.100	+2.547e+03	+7.643e+03	+1.043e+04	+0.750
103.200	+3.925e+03	+6.166e+03	+1.106e+04	+0.611
103.300	+5.104e+03	+5.153e+03	+1.009e+04	+0.502
103.400	+7.389e+03	+1.903e+03	+9.017e+03	+0.205
103.500	+6.578e+03	+2.307e+03	+1.029e+04	+0.260
103.600	+5.471e+03	+3.869e+03	+1.115e+04	+0.414
103.700	+3.815e+03	+6.950e+03	+1.110e+04	+0.646
103.800	+3.107e+03	+6.486e+03	+9.797e+03	+0.676
103.900	+2.742e+03	+8.067e+03	+1.028e+04	+0.746
104.000	+3.556e+03	+6.969e+03	+9.767e+03	+0.662
104.100	+2.108e+03	+7.044e+03	+9.505e+03	+0.770
104.200	+3.369e+03	+6.930e+03	+8.648e+03	+0.673
104.300	+2.478e+03	+7.452e+03	+1.033e+04	+0.750
104.400	+3.692e+03	+7.522e+03	+9.784e+03	+0.671
104.500	+2.238e+03	+7.099e+03	+1.053e+04	+0.760
104.600	+3.696e+03	+5.658e+03	+1.074e+04	+0.605
104.700	+3.351e+03	+6.333e+03	+1.022e+04	+0.654
104.800	+7.186e+03	+3.208e+03	+9.480e+03	+0.309
