%t (s)	Idd (a.u.)	Ida (a.u.)	Iaa (a.u.)	FRET E
0.000	+6.803e+03	+2.272e+03	+1.034e+04	+0.250
0.100	+6.971e+03	+4.219e+03	+9.838e+03	+0.377
0.200	+5.592e+03	+3.865e+03	+9.274e+03	+0.409
0.300	+7.557e+03	+1.297e+03	+1.062e+04	+0.147
0.400	+6.373e+03	+2.310e+03	+1.007e+04	+0.266
0.500	+7.889e+03	+2.572e+03	+1.039e+04	+0.246
0.600	+6.605e+03	+4.556e+03	+1.026e+04	+0.408
0.700	+2.347e+03	+5.588e+03	+9.554e+03	+0.704
0.800	+3.140e+03	+7.662e+03	+9.248e+03	+0.709
0.900	+2.674e+03	+6.812e+03	+1.019e+04	+0.718
1.000	+3.816e+03	+7.589e+03	+1.171e+04	+0.665
1.100	+3.358e+03	+6.218e+03	+9.609e+03	+0.649
1.200	+2.471e+03	+6.816e+03	+1.095e+04	+0.734
1.300	+2.488e+03	+6.254e+03	+1.154e+04	+0.715
1.400	+3.971e+03	+7.464e+03	+1.000e+04	+0.653
1.500	+4.065e+03	+7.520e+03	+9.060e+03	+0.649
1.600	+2.918e+03	+7.116e+03	+1.033e+04	+0.709
1.700	+3.525e+03	+6.068e+03	+9.168e+03	+0.633
1.800	+4.026e+03	+7.575e+03	+8.905e+03	+0.653
1.900	+1.879e+03	+7.766e+03	+9.892e+03	+0.805
2.000	+3.613e+03	+6.662e+03	+9.243e+03	+0.648
2.100	+2.151e+03	+6.556e+03	+8.235e+03	+0.753
2.200	+2.619e+03	+6.174e+03	+1.089e+04	+0.702
2.300	+2.768e+03	+7.322e+03	+9.926e+03	+0.726
2.400	+2.632e+03	+6.280e+03	+1.113e+04	+0.705
2.500	+4.267e+03	+6.424e+03	+1.003e+04	+0.601
2.600	+2.551e+03	+6.503e+03	+1.139e+04	+0.718
2.700	+2.570e+03	+7.414e+03	+9.556e+03	+0.743
2.800	+1.636e+03	+5.920e+03	+8.719e+03	+0.783
2.900	+5.454e+03	+5.018e+03	+9.990e+03	+0.479
3.000	+8.091e+03	+3.826e+03	+9.931e+03	+0.321
3.100	+6.599e+03	+3.938e+03	+9.592e+03	+0.374
3.200	+4.690e+03	+5.784e+03	+9.435e+03	+0.552
3.300	+3.101e+03	+8.479e+03	+1.003e+04	+0.732
3.400	+6.389e+03	+3.621e+03	+1.084e+04	+0.362
3.500	+7.944e+03	+2.549e+03	+1.073e+04	+0.243
3.600	+8.504e+03	+2.201e+03	+9.869e+03	+0.206
3.700	+7.894e+03	+4.455e+03	+8.580e+03	+0.361
3.800	+7.657e+03	+2.954e+03	+9.845e+03	+0.278
3.900	+7.501e+03	+3.654e+03	+1.058e+04	+0.328
4.000	+6.703e+03	+1.572e+03	+1.014e+04	+0.190
4.100	+7.535e+03	+3.866e+03	+1.068e+04	+0.339
4.200	+8.008e+03	+2.392e+03	+7.981e+03	+0.230
4.300	+7.591e+03	+2.986e+03	+1.049e+04	+0.282
4.400	+6.758e+03	+2.738e+03	+8.922e+03	+0.288
4.500	+6.784e+03	+2.184e+03	+8.638e+03	+0.244
4.600	+4.501e+03	+4.576e+03	+9.153e+03	+0.504
4.700	+3.519e+03	+7.146e+03	+1.037e+04	+0.670
4.800	+2.866e+03	+6.857e+03	+1.051e+04	+0.705
4.900	+3.172e+03	+7.228e+03	+9.659e+03	+0.695
5.000	+2.316e+03	+6.924e+03	+1.040e+04	+0.749
5.100	+3.387e+03	+5.478e+03	+1.065e+04	+0.618
5.200	+7.258e+03	+3.278e+03	+1.007e+04	+0.311
5.300	+7.281e+03	+3.081e+03	+9.287e+03	+0.297
5.400	+7.601e+03	+3.600e+03	+9.564e+03	+0.321
5.500	+6.245e+03	+3.801e+03	+9.561e+03	+0.378
5.600	+6.637e+03	+2.680e+03	+9.457e+03	+0.288
5.700	+7.247e+03	+3.136e+03	+1.056e+04	+0.302
5.800	+6.141e+03	+2.914e+03	+9.747e+03	+0.322
5.900	+2.643e+03	+7.640e+03	+9.997e+03	+0.743
6.000	+4.412e+03	+6.233e+03	+9.541e+03	+0.585
6.100	+1.499e+03	+7.535e+03	+1.148e+04	+0.834
6.200	+3.589e+03	+7.534e+03	+1.124e+04	+0.677
6.300	+3.043e+03	+8.445e+03	+8.307e+03	+0.735
6.400	+4.871e+03	+6.179e+03	+9.582e+03	+0.559
6.500	+3.428e+03	+6.729e+03	+1.055e+04	+0.663
6.600	+4.008e+03	+6.516e+03	+9.415e+03	+0.619
6.700	+2.748e+03	+5.594e+03	+9.444e+03	+0.671
6.800	+1.062e+03	+5.827e+03	+1.120e+04	+0.846
6.900	+2.828e+03	+6.829e+03	+9.395e+03	+0.707
7.000	+2.163e+03	+6.838e+03	+1.070e+04	+0.760
7.100	+2.627e+03	+7.746e+03	+9.529e+03	+0.747
7.200	+1.668e+03	+6.471e+03	+1.019e+04	+0.795
7.300	+2.878e+03	+7.894e+03	+1.174e+04	+0.733
7.400	+3.621e+03	+7.306e+03	+9.941e+03	+0.669
7.500	+2.762e+03	+7.553e+03	+1.012e+04	+0.732
7.600	+2.576e+03	+6.756e+03	+1.068e+04	+0.724
7.700	+2.391e+03	+5.877e+03	+1.136e+04	+0.711
7.800	+2.513e+03	+8.379e+03	+1.095e+04	+0.769
7.900	+2.361e+03	+6.810e+03	+1.063e+04	+0.743
8.000	+2.889e+03	+6.906e+03	+8.885e+03	+0.705
8.100	+1.530e+03	+7.541e+03	+9.606e+03	+0.831
8.200	+1.693e+03	+8.049e+03	+9.502e+03	+0.826
8.300	+4.766e+03	+5.085e+03	+9.894e+03	+0.516
8.400	+8.450e+03	+2.671e+03	+9.288e+03	+0.240
8.500	+6.456e+03	+1.585e+03	+9.964e+03	+0.197
8.600	+8.031e+03	+2.538e+03	+1.046e+04	+0.240
8.700	+6.486e+03	+3.030e+03	+1.017e+04	+0.318
8.800	+8.487e+03	+2.286e+03	+1.048e+04	+0.212
8.900	+7.689e+03	+4.324e+03	+1.212e+04	+0.360
9.000	+8.126e+03	+2.224e+03	+1.003e+04	+0.215
9.100	+6.950e+03	+2.667e+03	+9.571e+03	+0.277
9.200	+8.114e+03	+3.447e+03	+9.404e+03	+0.298
9.300	+6.476e+03	+1.962e+03	+9.860e+03	+0.232
9.400	+6.044e+03	+2.072e+03	+1.141e+04	+0.255
9.500	+6.225e+03	+3.003e+03	+8.904e+03	+0.325
9.600	+7.543e+03	+3.023e+03	+8.455e+03	+0.286
9.700	+6.750e+03	+1.683e+03	+8.772e+03	+0.200
9.800	+6.981e+03	+3.606e+03	+9.636e+03	+0.341
9.900	+3.565e+03	+5.368e+03	+1.021e+04	+0.601
10.000	+3.124e+03	+7.316e+03	+8.026e+03	+0.701
10.100	+2.909e+03	+7.776e+03	+9.590e+03	+0.728
10.200	+3.164e+03	+7.899e+03	+9.672e+03	+0.714
10.300	+1.814e+03	+7.147e+03	+8.440e+03	+0.798
10.400	+2.698e+03	+7.712e+03	+9.313e+03	+0.741
10.500	+2.852e+03	+8.604e+03	+1.020e+04	+0.751
10.600	+2.732e+03	+7.539e+03	+1.089e+04	+0.734
10.700	+1.181e+03	+7.910e+03	+1.034e+04	+0.870
10.800	+2.512e+03	+7.108e+03	+9.889e+03	+0.739
10.900	+2.968e+03	+6.891e+03	+9.769e+03	+0.699
11.000	+2.893e+03	+7.339e+03	+9.587e+03	+0.717
11.100	+3.528e+03	+6.556e+03	+1.098e+04	+0.650
11.200	+8.054e+02	+8.204e+03	+1.041e+04	+0.911
11.300	+3.477e+03	+6.589e+03	+1.033e+04	+0.655
11.400	+2.380e+03	+7.775e+03	+1.029e+04	+0.766
11.500	+2.471e+03	+6.357e+03	+1.022e+04	+0.720
11.600	+1.857e+03	+7.756e+03	+9.415e+03	+0.807
11.700	+3.485e+03	+6.681e+03	+1.085e+04	+0.657
11.800	+3.398e+03	+6.541e+03	+8.952e+03	+0.658
11.900	+2.488e+03	+8.479e+03	+1.101e+04	+0.773
12.000	+1.947e+03	+6.567e+03	+1.000e+04	+0.771
12.100	+3.287e+03	+8.245e+03	+9.867e+03	+0.715
12.200	+2.588e+03	+5.544e+03	+8.413e+03	+0.682
12.300	+2.642e+03	+7.237e+03	+9.767e+03	+0.733
12.400	+2.875e+03	+8.105e+03	+1.049e+04	+0.738
12.500	+2.413e+03	+6.514e+03	+9.497e+03	+0.730
12.600	+2.869e+03	+6.883e+03	+9.479e+03	+0.706
12.700	+1.790e+03	+6.813e+03	+9.640e+03	+0.792
12.800	+3.578e+03	+6.793e+03	+1.143e+04	+0.655
12.900	+2.360e+03	+6.831e+03	+9.489e+03	+0.743
13.000	+3.954e+03	+6.043e+03	+1.012e+04	+0.604
13.100	+3.233e+03	+6.932e+03	+9.849e+03	+0.682
13.200	+4.650e+03	+7.700e+03	+1.065e+04	+0.623
13.300	+2.779e+03	+6.248e+03	+9.651e+03	+0.692
13.400	+5.293e+03	+4.864e+03	+9.845e+03	+0.479
13.500	+7.478e+03	+2.006e+03	+1.153e+04	+0.212
13.600	+7.115e+03	+4.056e+03	+9.552e+03	+0.363
13.700	+8.235e+03	+3.710e+03	+1.027e+04	+0.311
13.800	+2.635e+03	+6.734e+03	+9.838e+03	+0.719
13.900	+3.176e+03	+7.705e+03	+9.777e+03	+0.708
14.000	+2.497e+03	+6.815e+03	+9.861e+03	+0.732
14.100	+3.354e+03	+6.374e+03	+1.005e+04	+0.655
14.200	+3.252e+03	+7.295e+03	+1.101e+04	+0.692
14.300	+1.494e+03	+6.628e+03	+9.857e+03	+0.816
14.400	+2.746e+03	+7.961e+03	+9.384e+03	+0.744
14.500	+5.430e+03	+8.246e+03	+1.084e+04	+0.603
14.600	+3.306e+03	+5.605e+03	+9.285e+03	+0.629
14.700	+3.709e+03	+8.224e+03	+1.164e+04	+0.689
14.800	+4.265e+03	+6.307e+03	+1.022e+04	+0.597
14.900	+4.090e+03	+5.948e+03	+1.033e+04	+0.593
15.000	+6.363e+03	+1.814e+03	+9.349e+03	+0.222
15.100	+6.322e+03	+2.654e+03	+1.010e+04	+0.296
15.200	+6.339e+03	+2.296e+03	+9.726e+03	+0.266
15.300	+7.332e+03	+3.000e+03	+9.226e+03	+0.290
15.400	+6.954e+03	+2.146e+03	+9.840e+03	+0.236
15.500	+5.211e+03	+4.682e+03	+1.013e+04	+0.473
15.600	+2.571e+03	+6.495e+03	+9.669e+03	+0.716
15.700	+2.499e+03	+7.402e+03	+1.002e+04	+0.748
15.800	+1.635e+03	+6.888e+03	+1.029e+04	+0.808
15.900	+2.032e+03	+7.862e+03	+1.061e+04	+0.795
16.000	+3.492e+03	+8.495e+03	+9.838e+03	+0.709
16.100	+2.938e+03	+6.517e+03	+8.641e+03	+0.689
16.200	+4.546e+03	+6.764e+03	+9.340e+03	+0.598
16.300	+3.838e+03	+7.256e+03	+1.108e+04	+0.654
16.400	+3.341e+03	+5.919e+03	+1.061e+04	+0.639
16.500	+2.606e+03	+7.314e+03	+1.025e+04	+0.737
16.600	+3.641e+03	+6.787e+03	+9.533e+03	+0.651
16.700	+2.669e+03	+6.647e+03	+9.008e+03	+0.714
16.800	+3.608e+03	+7.807e+03	+9.955e+03	+0.684
16.900	+2.738e+03	+7.636e+03	+8.793e+03	+0.736
17.000	+2.781e+03	+6.916e+03	+1.037e+04	+0.713
17.100	+3.600e+03	+7.162e+03	+1.022e+04	+0.665
17.200	+2.876e+03	+6.802e+03	+9.749e+03	+0.703
17.300	+1.717e+03	+7.776e+03	+9.835e+03	+0.819
17.400	+3.011e+03	+6.731e+03	+9.648e+03	+0.691
17.500	+3.215e+03	+7.720e+03	+1.069e+04	+0.706
17.600	+3.086e+03	+6.118e+03	+9.904e+03	+0.665
17.700	+4.257e+03	+5.910e+03	+9.160e+03	+0.581
17.800	+8.579e+03	+3.081e+03	+9.200e+03	+0.264
17.900	+7.303e+03	+2.941e+03	+9.924e+03	+0.287
18.000	+7.591e+03	+1.743e+03	+1.082e+04	+0.187
18.100	+7.713e+03	+3.757e+03	+1.127e+04	+0.328
18.200	+7.564e+03	+3.793e+03	+1.041e+04	+0.334
18.300	+7.862e+03	+3.229e+03	+9.195e+03	+0.291
18.400	+8.148e+03	+2.846e+03	+9.977e+03	+0.259
18.500	+4.667e+03	+3.741e+03	+1.040e+04	+0.445
18.600	+3.509e+03	+6.727e+03	+1.154e+04	+0.657
18.700	+3.017e+03	+6.146e+03	+9.820e+03	+0.671
18.800	+2.968e+03	+7.395e+03	+1.148e+04	+0.714
18.900	+2.490e+03	+6.855e+03	+9.666e+03	+0.734
19.000	+3.743e+03	+5.922e+03	+1.113e+04	+0.613
19.100	+2.587e+03	+7.807e+03	+8.557e+03	+0.751
19.200	+2.253e+03	+7.396e+03	+1.041e+04	+0.767
19.300	+3.456e+03	+6.879e+03	+1.193e+04	+0.666
19.400	+2.916e+03	+6.334e+03	+1.099e+04	+0.685
19.500	+2.238e+03	+7.076e+03	+9.976e+03	+0.760
19.600	+4.359e+03	+5.538e+03	+1.016e+04	+0.560
19.700	+6.014e+03	+2.758e+03	+8.328e+03	+0.314
19.800	+8.353e+03	+2.040e+03	+1.091e+04	+0.196
19.900	+7.217e+03	+2.744e+03	+1.023e+04	+0.275
20.000	+5.540e+03	+4.460e+03	+9.265e+03	+0.446
20.100	+4.368e+03	+7.559e+03	+1.045e+04	+0.634
20.200	+1.598e+03	+7.432e+03	+9.546e+03	+0.823
20.300	+3.520e+03	+7.106e+03	+1.063e+04	+0.669
20.400	+3.019e+03	+7.684e+03	+1.037e+04	+0.718
20.500	+2.113e+03	+5.898e+03	+8.925e+03	+0.736
20.600	+5.991e+03	+3.956e+03	+1.027e+04	+0.398
20.700	+7.544e+03	+3.616e+03	+1.079e+04	+0.324
20.800	+4.451e+03	+4.424e+03	+9.998e+03	+0.498
20.900	+3.487e+03	+6.282e+03	+1.019e+04	+0.643
21.000	+6.051e+03	+2.619e+03	+1.019e+04	+0.302
21.100	+7.625e+03	+2.675e+03	+1.076e+04	+0.260
21.200	+6.123e+03	+2.410e+03	+9.942e+03	+0.282
21.300	+6.683e+03	+1.443e+03	+1.001e+04	+0.178
21.400	+6.076e+03	+4.136e+03	+7.688e+03	+0.405
21.500	+2.909e+03	+6.773e+03	+9.062e+03	+0.700
21.600	+3.234e+03	+8.275e+03	+1.107e+04	+0.719
21.700	+3.714e+03	+6.250e+03	+1.036e+04	+0.627
21.800	+2.897e+03	+7.438e+03	+1.071e+04	+0.720
21.900	+2.847e+03	+5.221e+03	+9.456e+03	+0.647
22.000	+3.063e+03	+7.303e+03	+1.060e+04	+0.705
22.100	+4.551e+03	+7.329e+03	+9.557e+03	+0.617
22.200	+2.016e+03	+6.460e+03	+9.960e+03	+0.762
22.300	+2.134e+03	+7.479e+03	+9.166e+03	+0.778
22.400	+3.645e+03	+6.928e+03	+8.498e+03	+0.655
22.500	+3.542e+03	+7.472e+03	+1.075e+04	+0.678
22.600	+3.400e+03	+5.746e+03	+1.133e+04	+0.628
22.700	+2.781e+03	+6.121e+03	+9.756e+03	+0.688
22.800	+3.691e+03	+6.388e+03	+1.065e+04	+0.634
22.900	+3.129e+03	+6.552e+03	+1.089e+04	+0.677
23.000	+2.959e+03	+5.421e+03	+9.742e+03	+0.647
23.100	+6.313e+03	+2.688e+03	+1.014e+04	+0.299
23.200	+7.046e+03	+3.425e+03	+1.008e+04	+0.327
23.300	+8.285e+03	+2.732e+03	+9.565e+03	+0.248
23.400	+7.227e+03	+3.234e+03	+1.029e+04	+0.309
23.500	+7.212e+03	+2.913e+03	+9.204e+03	+0.288
23.600	+7.048e+03	+4.035e+03	+9.706e+03	+0.364
23.700	+7.118e+03	+2.384e+03	+1.103e+04	+0.251
23.800	+7.190e+03	+2.659e+03	+9.778e+03	+0.270
23.900	+5.822e+03	+2.527e+03	+9.342e+03	+0.303
24.000	+7.743e+03	+3.323e+03	+1.140e+04	+0.300
24.100	+7.957e+03	+3.223e+03	+1.009e+04	+0.288
24.200	+7.255e+03	+3.257e+03	+9.175e+03	+0.310
24.300	+7.040e+03	+3.058e+03	+1.074e+04	+0.303
24.400	+6.484e+03	+2.804e+03	+1.081e+04	+0.302
24.500	+7.695e+03	+2.269e+03	+1.089e+04	+0.228
24.600	+7.996e+03	+3.752e+03	+9.671e+03	+0.319
24.700	+6.027e+03	+2.932e+03	+1.063e+04	+0.327
24.800	+7.539e+03	+3.653e+03	+1.053e+04	+0.326
24.900	+1.678e+03	+7.394e+03	+8.704e+03	+0.815
25.000	+4.174e+03	+8.735e+03	+1.118e+04	+0.677
25.100	+3.253e+03	+7.812e+03	+8.507e+03	+0.706
25.200	+3.035e+03	+6.107e+03	+9.762e+03	+0.668
25.300	+3.690e+03	+7.384e+03	+9.374e+03	+0.667
25.400	+8.559e+03	+1.835e+03	+1.090e+04	+0.177
25.500	+6.872e+03	+3.143e+03	+1.044e+04	+0.314
25.600	+6.704e+03	+2.404e+03	+9.201e+03	+0.264
25.700	+6.658e+03	+4.617e+03	+9.736e+03	+0.409
25.800	+2.138e+03	+6.203e+03	+1.127e+04	+0.744
25.900	+3.679e+03	+7.351e+03	+1.059e+04	+0.666
26.000	+3.785e+03	+5.121e+03	+1.012e+04	+0.575
26.100	+2.101e+03	+8.097e+03	+8.586e+03	+0.794
26.200	+2.707e+03	+7.563e+03	+9.968e+03	+0.736
26.300	+3.370e+03	+7.629e+03	+1.106e+04	+0.694
26.400	+3.111e+03	+7.136e+03	+9.573e+03	+0.696
26.500	+4.061e+03	+7.839e+03	+1.001e+04	+0.659
26.600	+3.231e+03	+6.559e+03	+1.064e+04	+0.670
26.700	+2.433e+03	+7.267e+03	+9.843e+03	+0.749
26.800	+3.347e+03	+4.967e+03	+9.949e+03	+0.597
26.900	+7.269e+03	+2.333e+03	+9.840e+03	+0.243
27.000	+4.553e+03	+3.178e+03	+9.589e+03	+0.411
27.100	+4.766e+03	+3.476e+03	+9.705e+03	+0.422
27.200	+5.521e+03	+3.462e+03	+1.024e+04	+0.385
27.300	+6.653e+03	+5.384e+03	+9.493e+03	+0.447
27.400	+6.006e+03	+3.604e+03	+9.694e+03	+0.375
27.500	+1.863e+03	+5.256e+03	+1.235e+04	+0.738
27.600	+1.898e+03	+6.488e+03	+1.051e+04	+0.774
27.700	+2.419e+03	+7.123e+03	+8.685e+03	+0.747
27.800	+2.488e+03	+7.264e+03	+1.066e+04	+0.745
27.900	+2.294e+03	+8.774e+03	+9.310e+03	+0.793
28.000	+5.031e+03	+5.342e+03	+9.375e+03	+0.515
28.100	+5.318e+03	+3.892e+03	+1.002e+04	+0.423
28.200	+6.283e+03	+1.664e+03	+1.039e+04	+0.209
28.300	+6.161e+03	+2.333e+03	+8.612e+03	+0.275
28.400	+8.021e+03	+3.211e+03	+8.927e+03	+0.286
28.500	+7.683e+03	+1.841e+03	+9.512e+03	+0.193
28.600	+7.710e+03	+2.404e+03	+8.798e+03	+0.238
28.700	+6.094e+03	+3.994e+03	+1.094e+04	+0.396
28.800	+5.124e+03	+2.188e+03	+1.041e+04	+0.299
28.900	+6.507e+03	+2.478e+03	+9.131e+03	+0.276
29.000	+6.174e+03	+3.853e+03	+9.876e+03	+0.384
29.100	+6.500e+03	+2.293e+03	+9.697e+03	+0.261
29.200	+6.313e+03	+2.922e+03	+8.679e+03	+0.316
29.300	+7.376e+03	+2.203e+03	+1.059e+04	+0.230
29.400	+6.399e+03	+3.825e+03	+9.174e+03	+0.374
29.500	+6.386e+03	+2.558e+03	+9.780e+03	+0.286
29.600	+7.692e+03	+2.214e+03	+9.832e+03	+0.223
29.700	+5.935e+03	+4.195e+03	+1.029e+04	+0.414
29.800	+2.860e+03	+7.275e+03	+1.081e+04	+0.718
29.900	+4.046e+03	+8.784e+03	+9.138e+03	+0.685
30.000	+5.064e+03	+6.579e+03	+1.022e+04	+0.565
30.100	+3.749e+03	+7.120e+03	+1.080e+04	+0.655
30.200	+3.787e+03	+7.024e+03	+1.217e+04	+0.650
30.300	+2.191e+03	+5.962e+03	+1.092e+04	+0.731
30.400	+3.445e+03	+9.259e+03	+1.089e+04	+0.729
30.500	+4.776e+03	+6.918e+03	+1.074e+04	+0.592
30.600	+2.589e+03	+8.138e+03	+1.095e+04	+0.759
30.700	+2.507e+03	+5.351e+03	+1.016e+04	+0.681
30.800	+3.174e+03	+7.168e+03	+1.008e+04	+0.693
30.900	+2.338e+03	+7.232e+03	+9.099e+03	+0.756
31.000	+2.457e+03	+5.739e+03	+8.519e+03	+0.700
31.100	+2.593e+03	+8.592e+03	+9.467e+03	+0.768
31.200	+2.595e+03	+8.126e+03	+9.873e+03	+0.758
31.300	+2.297e+03	+6.196e+03	+8.985e+03	+0.730
31.400	+3.587e+03	+7.357e+03	+8.406e+03	+0.672
31.500	+3.622e+03	+7.708e+03	+1.184e+04	+0.680
31.600	+2.053e+03	+6.675e+03	+9.951e+03	+0.765
31.700	+2.370e+03	+5.626e+03	+7.506e+03	+0.704
31.800	+3.751e+03	+5.866e+03	+1.152e+04	+0.610
31.900	+2.544e+03	+7.403e+03	+1.001e+04	+0.744
32.000	+1.811e+03	+7.483e+03	+1.147e+04	+0.805
32.100	+4.228e+03	+7.405e+03	+9.712e+03	+0.637
32.200	+2.718e+03	+5.023e+03	+1.047e+04	+0.649
32.300	+1.738e+03	+6.180e+03	+8.794e+03	+0.780
32.400	+2.863e+03	+6.617e+03	+9.631e+03	+0.698
32.500	+3.181e+03	+7.805e+03	+1.045e+04	+0.710
32.600	+2.738e+03	+7.286e+03	+1.051e+04	+0.727
32.700	+3.878e+03	+6.452e+03	+1.017e+04	+0.625
32.800	+2.161e+03	+6.522e+03	+9.895e+03	+0.751
32.900	+3.212e+03	+7.044e+03	+1.178e+04	+0.687
33.000	+3.740e+03	+7.659e+03	+8.341e+03	+0.672
33.100	+1.781e+03	+6.276e+03	+1.089e+04	+0.779
33.200	+3.422e+03	+6.534e+03	+1.157e+04	+0.656
33.300	+3.798e+03	+6.406e+03	+8.974e+03	+0.628
33.400	+2.582e+03	+6.890e+03	+1.001e+04	+0.727
33.500	+3.298e+03	+5.577e+03	+1.106e+04	+0.628
33.600	+7.141e+03	+3.402e+03	+1.085e+04	+0.323
33.700	+6.376e+03	+3.337e+03	+8.995e+03	+0.344
33.800	+7.221e+03	+4.145e+03	+1.005e+04	+0.365
33.900	+6.768e+03	+3.191e+03	+9.874e+03	+0.320
34.000	+4.988e+03	+3.729e+03	+1.093e+04	+0.428
34.100	+6.065e+03	+1.094e+03	+9.916e+03	+0.153
34.200	+6.405e+03	+3.133e+03	+9.935e+03	+0.328
34.300	+7.810e+03	+2.559e+03	+9.793e+03	+0.247
34.400	+6.897e+03	+3.212e+03	+9.808e+03	+0.318
34.500	+6.274e+03	+2.062e+03	+1.071e+04	+0.247
34.600	+7.496e+03	+2.622e+03	+1.057e+04	+0.259
34.700	+7.313e+03	+3.209e+03	+1.015e+04	+0.305
34.800	+8.079e+03	+1.671e+03	+1.108e+04	+0.171
34.900	+6.236e+03	+4.727e+03	+1.110e+04	+0.431
35.000	+6.251e+03	+2.641e+03	+8.470e+03	+0.297
35.100	+6.969e+03	+4.216e+03	+1.027e+04	+0.377
35.200	+3.778e+03	+5.345e+03	+9.299e+03	+0.586
35.300	+2.853e+03	+5.426e+03	+1.155e+04	+0.655
35.400	+2.679e+03	+4.488e+03	+9.096e+03	+0.626
35.500	+2.364e+03	+7.492e+03	+1.023e+04	+0.760
35.600	+2.875e+03	+7.375e+03	+1.008e+04	+0.719
35.700	+3.636e+03	+6.191e+03	+9.748e+03	+0.630
35.800	+2.578e+03	+8.478e+03	+1.132e+04	+0.767
35.900	+1.986e+03	+7.399e+03	+1.006e+04	+0.788
36.000	+3.469e+03	+6.380e+03	+1.016e+04	+0.648
36.100	+3.365e+03	+6.975e+03	+9.791e+03	+0.675
36.200	+3.654e+03	+7.951e+03	+1.037e+04	+0.685
36.300	+2.659e+03	+7.059e+03	+1.164e+04	+0.726
36.400	+3.504e+03	+8.062e+03	+8.880e+03	+0.697
36.500	+3.605e+03	+6.845e+03	+1.095e+04	+0.655
36.600	+9.760e+02	+4.992e+03	+1.118e+04	+0.836
36.700	+3.255e+03	+7.009e+03	+1.093e+04	+0.683
36.800	+4.705e+03	+6.873e+03	+1.054e+04	+0.594
36.900	+2.413e+03	+8.089e+03	+9.518e+03	+0.770
37.000	+2.694e+03	+6.257e+03	+9.138e+03	+0.699
37.100	+4.832e+03	+5.958e+03	+1.071e+04	+0.552
37.200	+7.216e+03	+3.236e+03	+8.477e+03	+0.310
37.300	+7.493e+03	+1.150e+03	+9.348e+03	+0.133
37.400	+6.632e+03	+2.635e+03	+9.287e+03	+0.284
37.500	+6.366e+03	+1.793e+03	+1.050e+04	+0.220
37.600	+1.977e+03	+6.758e+03	+9.538e+03	+0.774
37.700	+3.508e+03	+7.154e+03	+8.110e+03	+0.671
37.800	+4.035e+03	+7.246e+03	+9.502e+03	+0.642
37.900	+2.928e+03	+6.827e+03	+9.083e+03	+0.700
38.000	+3.240e+03	+5.181e+03	+9.838e+03	+0.615
38.100	+2.916e+03	+6.836e+03	+1.086e+04	+0.701
38.200	+3.292e+03	+6.686e+03	+9.955e+03	+0.670
38.300	+1.708e+03	+6.095e+03	+1.078e+04	+0.781
38.400	+2.352e+03	+5.959e+03	+1.083e+04	+0.717
38.500	+3.955e+03	+7.860e+03	+9.430e+03	+0.665
38.600	+2.805e+03	+6.195e+03	+9.399e+03	+0.688
38.700	+4.824e+03	+7.724e+03	+9.163e+03	+0.616
38.800	+3.127e+03	+6.711e+03	+1.022e+04	+0.682
38.900	+8.284e+03	+4.279e+03	+9.886e+03	+0.341
39.000	+5.819e+03	+3.955e+03	+9.930e+03	+0.405
39.100	+3.409e+03	+5.608e+03	+9.634e+03	+0.622
39.200	+2.608e+03	+6.839e+03	+1.015e+04	+0.724
39.300	+2.385e+03	+6.044e+03	+1.077e+04	+0.717
39.400	+3.579e+03	+6.808e+03	+1.037e+04	+0.655
39.500	+2.416e+03	+6.893e+03	+9.644e+03	+0.740
39.600	+3.202e+03	+6.989e+03	+1.154e+04	+0.686
39.700	+2.765e+03	+6.633e+03	+9.447e+03	+0.706
39.800	+4.215e+03	+7.321e+03	+1.065e+04	+0.635
39.900	+4.080e+03	+6.822e+03	+9.391e+03	+0.626
40.000	+7.589e+03	+2.721e+03	+1.027e+04	+0.264
40.100	+5.954e+03	+2.909e+03	+1.007e+04	+0.328
40.200	+6.409e+03	+2.588e+03	+1.002e+04	+0.288
40.300	+3.696e+03	+5.933e+03	+1.078e+04	+0.616
40.400	+4.610e+03	+7.085e+03	+1.017e+04	+0.606
40.500	+3.157e+03	+6.682e+03	+9.693e+03	+0.679
40.600	+2.871e+03	+6.014e+03	+8.711e+03	+0.677
40.700	+2.646e+03	+6.287e+03	+1.067e+04	+0.704
40.800	+6.401e+03	+2.030e+03	+1.142e+04	+0.241
40.900	+6.912e+03	+3.259e+03	+1.042e+04	+0.320
41.000	+5.972e+03	+2.707e+03	+9.134e+03	+0.312
41.100	+5.849e+03	+3.077e+03	+9.832e+03	+0.345
41.200	+7.763e+03	+3.381e+03	+1.112e+04	+0.303
41.300	+6.882e+03	+2.568e+03	+8.943e+03	+0.272
41.400	+7.496e+03	+2.800e+03	+9.827e+03	+0.272
41.500	+4.689e+03	+7.502e+03	+1.060e+04	+0.615
41.600	+3.440e+03	+6.925e+03	+9.480e+03	+0.668
41.700	+2.448e+03	+6.446e+03	+9.358e+03	+0.725
41.800	+2.353e+03	+5.502e+03	+9.179e+03	+0.700
41.900	+4.299e+03	+7.481e+03	+9.611e+03	+0.635
42.000	+2.385e+03	+6.212e+03	+9.815e+03	+0.723
42.100	+3.131e+03	+7.552e+03	+9.772e+03	+0.707
42.200	+2.914e+03	+7.921e+03	+8.727e+03	+0.731
42.300	+3.621e+03	+7.392e+03	+9.896e+03	+0.671
42.400	+1.732e+03	+5.794e+03	+1.001e+04	+0.770
42.500	+3.230e+03	+6.132e+03	+1.004e+04	+0.655
42.600	+5.235e+03	+4.690e+03	+1.071e+04	+0.473
42.700	+8.799e+03	+3.350e+03	+8.846e+03	+0.276
42.800	+8.494e+03	+3.512e+03	+9.748e+03	+0.293
42.900	+8.607e+03	+3.907e+03	+9.791e+03	+0.312
43.000	+8.392e+03	+2.967e+03	+1.056e+04	+0.261
43.100	+7.658e+03	+3.035e+03	+1.088e+04	+0.284
43.200	+8.140e+03	+4.011e+03	+9.594e+03	+0.330
43.300	+7.386e+03	+3.441e+03	+8.383e+03	+0.318
43.400	+8.435e+03	+3.397e+03	+9.221e+03	+0.287
43.500	+5.991e+03	+3.277e+03	+9.506e+03	+0.354
43.600	+6.418e+03	+3.320e+03	+8.738e+03	+0.341
43.700	+6.521e+03	+3.597e+03	+9.126e+03	+0.355
43.800	+7.030e+03	+3.371e+03	+1.001e+04	+0.324
43.900	+4.757e+03	+6.294e+03	+1.084e+04	+0.570
44.000	+2.559e+03	+7.778e+03	+9.859e+03	+0.752
44.100	+1.769e+03	+6.938e+03	+1.055e+04	+0.797
44.200	+1.775e+03	+6.073e+03	+9.291e+03	+0.774
44.300	+3.341e+03	+7.278e+03	+9.594e+03	+0.685
44.400	+3.259e+03	+5.374e+03	+9.099e+03	+0.622
44.500	+2.718e+03	+5.792e+03	+1.050e+04	+0.681
44.600	+3.524e+03	+7.718e+03	+1.057e+04	+0.687
44.700	+3.487e+03	+7.265e+03	+9.239e+03	+0.676
44.800	+2.590e+03	+7.336e+03	+1.142e+04	+0.739
44.900	+2.633e+03	+5.311e+03	+9.663e+03	+0.669
45.000	+5.441e+03	+4.500e+03	+1.022e+04	+0.453
45.100	+6.317e+03	+2.595e+03	+9.286e+03	+0.291
45.200	+6.616e+03	+2.554e+03	+8.715e+03	+0.279
45.300	+6.214e+03	+2.548e+03	+9.066e+03	+0.291
45.400	+7.469e+03	+3.321e+03	+1.069e+04	+0.308
45.500	+7.913e+03	+3.158e+03	+1.048e+04	+0.285
45.600	+6.212e+03	+2.803e+03	+1.007e+04	+0.311
45.700	+7.046e+03	+3.171e+03	+1.026e+04	+0.310
45.800	+8.459e+03	+4.369e+03	+9.117e+03	+0.341
45.900	+7.913e+03	+1.954e+03	+9.597e+03	+0.198
46.000	+5.296e+03	+5.419e+03	+1.034e+04	+0.506
46.100	+2.733e+03	+6.241e+03	+8.960e+03	+0.695
46.200	+1.838e+03	+7.476e+03	+1.056e+04	+0.803
46.300	+2.390e+03	+5.848e+03	+1.066e+04	+0.710
46.400	+2.155e+03	+5.551e+03	+1.139e+04	+0.720
46.500	+2.726e+03	+6.137e+03	+1.036e+04	+0.692
46.600	+2.545e+03	+8.737e+03	+9.759e+03	+0.774
46.700	+3.802e+03	+5.809e+03	+1.043e+04	+0.604
46.800	+2.862e+03	+7.300e+03	+9.701e+03	+0.718
46.900	+3.086e+03	+7.945e+03	+1.095e+04	+0.720
47.000	+3.750e+03	+6.111e+03	+1.039e+04	+0.620
47.100	+2.926e+03	+6.705e+03	+8.772e+03	+0.696
47.200	+2.549e+03	+7.119e+03	+8.235e+03	+0.736
47.300	+2.947e+03	+6.585e+03	+8.845e+03	+0.691
47.400	+1.291e+03	+7.116e+03	+1.026e+04	+0.846
47.500	+3.465e+03	+8.209e+03	+1.119e+04	+0.703
47.600	+3.815e+03	+7.287e+03	+1.061e+04	+0.656
47.700	+1.778e+03	+7.563e+03	+9.122e+03	+0.810
47.800	+2.457e+03	+6.428e+03	+1.037e+04	+0.723
47.900	+3.938e+03	+6.398e+03	+9.953e+03	+0.619
48.000	+3.115e+03	+7.035e+03	+9.117e+03	+0.693
48.100	+5.261e+03	+7.570e+03	+9.575e+03	+0.590
48.200	+2.188e+03	+7.806e+03	+8.525e+03	+0.781
48.300	+2.572e+03	+5.880e+03	+1.013e+04	+0.696
48.400	+3.509e+03	+7.309e+03	+1.011e+04	+0.676
48.500	+3.022e+03	+7.212e+03	+1.084e+04	+0.705
48.600	+2.780e+03	+7.098e+03	+9.370e+03	+0.719
48.700	+3.356e+03	+7.129e+03	+9.560e+03	+0.680
48.800	+2.371e+03	+5.837e+03	+1.096e+04	+0.711
48.900	+2.330e+03	+8.547e+03	+9.677e+03	+0.786
49.000	+7.169e+03	+4.106e+03	+8.848e+03	+0.364
49.100	+7.914e+03	+2.825e+03	+1.109e+04	+0.263
49.200	+8.075e+03	+2.288e+03	+9.029e+03	+0.221
49.300	+7.875e+03	+2.814e+03	+8.456e+03	+0.263
49.400	+6.315e+03	+4.124e+03	+1.104e+04	+0.395
49.500	+5.884e+03	+2.563e+03	+9.795e+03	+0.303
49.600	+7.307e+03	+2.082e+03	+1.013e+04	+0.222
49.700	+7.175e+03	+2.711e+03	+9.693e+03	+0.274
49.800	+7.205e+03	+2.970e+03	+9.161e+03	+0.292
49.900	+6.829e+03	+3.929e+03	+9.148e+03	+0.365
50.000	+6.303e+03	+2.110e+03	+1.007e+04	+0.251
50.100	+6.621e+03	+3.071e+03	+1.022e+04	+0.317
50.200	+6.719e+03	+3.499e+03	+9.890e+03	+0.342
50.300	+7.112e+03	+3.917e+03	+1.010e+04	+0.355
50.400	+6.332e+03	+4.088e+03	+1.078e+04	+0.392
50.500	+8.063e+03	+3.441e+03	+9.870e+03	+0.299
50.600	+6.690e+03	+4.083e+03	+9.110e+03	+0.379
50.700	+4.906e+03	+4.822e+03	+9.299e+03	+0.496
50.800	+2.271e+03	+7.381e+03	+1.046e+04	+0.765
50.900	+2.670e+03	+8.405e+03	+8.753e+03	+0.759
51.000	+2.461e+03	+6.521e+03	+9.730e+03	+0.726
51.100	+3.317e+03	+6.905e+03	+1.039e+04	+0.676
51.200	+1.999e+03	+6.771e+03	+9.264e+03	+0.772
51.300	+3.908e+03	+6.050e+03	+1.087e+04	+0.608
51.400	+4.763e+03	+5.895e+03	+1.011e+04	+0.553
51.500	+4.552e+03	+8.520e+03	+1.027e+04	+0.652
51.600	+3.397e+03	+6.111e+03	+1.025e+04	+0.643
51.700	+2.626e+03	+7.421e+03	+8.517e+03	+0.739
51.800	+2.048e+03	+5.933e+03	+9.413e+03	+0.743
51.900	+1.439e+03	+6.634e+03	+8.829e+03	+0.822
52.000	+2.322e+03	+5.605e+03	+1.261e+04	+0.707
52.100	+1.344e+03	+6.435e+03	+1.018e+04	+0.827
52.200	+4.371e+03	+6.266e+03	+9.460e+03	+0.589
52.300	+5.324e+03	+3.833e+03	+1.161e+04	+0.419
52.400	+4.826e+03	+5.365e+03	+1.007e+04	+0.526
52.500	+4.190e+03	+4.977e+03	+9.943e+03	+0.543
52.600	+3.393e+03	+7.430e+03	+1.059e+04	+0.686
52.700	+3.503e+03	+5.597e+03	+8.873e+03	+0.615
52.800	+2.262e+03	+7.814e+03	+1.049e+04	+0.775
52.900	+2.833e+03	+5.429e+03	+8.643e+03	+0.657
53.000	+3.440e+03	+7.677e+03	+9.764e+03	+0.691
53.100	+3.036e+03	+6.012e+03	+1.015e+04	+0.664
53.200	+7.988e+03	+2.056e+03	+1.077e+04	+0.205
53.300	+5.575e+03	+3.923e+03	+9.665e+03	+0.413
53.400	+6.617e+03	+4.124e+03	+1.174e+04	+0.384
53.500	+6.264e+03	+2.791e+03	+9.618e+03	+0.308
53.600	+6.771e+03	+3.221e+03	+1.122e+04	+0.322
53.700	+6.270e+03	+3.826e+03	+1.001e+04	+0.379
53.800	+6.904e+03	+3.487e+03	+1.039e+04	+0.336
53.900	+7.217e+03	+3.473e+03	+1.006e+04	+0.325
54.000	+6.548e+03	+2.249e+03	+9.938e+03	+0.256
54.100	+6.566e+03	+2.156e+03	+8.678e+03	+0.247
54.200	+7.433e+03	+3.055e+03	+1.000e+04	+0.291
54.300	+6.319e+03	+1.024e+03	+1.035e+04	+0.139
54.400	+6.811e+03	+1.532e+03	+9.646e+03	+0.184
54.500	+4.679e+03	+4.886e+03	+9.620e+03	+0.511
54.600	+3.626e+03	+6.801e+03	+1.121e+04	+0.652
54.700	+2.450e+03	+6.512e+03	+9.406e+03	+0.727
54.800	+4.968e+03	+4.464e+03	+9.621e+03	+0.473
54.900	+6.736e+03	+4.281e+03	+9.708e+03	+0.389
55.000	+7.110e+03	+3.478e+02	+9.890e+03	+0.047
55.100	+4.898e+03	+5.809e+03	+1.019e+04	+0.543
55.200	+3.498e+03	+7.046e+03	+9.557e+03	+0.668
55.300	+6.097e+03	+3.952e+03	+1.114e+04	+0.393
55.400	+8.727e+03	+1.851e+03	+1.006e+04	+0.175
55.500	+7.173e+03	+3.934e+03	+9.314e+03	+0.354
55.600	+7.302e+03	+2.931e+03	+9.115e+03	+0.286
55.700	+6.984e+03	+3.498e+03	+1.075e+04	+0.334
55.800	+4.916e+03	+6.040e+03	+1.084e+04	+0.551
55.900	+3.966e+03	+8.603e+03	+8.401e+03	+0.684
56.000	+3.117e+03	+6.702e+03	+9.541e+03	+0.683
56.100	+2.704e+03	+6.857e+03	+1.184e+04	+0.717
56.200	+2.443e+03	+6.932e+03	+1.115e+04	+0.739
56.300	+3.124e+03	+6.356e+03	+1.108e+04	+0.670
56.400	+3.085e+03	+6.796e+03	+9.108e+03	+0.688
56.500	+3.222e+03	+7.120e+03	+9.996e+03	+0.688
56.600	+2.763e+03	+6.672e+03	+9.372e+03	+0.707
56.700	+2.904e+03	+6.035e+03	+1.024e+04	+0.675
56.800	+2.004e+03	+6.837e+03	+1.080e+04	+0.773
56.900	+2.597e+03	+6.597e+03	+1.006e+04	+0.718
57.000	+2.960e+03	+7.690e+03	+1.138e+04	+0.722
57.100	+3.888e+03	+6.439e+03	+9.671e+03	+0.624
57.200	+3.391e+03	+5.595e+03	+8.651e+03	+0.623
57.300	+4.260e+03	+7.406e+03	+9.719e+03	+0.635
57.400	+3.324e+03	+6.796e+03	+1.068e+04	+0.672
57.500	+3.216e+03	+6.306e+03	+1.028e+04	+0.662
57.600	+3.874e+03	+6.315e+03	+1.091e+04	+0.620
57.700	+1.847e+03	+7.307e+03	+1.056e+04	+0.798
57.800	+2.698e+03	+5.713e+03	+1.068e+04	+0.679
57.900	+2.187e+03	+7.046e+03	+9.442e+03	+0.763
58.000	+2.885e+03	+7.125e+03	+9.968e+03	+0.712
58.100	+2.249e+03	+6.619e+03	+1.088e+04	+0.746
58.200	+3.346e+03	+6.745e+03	+1.058e+04	+0.668
58.300	+2.765e+03	+7.646e+03	+1.053e+04	+0.734
58.400	+3.354e+03	+7.826e+03	+9.964e+03	+0.700
58.500	+3.603e+03	+7.270e+03	+1.068e+04	+0.669
58.600	+1.691e+03	+8.539e+03	+1.013e+04	+0.835
58.700	+7.118e+03	+2.490e+03	+9.219e+03	+0.259
58.800	+8.927e+03	+3.106e+03	+9.590e+03	+0.258
58.900	+6.031e+03	+3.156e+03	+1.113e+04	+0.344
59.000	+7.282e+03	+2.606e+03	+1.023e+04	+0.264
59.100	+4.182e+03	+5.055e+03	+9.933e+03	+0.547
59.200	+4.651e+03	+6.446e+03	+9.970e+03	+0.581
59.300	+2.678e+03	+7.411e+03	+1.009e+04	+0.735
59.400	+2.492e+03	+7.858e+03	+1.032e+04	+0.759
59.500	+1.391e+03	+8.013e+03	+9.798e+03	+0.852
59.600	+2.655e+03	+7.114e+03	+1.007e+04	+0.728
59.700	+5.061e+03	+6.642e+03	+8.147e+03	+0.568
59.800	+3.692e+03	+6.636e+03	+9.357e+03	+0.643
59.900	+7.715e+03	+3.709e+03	+1.010e+04	+0.325
60.000	+5.680e+03	+3.415e+03	+9.811e+03	+0.375
60.100	+5.451e+03	+2.740e+03	+9.473e+03	+0.335
60.200	+6.952e+03	+3.047e+03	+1.002e+04	+0.305
60.300	+6.902e+03	+9.578e+02	+1.001e+04	+0.122
60.400	+7.311e+03	+5.001e+03	+1.150e+04	+0.406
60.500	+7.257e+03	+3.635e+03	+1.009e+04	+0.334
60.600	+5.774e+03	+2.615e+03	+1.007e+04	+0.312
60.700	+5.569e+03	+2.040e+03	+9.975e+03	+0.268
60.800	+5.897e+03	+1.774e+03	+8.664e+03	+0.231
60.900	+6.230e+03	+3.753e+03	+1.073e+04	+0.376
61.000	+8.678e+03	+2.632e+03	+9.713e+03	+0.233
61.100	+6.485e+03	+2.327e+03	+9.862e+03	+0.264
61.200	+7.017e+03	+3.572e+03	+1.050e+04	+0.337
61.300	+6.628e+03	+1.789e+03	+1.005e+04	+0.213
61.400	+6.661e+03	+3.751e+03	+9.188e+03	+0.360
61.500	+8.057e+03	+3.444e+03	+9.754e+03	+0.299
61.600	+7.116e+03	+3.706e+03	+1.017e+04	+0.342
61.700	+6.848e+03	+4.142e+03	+9.694e+03	+0.377
61.800	+6.616e+03	+2.404e+03	+1.007e+04	+0.267
61.900	+6.172e+03	+2.079e+03	+1.122e+04	+0.252
62.000	+6.856e+03	+3.265e+03	+9.601e+03	+0.323
62.100	+8.040e+03	+2.849e+03	+1.044e+04	+0.262
62.200	+6.660e+03	+3.454e+03	+9.508e+03	+0.342
62.300	+7.505e+03	+3.354e+03	+1.032e+04	+0.309
62.400	+6.352e+03	+4.823e+03	+1.018e+04	+0.432
62.500	+3.714e+03	+7.075e+03	+8.413e+03	+0.656
62.600	+3.087e+03	+6.847e+03	+8.810e+03	+0.689
62.700	+3.345e+03	+6.122e+03	+1.215e+04	+0.647
62.800	+3.448e+03	+8.770e+03	+9.866e+03	+0.718
62.900	+2.311e+03	+5.789e+03	+9.638e+03	+0.715
63.000	+2.076e+03	+8.106e+03	+9.498e+03	+0.796
63.100	+2.547e+03	+6.856e+03	+9.865e+03	+0.729
63.200	+3.606e+03	+8.277e+03	+9.998e+03	+0.697
63.300	+6.996e+03	+3.521e+03	+1.010e+04	+0.335
63.400	+6.482e+03	+2.650e+03	+8.915e+03	+0.290
63.500	+6.006e+03	+3.325e+03	+8.715e+03	+0.356
63.600	+7.144e+03	+1.671e+03	+8.235e+03	+0.190
63.700	+5.373e+03	+2.961e+03	+9.006e+03	+0.355
63.800	+7.348e+03	+3.146e+03	+1.009e+04	+0.300
63.900	+7.587e+03	+2.835e+03	+9.024e+03	+0.272
64.000	+7.292e+03	+3.192e+03	+9.612e+03	+0.304
64.100	+5.964e+03	+3.922e+03	+9.491e+03	+0.397
64.200	+7.688e+03	+2.580e+03	+1.113e+04	+0.251
64.300	+5.349e+03	+5.047e+03	+9.487e+03	+0.485
64.400	+3.493e+03	+7.667e+03	+1.042e+04	+0.687
64.500	+4.431e+03	+7.174e+03	+9.886e+03	+0.618
64.600	+6.407e+03	+3.832e+03	+9.149e+03	+0.374
64.700	+7.126e+03	+2.928e+03	+1.057e+04	+0.291
64.800	+3.304e+03	+5.937e+03	+8.973e+03	+0.642
64.900	+3.683e+03	+7.962e+03	+1.098e+04	+0.684
65.000	+3.021e+03	+6.962e+03	+8.978e+03	+0.697
65.100	+4.104e+03	+6.187e+03	+1.036e+04	+0.601
65.200	+3.033e+03	+7.214e+03	+1.032e+04	+0.704
65.300	+3.194e+03	+6.649e+03	+8.728e+03	+0.676
65.400	+2.619e+03	+7.644e+03	+1.092e+04	+0.745
65.500	+1.612e+03	+7.128e+03	+1.023e+04	+0.816
65.600	+3.272e+03	+7.407e+03	+8.539e+03	+0.694
65.700	+3.169e+03	+6.565e+03	+1.133e+04	+0.674
65.800	+3.349e+03	+7.302e+03	+9.152e+03	+0.686
65.900	+2.949e+03	+6.397e+03	+9.497e+03	+0.684
66.000	+2.706e+03	+6.870e+03	+1.012e+04	+0.717
66.100	+1.945e+03	+6.189e+03	+9.659e+03	+0.761
66.200	+1.224e+03	+6.923e+03	+9.156e+03	+0.850
66.300	+1.074e+03	+7.806e+03	+1.107e+04	+0.879
66.400	+2.861e+03	+7.067e+03	+8.947e+03	+0.712
66.500	+5.150e+03	+5.833e+03	+9.897e+03	+0.531
66.600	+3.824e+03	+6.277e+03	+8.683e+03	+0.621
66.700	+3.024e+03	+7.178e+03	+9.426e+03	+0.704
66.800	+3.478e+03	+5.265e+03	+9.495e+03	+0.602
66.900	+1.523e+03	+6.365e+03	+9.371e+03	+0.807
67.000	+2.816e+03	+6.868e+03	+1.067e+04	+0.709
67.100	+3.606e+03	+6.207e+03	+1.028e+04	+0.633
67.200	+2.906e+03	+6.792e+03	+9.697e+03	+0.700
67.300	+4.881e+03	+7.566e+03	+9.358e+03	+0.608
67.400	+4.153e+03	+6.400e+03	+1.010e+04	+0.606
67.500	+3.124e+03	+7.093e+03	+9.226e+03	+0.694
67.600	+2.994e+03	+6.567e+03	+1.094e+04	+0.687
67.700	+3.852e+03	+4.395e+03	+9.909e+03	+0.533
67.800	+3.315e+03	+7.499e+03	+9.413e+03	+0.693
67.900	+2.490e+03	+7.246e+03	+1.055e+04	+0.744
68.000	+2.982e+03	+7.673e+03	+8.975e+03	+0.720
68.100	+3.608e+03	+6.178e+03	+9.368e+03	+0.631
68.200	+3.055e+03	+7.337e+03	+1.110e+04	+0.706
68.300	+2.820e+03	+6.572e+03	+9.609e+03	+0.700
68.400	+3.421e+03	+6.905e+03	+1.034e+04	+0.669
68.500	+5.476e+03	+4.231e+03	+9.482e+03	+0.436
68.600	+5.032e+03	+5.417e+03	+8.833e+03	+0.518
68.700	+5.431e+03	+4.683e+03	+1.001e+04	+0.463
68.800	+6.843e+03	+3.778e+03	+1.012e+04	+0.356
68.900	+7.448e+03	+4.735e+03	+1.110e+04	+0.389
69.000	+6.620e+03	+2.948e+03	+1.120e+04	+0.308
69.100	+8.205e+03	+2.697e+03	+1.036e+04	+0.247
69.200	+7.357e+03	+3.325e+03	+1.065e+04	+0.311
69.300	+7.661e+03	+2.024e+03	+9.797e+03	+0.209
69.400	+6.424e+03	+2.856e+03	+8.806e+03	+0.308
69.500	+7.099e+03	+2.978e+03	+1.121e+04	+0.296
69.600	+8.288e+03	+2.887e+03	+9.127e+03	+0.258
69.700	+8.085e+03	+2.516e+03	+1.058e+04	+0.237
69.800	+7.447e+03	+3.213e+03	+1.055e+04	+0.301
69.900	+7.521e+03	+3.019e+03	+9.897e+03	+0.286
70.000	+5.733e+03	+3.064e+03	+1.089e+04	+0.348
70.100	+6.081e+03	+3.761e+03	+9.715e+03	+0.382
70.200	+6.884e+03	+2.218e+03	+1.120e+04	+0.244
70.300	+7.426e+03	+2.071e+03	+1.022e+04	+0.218
70.400	+6.797e+03	+1.687e+03	+1.046e+04	+0.199
70.500	+7.470e+03	+2.647e+03	+9.635e+03	+0.262
70.600	+5.865e+03	+3.670e+03	+9.824e+03	+0.385
70.700	+6.204e+03	+2.973e+03	+8.246e+03	+0.324
70.800	+5.378e+03	+2.899e+03	+8.802e+03	+0.350
70.900	+8.520e+03	+3.343e+03	+1.101e+04	+0.282
71.000	+4.585e+03	+3.575e+03	+1.005e+04	+0.438
71.100	+3.293e+03	+6.526e+03	+1.065e+04	+0.665
71.200	+3.577e+03	+7.630e+03	+9.972e+03	+0.681
71.300	+3.002e+03	+7.034e+03	+9.545e+03	+0.701
71.400	+3.208e+03	+7.318e+03	+9.083e+03	+0.695
71.500	+3.024e+03	+7.730e+03	+9.833e+03	+0.719
71.600	+2.531e+03	+8.079e+03	+1.026e+04	+0.761
71.700	+3.196e+03	+7.169e+03	+9.959e+03	+0.692
71.800	+3.372e+03	+7.312e+03	+1.017e+04	+0.684
71.900	+3.988e+03	+7.310e+03	+1.051e+04	+0.647
72.000	+3.288e+03	+7.404e+03	+1.046e+04	+0.692
72.100	+3.046e+03	+6.678e+03	+1.121e+04	+0.687
72.200	+1.659e+03	+6.491e+03	+8.998e+03	+0.796
72.300	+3.249e+03	+7.853e+03	+1.031e+04	+0.707
72.400	+1.809e+03	+8.194e+03	+9.522e+03	+0.819
72.500	+2.502e+03	+8.558e+03	+9.683e+03	+0.774
72.600	+2.659e+03	+6.681e+03	+1.037e+04	+0.715
72.700	+3.250e+03	+6.584e+03	+1.037e+04	+0.670
72.800	+3.457e+03	+6.588e+03	+1.042e+04	+0.656
72.900	+3.157e+03	+5.461e+03	+1.145e+04	+0.634
73.000	+3.448e+03	+6.983e+03	+8.798e+03	+0.669
73.100	+4.886e+02	+5.258e+03	+9.898e+03	+0.915
73.200	+3.720e+03	+6.639e+03	+8.587e+03	+0.641
73.300	+2.510e+03	+6.849e+03	+1.046e+04	+0.732
73.400	+3.221e+03	+7.948e+03	+8.938e+03	+0.712
73.500	+2.371e+03	+7.231e+03	+9.267e+03	+0.753
73.600	+3.410e+03	+7.424e+03	+1.205e+04	+0.685
73.700	+3.331e+03	+7.724e+03	+9.219e+03	+0.699
73.800	+3.598e+03	+7.698e+03	+1.060e+04	+0.681
73.900	+3.697e+03	+7.436e+03	+8.995e+03	+0.668
74.000	+2.939e+03	+6.604e+03	+9.005e+03	+0.692
74.100	+3.483e+03	+7.288e+03	+1.022e+04	+0.677
74.200	+4.772e+03	+6.451e+03	+1.031e+04	+0.575
74.300	+5.942e+03	+3.433e+03	+8.983e+03	+0.366
74.400	+5.276e+03	+4.332e+03	+1.050e+04	+0.451
74.500	+4.453e+03	+4.835e+03	+1.109e+04	+0.521
74.600	+3.361e+03	+7.083e+03	+1.022e+04	+0.678
74.700	+4.091e+03	+6.306e+03	+1.017e+04	+0.607
74.800	+3.179e+03	+8.344e+03	+1.000e+04	+0.724
74.900	+2.977e+03	+6.563e+03	+1.024e+04	+0.688
75.000	+4.095e+03	+6.804e+03	+1.070e+04	+0.624
75.100	+3.494e+03	+7.109e+03	+9.377e+03	+0.670
75.200	+2.316e+03	+6.222e+03	+9.843e+03	+0.729
75.300	+2.618e+03	+7.483e+03	+1.024e+04	+0.741
75.400	+1.657e+03	+7.726e+03	+9.877e+03	+0.823
75.500	+2.633e+03	+9.044e+03	+9.877e+03	+0.774
75.600	+3.072e+03	+7.035e+03	+9.737e+03	+0.696
75.700	+3.183e+03	+7.906e+03	+1.010e+04	+0.713
75.800	+1.703e+03	+6.177e+03	+1.032e+04	+0.784
75.900	+2.544e+03	+7.076e+03	+1.067e+04	+0.736
76.000	+3.259e+03	+5.643e+03	+1.032e+04	+0.634
76.100	+3.393e+03	+7.196e+03	+8.969e+03	+0.680
76.200	+3.641e+03	+7.112e+03	+1.055e+04	+0.661
76.300	+2.687e+03	+6.867e+03	+1.036e+04	+0.719
76.400	+3.220e+03	+7.078e+03	+1.058e+04	+0.687
76.500	+3.398e+03	+6.979e+03	+1.151e+04	+0.673
76.600	+3.787e+03	+6.156e+03	+8.965e+03	+0.619
76.700	+1.887e+03	+7.536e+03	+1.037e+04	+0.800
76.800	+2.811e+03	+8.515e+03	+1.016e+04	+0.752
76.900	+3.639e+03	+6.375e+03	+1.033e+04	+0.637
77.000	+2.338e+03	+7.604e+03	+8.864e+03	+0.765
77.100	+2.292e+03	+6.126e+03	+1.052e+04	+0.728
77.200	+2.060e+03	+7.067e+03	+1.073e+04	+0.774
77.300	+3.491e+03	+5.897e+03	+9.292e+03	+0.628
77.400	+4.371e+03	+5.111e+03	+1.067e+04	+0.539
77.500	+2.587e+03	+7.176e+03	+9.152e+03	+0.735
77.600	+4.082e+03	+7.892e+03	+9.723e+03	+0.659
77.700	+3.442e+03	+6.698e+03	+1.021e+04	+0.661
77.800	+2.446e+03	+6.579e+03	+9.678e+03	+0.729
77.900	+3.157e+03	+7.884e+03	+9.895e+03	+0.714
78.000	+3.485e+03	+6.149e+03	+1.151e+04	+0.638
78.100	+2.507e+03	+7.341e+03	+9.108e+03	+0.745
78.200	+2.863e+03	+7.471e+03	+1.053e+04	+0.723
78.300	+3.411e+03	+5.607e+03	+9.943e+03	+0.622
78.400	+2.685e+03	+6.419e+03	+9.565e+03	+0.705
78.500	+3.010e+03	+7.741e+03	+9.751e+03	+0.720
78.600	+2.468e+03	+6.795e+03	+1.162e+04	+0.734
78.700	+3.076e+03	+6.317e+03	+1.146e+04	+0.673
78.800	+3.808e+03	+5.888e+03	+8.937e+03	+0.607
78.900	+3.194e+03	+6.561e+03	+9.478e+03	+0.673
79.000	+2.003e+03	+8.578e+03	+1.064e+04	+0.811
79.100	+2.867e+03	+7.484e+03	+9.683e+03	+0.723
79.200	+4.091e+03	+7.849e+03	+9.231e+03	+0.657
79.300	+2.418e+03	+7.724e+03	+9.830e+03	+0.762
79.400	+2.385e+03	+7.428e+03	+1.063e+04	+0.757
79.500	+3.264e+03	+6.474e+03	+1.007e+04	+0.665
79.600	+2.542e+03	+7.138e+03	+1.038e+04	+0.737
79.700	+2.181e+03	+5.830e+03	+9.094e+03	+0.728
79.800	+6.078e+03	+2.622e+03	+9.321e+03	+0.301
79.900	+4.877e+03	+5.026e+03	+9.527e+03	+0.508
80.000	+2.034e+03	+9.174e+03	+9.508e+03	+0.819
80.100	+2.257e+03	+7.399e+03	+9.362e+03	+0.766
80.200	+2.710e+03	+7.665e+03	+1.019e+04	+0.739
80.300	+3.993e+03	+6.415e+03	+8.473e+03	+0.616
80.400	+2.825e+03	+6.960e+03	+1.023e+04	+0.711
80.500	+2.026e+03	+6.791e+03	+9.014e+03	+0.770
80.600	+3.590e+03	+7.652e+03	+8.745e+03	+0.681
80.700	+3.584e+03	+5.867e+03	+9.579e+03	+0.621
80.800	+2.667e+03	+7.148e+03	+1.055e+04	+0.728
80.900	+1.969e+03	+6.806e+03	+1.083e+04	+0.776
81.000	+2.867e+03	+6.944e+03	+9.729e+03	+0.708
81.100	+2.204e+03	+6.501e+03	+1.043e+04	+0.747
81.200	+3.826e+03	+6.427e+03	+9.304e+03	+0.627
81.300	+5.083e+03	+4.075e+03	+9.573e+03	+0.445
81.400	+4.967e+03	+5.034e+03	+1.002e+04	+0.503
81.500	+3.721e+03	+6.461e+03	+8.487e+03	+0.635
81.600	+1.967e+03	+7.105e+03	+1.063e+04	+0.783
81.700	+2.862e+03	+5.988e+03	+9.575e+03	+0.677
81.800	+1.897e+03	+7.544e+03	+1.129e+04	+0.799
81.900	+2.822e+03	+6.628e+03	+9.740e+03	+0.701
82.000	+3.741e+03	+5.344e+03	+9.009e+03	+0.588
82.100	+3.610e+03	+5.472e+03	+1.057e+04	+0.603
82.200	+2.359e+03	+7.305e+03	+1.005e+04	+0.756
82.300	+5.564e+03	+4.916e+03	+1.035e+04	+0.469
82.400	+5.612e+03	+3.629e+03	+8.999e+03	+0.393
82.500	+5.564e+03	+3.155e+03	+9.560e+03	+0.362
82.600	+5.522e+03	+3.246e+03	+1.103e+04	+0.370
82.700	+7.217e+03	+1.986e+03	+9.634e+03	+0.216
82.800	+7.881e+03	+4.761e+03	+9.986e+03	+0.377
82.900	+6.967e+03	+2.294e+03	+9.734e+03	+0.248
83.000	+7.412e+03	+3.937e+03	+1.047e+04	+0.347
83.100	+7.847e+03	+3.461e+03	+1.136e+04	+0.306
83.200	+6.166e+03	+3.910e+03	+8.861e+03	+0.388
83.300	+7.210e+03	+3.241e+03	+1.010e+04	+0.310
83.400	+6.289e+03	+3.238e+03	+1.060e+04	+0.340
83.500	+7.151e+03	+2.651e+03	+1.125e+04	+0.271
83.600	+7.880e+03	+3.524e+03	+9.954e+03	+0.309
83.700	+8.247e+03	+4.598e+03	+1.025e+04	+0.358
83.800	+7.155e+03	+3.833e+03	+1.001e+04	+0.349
83.900	+6.249e+03	+3.722e+03	+9.606e+03	+0.373
84.000	+6.776e+03	+4.137e+03	+9.422e+03	+0.379
84.100	+6.603e+03	+4.008e+03	+8.989e+03	+0.378
84.200	+7.564e+03	+2.459e+03	+9.282e+03	+0.245
84.300	+6.100e+03	+2.769e+03	+1.125e+04	+0.312
84.400	+6.196e+03	+4.223e+03	+9.539e+03	+0.405
84.500	+5.908e+03	+2.307e+03	+1.027e+04	+0.281
84.600	+8.241e+03	+1.440e+03	+9.779e+03	+0.149
84.700	+8.020e+03	+3.072e+03	+9.693e+03	+0.277
84.800	+7.259e+03	+3.536e+03	+9.659e+03	+0.328
84.900	+8.180e+03	+1.792e+03	+9.766e+03	+0.180
85.000	+7.296e+03	+4.736e+03	+9.555e+03	+0.394
85.100	+5.181e+03	+2.331e+03	+1.008e+04	+0.310
85.200	+6.533e+03	+2.274e+03	+9.662e+03	+0.258
85.300	+5.781e+03	+3.569e+03	+9.971e+03	+0.382
85.400	+8.637e+03	+2.355e+03	+8.708e+03	+0.214
85.500	+7.423e+03	+2.311e+03	+1.076e+04	+0.237
85.600	+7.727e+03	+4.176e+03	+9.049e+03	+0.351
85.700	+9.436e+03	+3.441e+03	+1.014e+04	+0.267
85.800	+6.830e+03	+4.207e+03	+1.042e+04	+0.381
85.900	+7.856e+03	+2.254e+03	+1.076e+04	+0.223
86.000	+6.624e+03	+8.006e+02	+1.057e+04	+0.108
86.100	+5.776e+03	+3.470e+03	+1.117e+04	+0.375
86.200	+7.405e+03	+3.216e+03	+1.073e+04	+0.303
86.300	+6.646e+03	+3.110e+03	+1.073e+04	+0.319
86.400	+3.278e+03	+5.869e+03	+1.058e+04	+0.642
86.500	+3.041e+03	+7.346e+03	+9.844e+03	+0.707
86.600	+2.462e+03	+8.024e+03	+8.799e+03	+0.765
86.700	+2.967e+03	+5.881e+03	+9.897e+03	+0.665
86.800	+3.196e+03	+6.601e+03	+1.024e+04	+0.674
86.900	+2.748e+03	+6.850e+03	+9.358e+03	+0.714
87.000	+3.131e+03	+7.053e+03	+8.965e+03	+0.693
87.100	+3.735e+03	+8.090e+03	+9.749e+03	+0.684
87.200	+9.224e+02	+6.430e+03	+1.035e+04	+0.875
87.300	+2.226e+03	+7.161e+03	+9.859e+03	+0.763
87.400	+3.894e+03	+6.892e+03	+1.109e+04	+0.639
87.500	+4.345e+03	+7.276e+03	+9.969e+03	+0.626
87.600	+3.409e+03	+6.233e+03	+1.027e+04	+0.646
87.700	+3.595e+03	+6.236e+03	+1.003e+04	+0.634
87.800	+3.232e+03	+6.533e+03	+8.950e+03	+0.669
87.900	+2.954e+03	+5.845e+03	+1.049e+04	+0.664
88.000	+2.771e+03	+8.066e+03	+9.490e+03	+0.744
88.100	+4.929e+03	+5.273e+03	+9.349e+03	+0.517
88.200	+6.752e+03	+4.759e+03	+1.090e+04	+0.413
88.300	+7.854e+03	+2.509e+03	+1.019e+04	+0.242
88.400	+8.037e+03	+2.285e+03	+9.056e+03	+0.221
88.500	+6.726e+03	+4.155e+03	+8.350e+03	+0.382
88.600	+8.396e+03	+1.842e+03	+1.002e+04	+0.180
88.700	+6.527e+03	+4.885e+03	+1.008e+04	+0.428
88.800	+6.620e+03	+3.853e+03	+9.181e+03	+0.368
88.900	+7.669e+03	+3.285e+03	+9.507e+03	+0.300
89.000	+7.775e+03	+3.540e+03	+9.295e+03	+0.313
89.100	+6.364e+03	+4.339e+03	+9.650e+03	+0.405
89.200	+4.278e+03	+7.510e+03	+8.479e+03	+0.637
89.300	+6.333e+03	+4.013e+03	+1.081e+04	+0.388
89.400	+7.358e+03	+3.294e+03	+1.059e+04	+0.309
89.500	+6.884e+03	+2.093e+03	+1.089e+04	+0.233
89.600	+5.995e+03	+2.569e+03	+1.062e+04	+0.300
89.700	+7.124e+03	+2.863e+03	+8.811e+03	+0.287
89.800	+6.909e+03	+3.199e+03	+9.846e+03	+0.316
89.900	+7.531e+03	+3.111e+03	+1.042e+04	+0.292
90.000	+7.064e+03	+2.930e+03	+9.008e+03	+0.293
90.100	+7.204e+03	+2.982e+03	+9.634e+03	+0.293
90.200	+6.585e+03	+3.717e+03	+1.004e+04	+0.361
