%t (s)	Idd (a.u.)	Ida (a.u.)	Iaa (a.u.)	FRET E
0.000	+7.357e+03	+4.023e+03	+1.011e+04	+0.354
0.100	+7.706e+03	+4.815e+03	+8.696e+03	+0.385
0.200	+6.095e+03	+2.367e+03	+9.224e+03	+0.280
0.300	+7.627e+03	+4.122e+03	+1.046e+04	+0.351
0.400	+8.477e+03	+2.453e+03	+1.128e+04	+0.224
0.500	+6.552e+03	+2.638e+03	+9.990e+03	+0.287
0.600	+6.629e+03	+2.060e+03	+1.012e+04	+0.237
0.700	+7.919e+03	+2.638e+03	+1.005e+04	+0.250
0.800	+6.678e+03	+2.839e+03	+8.245e+03	+0.298
0.900	+6.737e+03	+2.466e+03	+8.922e+03	+0.268
1.000	+5.708e+03	+2.689e+03	+9.905e+03	+0.320
1.100	+5.601e+03	+1.561e+03	+9.356e+03	+0.218
1.200	+6.726e+03	+2.184e+03	+9.753e+03	+0.245
1.300	+7.936e+03	+3.715e+03	+1.068e+04	+0.319
1.400	+7.418e+03	+3.055e+03	+9.251e+03	+0.292
1.500	+5.375e+03	+3.389e+03	+9.691e+03	+0.387
1.600	+6.562e+03	+4.676e+03	+1.024e+04	+0.416
1.700	+5.106e+03	+5.514e+03	+8.710e+03	+0.519
1.800	+7.496e+03	+2.355e+03	+1.268e+04	+0.239
1.900	+7.872e+03	+2.575e+03	+1.033e+04	+0.247
2.000	+6.882e+03	+2.934e+03	+9.987e+03	+0.299
2.100	+7.137e+03	+3.648e+03	+1.013e+04	+0.338
2.200	+8.578e+03	+3.202e+03	+1.121e+04	+0.272
2.300	+8.243e+03	+3.442e+03	+1.016e+04	+0.295
2.400	+5.713e+03	+1.889e+03	+9.155e+03	+0.248
2.500	+4.322e+03	+4.923e+03	+1.021e+04	+0.533
2.600	+3.427e+03	+5.699e+03	+9.803e+03	+0.624
2.700	+3.327e+03	+7.449e+03	+1.050e+04	+0.691
2.800	+2.335e+03	+7.813e+03	+1.066e+04	+0.770
2.900	+2.520e+03	+8.006e+03	+9.172e+03	+0.761
3.000	+4.019e+03	+8.557e+03	+9.483e+03	+0.680
3.100	+3.390e+03	+7.581e+03	+1.073e+04	+0.691
3.200	+2.353e+03	+7.574e+03	+1.036e+04	+0.763
3.300	+3.179e+03	+6.120e+03	+1.049e+04	+0.658
3.400	+3.863e+03	+7.346e+03	+1.054e+04	+0.655
3.500	+3.006e+03	+7.282e+03	+9.693e+03	+0.708
3.600	+3.773e+03	+7.996e+03	+9.674e+03	+0.679
3.700	+1.963e+03	+6.232e+03	+1.125e+04	+0.760
3.800	+2.933e+03	+6.942e+03	+9.965e+03	+0.703
3.900	+3.326e+03	+8.518e+03	+9.818e+03	+0.719
4.000	+3.462e+03	+7.236e+03	+9.519e+03	+0.676
4.100	+1.749e+03	+7.446e+03	+9.111e+03	+0.810
4.200	+4.158e+03	+7.192e+03	+8.567e+03	+0.634
4.300	+3.713e+03	+6.428e+03	+1.173e+04	+0.634
4.400	+2.042e+03	+7.173e+03	+1.040e+04	+0.778
4.500	+2.393e+03	+6.499e+03	+1.054e+04	+0.731
4.600	+3.032e+03	+7.320e+03	+9.833e+03	+0.707
4.700	+3.115e+03	+7.667e+03	+9.598e+03	+0.711
4.800	+2.689e+03	+7.350e+03	+9.430e+03	+0.732
4.900	+3.122e+03	+6.768e+03	+8.444e+03	+0.684
5.000	+3.499e+03	+6.200e+03	+1.096e+04	+0.639
5.100	+2.365e+03	+8.984e+03	+1.019e+04	+0.792
5.200	+3.055e+03	+7.791e+03	+9.934e+03	+0.718
5.300	+3.059e+03	+6.603e+03	+1.068e+04	+0.683
5.400	+3.304e+03	+8.580e+03	+7.875e+03	+0.722
5.500	+2.826e+03	+6.777e+03	+1.123e+04	+0.706
5.600	+2.495e+03	+6.091e+03	+9.648e+03	+0.709
5.700	+3.767e+03	+6.978e+03	+9.315e+03	+0.649
5.800	+3.017e+03	+5.362e+03	+1.062e+04	+0.640
5.900	+3.083e+03	+8.815e+03	+1.064e+04	+0.741
6.000	+2.606e+03	+6.952e+03	+8.702e+03	+0.727
6.100	+1.728e+03	+6.298e+03	+9.840e+03	+0.785
6.200	+2.942e+03	+6.127e+03	+1.060e+04	+0.676
6.300	+3.099e+03	+6.996e+03	+9.612e+03	+0.693
6.400	+6.228e+03	+4.768e+03	+9.391e+03	+0.434
6.500	+5.868e+03	+3.305e+03	+1.012e+04	+0.360
6.600	+3.175e+03	+7.278e+03	+9.833e+03	+0.696
6.700	+2.361e+03	+7.245e+03	+9.647e+03	+0.754
6.800	+2.486e+03	+7.392e+03	+9.242e+03	+0.748
6.900	+2.855e+03	+6.418e+03	+1.075e+04	+0.692
7.000	+3.451e+03	+7.394e+03	+1.015e+04	+0.682
7.100	+2.903e+03	+7.318e+03	+1.029e+04	+0.716
7.200	+2.408e+03	+6.713e+03	+1.028e+04	+0.736
7.300	+3.100e+03	+6.434e+03	+9.459e+03	+0.675
7.400	+3.877e+03	+6.776e+03	+1.138e+04	+0.636
7.500	+3.154e+03	+7.221e+03	+1.103e+04	+0.696
7.600	+2.889e+03	+7.603e+03	+9.469e+03	+0.725
7.700	+2.153e+03	+6.173e+03	+9.626e+03	+0.741
7.800	+4.060e+03	+7.362e+03	+9.741e+03	+0.645
7.900	+4.333e+03	+8.276e+03	+1.017e+04	+0.656
8.000	+1.404e+03	+7.101e+03	+1.113e+04	+0.835
8.100	+2.495e+03	+5.364e+03	+1.043e+04	+0.683
8.200	+4.223e+03	+7.290e+03	+9.062e+03	+0.633
8.300	+3.093e+03	+6.593e+03	+9.954e+03	+0.681
8.400	+2.340e+03	+7.531e+03	+9.918e+03	+0.763
8.500	+3.852e+03	+8.196e+03	+9.831e+03	+0.680
8.600	+3.968e+03	+7.924e+03	+9.358e+03	+0.666
8.700	+5.092e+03	+5.539e+03	+9.388e+03	+0.521
8.800	+6.170e+03	+2.778e+03	+8.708e+03	+0.311
8.900	+7.710e+03	+2.799e+03	+8.028e+03	+0.266
9.000	+7.008e+03	+3.515e+03	+9.104e+03	+0.334
9.100	+6.665e+03	+3.988e+03	+1.004e+04	+0.374
9.200	+8.074e+03	+2.812e+03	+9.751e+03	+0.258
9.300	+6.332e+03	+3.300e+03	+9.879e+03	+0.343
9.400	+6.934e+03	+2.898e+03	+1.087e+04	+0.295
9.500	+5.540e+03	+3.739e+03	+9.041e+03	+0.403
9.600	+2.243e+03	+7.432e+03	+8.583e+03	+0.768
9.700	+3.406e+03	+8.171e+03	+1.082e+04	+0.706
9.800	+1.608e+03	+7.870e+03	+1.015e+04	+0.830
9.900	+2.284e+03	+8.631e+03	+1.038e+04	+0.791
10.000	+4.116e+03	+8.054e+03	+9.210e+03	+0.662
10.100	+4.993e+03	+5.352e+03	+1.063e+04	+0.517
10.200	+7.270e+03	+3.298e+03	+9.318e+03	+0.312
10.300	+8.403e+03	+2.656e+03	+1.014e+04	+0.240
10.400	+6.522e+03	+3.779e+03	+1.014e+04	+0.367
10.500	+5.645e+03	+2.775e+03	+9.386e+03	+0.330
10.600	+6.922e+03	+2.215e+03	+1.065e+04	+0.242
10.700	+6.414e+03	+2.035e+03	+9.451e+03	+0.241
10.800	+6.283e+03	+4.486e+03	+1.142e+04	+0.417
10.900	+7.491e+03	+2.422e+03	+9.384e+03	+0.244
11.000	+6.574e+03	+3.076e+03	+9.824e+03	+0.319
11.100	+8.082e+03	+1.501e+03	+9.372e+03	+0.157
11.200	+6.963e+03	+2.694e+03	+1.141e+04	+0.279
11.300	+7.320e+03	+2.438e+03	+9.931e+03	+0.250
11.400	+3.934e+03	+4.953e+03	+9.047e+03	+0.557
11.500	+3.005e+03	+6.367e+03	+9.279e+03	+0.679
11.600	+2.413e+03	+7.038e+03	+8.892e+03	+0.745
11.700	+2.974e+03	+6.444e+03	+9.621e+03	+0.684
11.800	+3.347e+03	+7.124e+03	+9.404e+03	+0.680
11.900	+2.022e+03	+8.210e+03	+1.022e+04	+0.802
12.000	+3.453e+03	+6.997e+03	+9.166e+03	+0.670
12.100	+3.287e+03	+6.705e+03	+9.965e+03	+0.671
12.200	+3.143e+03	+5.534e+03	+8.382e+03	+0.638
12.300	+2.741e+03	+6.462e+03	+1.173e+04	+0.702
12.400	+2.938e+03	+6.907e+03	+9.213e+03	+0.702
12.500	+3.538e+03	+7.695e+03	+9.756e+03	+0.685
12.600	+4.165e+03	+6.359e+03	+8.395e+03	+0.604
12.700	+1.752e+03	+6.131e+03	+1.019e+04	+0.778
12.800	+2.289e+03	+6.741e+03	+9.891e+03	+0.746
12.900	+2.596e+03	+8.202e+03	+1.076e+04	+0.760
13.000	+2.839e+03	+7.285e+03	+9.533e+03	+0.720
13.100	+3.024e+03	+6.358e+03	+1.203e+04	+0.678
13.200	+2.441e+03	+8.202e+03	+7.547e+03	+0.771
13.300	+2.649e+03	+6.787e+03	+1.126e+04	+0.719
13.400	+3.570e+03	+5.115e+03	+9.949e+03	+0.589
13.500	+6.753e+03	+1.551e+03	+1.107e+04	+0.187
13.600	+7.377e+03	+2.331e+03	+1.025e+04	+0.240
13.700	+7.089e+03	+3.104e+03	+9.533e+03	+0.305
13.800	+7.055e+03	+3.283e+03	+1.085e+04	+0.318
13.900	+6.877e+03	+1.033e+03	+1.088e+04	+0.131
14.000	+6.557e+03	+1.754e+03	+9.500e+03	+0.211
14.100	+6.890e+03	+3.022e+03	+1.048e+04	+0.305
14.200	+6.662e+03	+4.266e+03	+9.353e+03	+0.390
14.300	+3.888e+03	+7.904e+03	+1.062e+04	+0.670
14.400	+3.532e+03	+6.602e+03	+9.705e+03	+0.652
14.500	+3.531e+03	+6.021e+03	+9.780e+03	+0.630
14.600	+3.204e+03	+6.898e+03	+1.108e+04	+0.683
14.700	+3.683e+03	+6.610e+03	+1.031e+04	+0.642
14.800	+3.864e+03	+7.262e+03	+9.287e+03	+0.653
14.900	+3.650e+03	+7.624e+03	+1.109e+04	+0.676
15.000	+3.286e+03	+6.543e+03	+1.177e+04	+0.666
15.100	+2.897e+03	+7.674e+03	+9.800e+03	+0.726
15.200	+2.499e+03	+8.189e+03	+9.671e+03	+0.766
15.300	+3.717e+03	+9.156e+03	+8.664e+03	+0.711
15.400	+2.851e+03	+8.099e+03	+9.152e+03	+0.740
15.500	+2.052e+03	+7.433e+03	+1.059e+04	+0.784
15.600	+2.777e+03	+7.047e+03	+1.018e+04	+0.717
15.700	+4.279e+03	+5.318e+03	+1.007e+04	+0.554
15.800	+6.565e+03	+3.492e+03	+1.016e+04	+0.347
15.900	+7.253e+03	+2.909e+03	+1.107e+04	+0.286
16.000	+8.276e+03	+3.145e+03	+9.432e+03	+0.275
16.100	+6.634e+03	+3.808e+03	+9.126e+03	+0.365
16.200	+6.898e+03	+3.288e+03	+9.501e+03	+0.323
16.300	+6.266e+03	+2.267e+03	+1.047e+04	+0.266
16.400	+6.353e+03	+2.570e+03	+9.964e+03	+0.288
16.500	+7.175e+03	+3.808e+03	+9.913e+03	+0.347
16.600	+6.946e+03	+1.079e+03	+1.032e+04	+0.134
16.700	+7.264e+03	+4.359e+03	+1.014e+04	+0.375
16.800	+6.777e+03	+4.561e+03	+1.006e+04	+0.402
16.900	+5.989e+03	+2.801e+03	+1.023e+04	+0.319
17.000	+6.065e+03	+2.694e+03	+1.057e+04	+0.308
17.100	+7.858e+03	+2.715e+03	+9.378e+03	+0.257
17.200	+7.674e+03	+3.267e+03	+8.922e+03	+0.299
17.300	+7.280e+03	+3.475e+03	+1.018e+04	+0.323
17.400	+7.314e+03	+2.547e+03	+8.612e+03	+0.258
17.500	+2.939e+03	+6.306e+03	+9.170e+03	+0.682
17.600	+3.258e+03	+5.777e+03	+1.021e+04	+0.639
17.700	+4.804e+03	+6.765e+03	+8.711e+03	+0.585
17.800	+4.893e+03	+5.849e+03	+1.011e+04	+0.545
17.900	+2.884e+03	+6.811e+03	+1.015e+04	+0.703
18.000	+3.055e+03	+5.887e+03	+9.151e+03	+0.658
18.100	+2.867e+03	+8.360e+03	+1.114e+04	+0.745
18.200	+3.076e+03	+7.335e+03	+1.048e+04	+0.704
18.300	+2.744e+03	+5.509e+03	+1.069e+04	+0.668
18.400	+3.468e+03	+5.225e+03	+9.303e+03	+0.601
18.500	+3.020e+03	+7.726e+03	+1.047e+04	+0.719
18.600	+6.051e+03	+5.526e+03	+9.998e+03	+0.477
18.700	+7.767e+03	+3.035e+03	+1.134e+04	+0.281
18.800	+6.842e+03	+3.192e+03	+1.010e+04	+0.318
18.900	+7.273e+03	+3.130e+03	+1.006e+04	+0.301
19.000	+6.062e+03	+2.732e+03	+9.427e+03	+0.311
19.100	+7.615e+03	+3.466e+03	+9.395e+03	+0.313
19.200	+5.383e+03	+2.298e+03	+1.033e+04	+0.299
19.300	+8.301e+03	+2.355e+03	+1.076e+04	+0.221
19.400	+7.877e+03	+3.433e+03	+9.124e+03	+0.304
19.500	+6.371e+03	+3.929e+03	+8.969e+03	+0.381
19.600	+7.360e+03	+4.046e+03	+8.819e+03	+0.355
19.700	+7.513e+03	+3.346e+03	+9.548e+03	+0.308
19.800	+6.409e+03	+3.895e+03	+1.059e+04	+0.378
19.900	+2.794e+03	+5.496e+03	+8.290e+03	+0.663
20.000	+3.354e+03	+6.902e+03	+9.399e+03	+0.673
20.100	+3.167e+03	+6.868e+03	+1.088e+04	+0.684
20.200	+2.277e+03	+8.087e+03	+1.097e+04	+0.780
20.300	+1.578e+03	+5.709e+03	+9.871e+03	+0.783
20.400	+2.708e+03	+8.230e+03	+1.025e+04	+0.752
20.500	+2.821e+03	+6.363e+03	+1.079e+04	+0.693
20.600	+2.395e+03	+6.058e+03	+9.823e+03	+0.717
20.700	+3.647e+03	+7.752e+03	+1.055e+04	+0.680
20.800	+3.856e+03	+7.158e+03	+9.736e+03	+0.650
20.900	+2.786e+03	+6.428e+03	+9.404e+03	+0.698
21.000	+3.293e+03	+6.402e+03	+1.021e+04	+0.660
21.100	+2.122e+03	+6.609e+03	+1.103e+04	+0.757
21.200	+3.629e+03	+6.968e+03	+9.471e+03	+0.658
21.300	+3.163e+03	+6.962e+03	+1.045e+04	+0.688
21.400	+4.323e+03	+5.675e+03	+8.578e+03	+0.568
21.500	+3.343e+03	+7.070e+03	+1.033e+04	+0.679
21.600	+2.253e+03	+6.491e+03	+1.012e+04	+0.742
21.700	+4.087e+03	+6.506e+03	+1.048e+04	+0.614
21.800	+3.550e+03	+8.200e+03	+1.042e+04	+0.698
21.900	+2.169e+03	+7.522e+03	+9.336e+03	+0.776
22.000	+1.330e+03	+6.771e+03	+9.805e+03	+0.836
22.100	+3.486e+03	+6.908e+03	+9.836e+03	+0.665
22.200	+3.146e+03	+8.363e+03	+9.787e+03	+0.727
22.300	+3.424e+03	+7.466e+03	+9.742e+03	+0.686
22.400	+3.422e+03	+6.621e+03	+9.591e+03	+0.659
22.500	+3.031e+03	+7.891e+03	+9.608e+03	+0.722
22.600	+1.461e+03	+6.502e+03	+9.379e+03	+0.816
22.700	+3.911e+03	+6.160e+03	+9.670e+03	+0.612
22.800	+3.398e+03	+7.512e+03	+9.682e+03	+0.689
22.900	+2.528e+03	+7.972e+03	+1.083e+04	+0.759
23.000	+2.407e+03	+7.364e+03	+1.035e+04	+0.754
23.100	+2.243e+03	+7.330e+03	+1.036e+04	+0.766
23.200	+3.202e+03	+6.469e+03	+9.932e+03	+0.669
23.300	+3.189e+03	+7.878e+03	+1.032e+04	+0.712
23.400	+2.207e+03	+7.200e+03	+1.277e+04	+0.765
23.500	+2.455e+03	+7.936e+03	+8.965e+03	+0.764
23.600	+4.116e+03	+6.284e+03	+1.069e+04	+0.604
23.700	+3.715e+03	+6.041e+03	+1.025e+04	+0.619
23.800	+3.643e+03	+8.409e+03	+1.034e+04	+0.698
23.900	+2.723e+03	+8.308e+03	+9.506e+03	+0.753
24.000	+2.779e+03	+5.666e+03	+8.988e+03	+0.671
24.100	+2.347e+03	+6.702e+03	+9.319e+03	+0.741
24.200	+3.513e+03	+5.533e+03	+9.125e+03	+0.612
24.300	+4.817e+03	+4.593e+03	+9.764e+03	+0.488
24.400	+3.472e+03	+5.447e+03	+9.109e+03	+0.611
24.500	+2.115e+03	+7.802e+03	+9.174e+03	+0.787
24.600	+2.205e+03	+7.182e+03	+7.799e+03	+0.765
24.700	+2.490e+03	+6.632e+03	+9.636e+03	+0.727
24.800	+1.920e+03	+6.535e+03	+1.127e+04	+0.773
24.900	+3.392e+03	+6.866e+03	+1.075e+04	+0.669
25.000	+2.922e+03	+7.495e+03	+1.115e+04	+0.719
25.100	+4.014e+03	+7.998e+03	+8.737e+03	+0.666
25.200	+2.840e+03	+7.013e+03	+9.165e+03	+0.712
25.300	+3.617e+03	+6.332e+03	+1.017e+04	+0.636
25.400	+6.300e+03	+4.153e+03	+8.053e+03	+0.397
25.500	+6.233e+03	+2.617e+03	+9.910e+03	+0.296
25.600	+7.736e+03	+2.867e+03	+9.597e+03	+0.270
25.700	+7.252e+03	+3.365e+03	+1.106e+04	+0.317
25.800	+5.953e+03	+2.337e+03	+8.999e+03	+0.282
25.900	+3.412e+03	+5.181e+03	+1.010e+04	+0.603
26.000	+1.459e+03	+8.257e+03	+1.074e+04	+0.850
26.100	+3.388e+03	+6.633e+03	+1.009e+04	+0.662
26.200	+1.682e+03	+6.831e+03	+9.740e+03	+0.802
26.300	+2.646e+03	+7.335e+03	+1.032e+04	+0.735
26.400	+2.515e+03	+6.649e+03	+1.092e+04	+0.726
26.500	+2.857e+03	+7.346e+03	+1.057e+04	+0.720
26.600	+3.031e+03	+6.120e+03	+9.169e+03	+0.669
26.700	+3.294e+03	+7.244e+03	+1.043e+04	+0.687
26.800	+2.637e+03	+7.448e+03	+1.013e+04	+0.739
26.900	+3.399e+03	+5.860e+03	+1.049e+04	+0.633
27.000	+2.498e+03	+7.869e+03	+1.024e+04	+0.759
27.100	+2.925e+03	+6.891e+03	+1.113e+04	+0.702
27.200	+2.867e+03	+7.021e+03	+1.017e+04	+0.710
27.300	+2.964e+03	+7.636e+03	+1.004e+04	+0.720
27.400	+1.356e+03	+6.755e+03	+1.028e+04	+0.833
27.500	+3.634e+03	+7.187e+03	+1.069e+04	+0.664
27.600	+2.418e+03	+6.450e+03	+9.657e+03	+0.727
27.700	+3.204e+03	+6.397e+03	+9.459e+03	+0.666
27.800	+3.877e+03	+6.411e+03	+1.109e+04	+0.623
27.900	+4.368e+03	+7.376e+03	+9.756e+03	+0.628
28.000	+2.014e+03	+6.756e+03	+9.156e+03	+0.770
28.100	+2.489e+03	+5.829e+03	+1.039e+04	+0.701
28.200	+3.149e+03	+7.467e+03	+8.818e+03	+0.703
28.300	+5.050e+03	+4.195e+03	+9.924e+03	+0.454
28.400	+7.362e+03	+3.128e+03	+9.477e+03	+0.298
28.500	+3.590e+03	+6.608e+03	+1.038e+04	+0.648
28.600	+5.505e+03	+4.901e+03	+9.367e+03	+0.471
28.700	+6.481e+03	+3.514e+03	+9.806e+03	+0.352
28.800	+7.417e+03	+4.514e+03	+1.106e+04	+0.378
28.900	+6.400e+03	+3.677e+03	+1.014e+04	+0.365
29.000	+7.038e+03	+3.675e+03	+1.109e+04	+0.343
29.100	+6.077e+03	+2.893e+03	+1.100e+04	+0.323
29.200	+1.439e+03	+8.332e+03	+1.121e+04	+0.853
29.300	+4.427e+03	+6.370e+03	+8.497e+03	+0.590
29.400	+2.011e+03	+6.334e+03	+1.015e+04	+0.759
29.500	+2.824e+03	+6.905e+03	+9.700e+03	+0.710
29.600	+3.430e+03	+7.057e+03	+9.178e+03	+0.673
29.700	+3.452e+03	+5.308e+03	+9.697e+03	+0.606
29.800	+3.001e+03	+9.296e+03	+9.798e+03	+0.756
29.900	+2.245e+03	+7.388e+03	+1.079e+04	+0.767
30.000	+6.273e+03	+3.959e+03	+9.932e+03	+0.387
30.100	+6.785e+03	+2.116e+03	+1.183e+04	+0.238
30.200	+7.206e+03	+3.230e+03	+1.059e+04	+0.309
30.300	+8.024e+03	+2.113e+03	+1.052e+04	+0.208
30.400	+5.801e+03	+3.903e+03	+9.508e+03	+0.402
30.500	+7.538e+03	+1.945e+03	+8.831e+03	+0.205
30.600	+7.113e+03	+2.076e+03	+8.912e+03	+0.226
30.700	+5.175e+03	+3.148e+03	+9.878e+03	+0.378
30.800	+2.464e+03	+5.789e+03	+1.123e+04	+0.701
30.900	+3.140e+03	+8.487e+03	+1.138e+04	+0.730
31.000	+4.331e+03	+5.556e+03	+8.514e+03	+0.562
31.100	+7.314e+03	+4.161e+03	+9.764e+03	+0.363
31.200	+4.040e+03	+7.570e+03	+9.343e+03	+0.652
31.300	+2.626e+03	+6.159e+03	+1.017e+04	+0.701
31.400	+4.524e+03	+6.070e+03	+1.021e+04	+0.573
31.500	+2.805e+03	+5.398e+03	+9.823e+03	+0.658
31.600	+2.224e+03	+9.196e+03	+1.032e+04	+0.805
31.700	+3.974e+03	+6.406e+03	+9.582e+03	+0.617
31.800	+2.686e+03	+7.113e+03	+1.103e+04	+0.726
31.900	+3.356e+03	+7.100e+03	+1.023e+04	+0.679
32.000	+2.734e+03	+7.906e+03	+9.197e+03	+0.743
32.100	+1.791e+03	+8.233e+03	+1.114e+04	+0.821
32.200	+3.658e+03	+7.862e+03	+1.160e+04	+0.682
32.300	+2.786e+03	+6.510e+03	+9.183e+03	+0.700
32.400	+4.262e+03	+7.590e+03	+1.046e+04	+0.640
32.500	+1.367e+03	+6.420e+03	+9.308e+03	+0.824
32.600	+1.679e+03	+7.788e+03	+1.049e+04	+0.823
32.700	+3.289e+03	+6.684e+03	+1.059e+04	+0.670
32.800	+2.650e+03	+7.759e+03	+1.080e+04	+0.745
32.900	+3.974e+03	+6.692e+03	+9.275e+03	+0.627
33.000	+2.616e+03	+7.958e+03	+1.194e+04	+0.753
33.100	+3.548e+03	+6.122e+03	+9.641e+03	+0.633
33.200	+4.744e+03	+7.999e+03	+9.602e+03	+0.628
33.300	+3.266e+03	+6.023e+03	+1.030e+04	+0.648
33.400	+2.132e+03	+7.551e+03	+1.038e+04	+0.780
33.500	+2.815e+03	+7.178e+03	+8.064e+03	+0.718
33.600	+3.512e+03	+8.291e+03	+1.164e+04	+0.702
33.700	+3.890e+03	+7.823e+03	+9.677e+03	+0.668
33.800	+2.847e+03	+6.953e+03	+9.416e+03	+0.709
33.900	+3.066e+03	+6.714e+03	+9.463e+03	+0.687
34.000	+3.578e+03	+7.730e+03	+9.251e+03	+0.684
34.100	+2.583e+03	+6.656e+03	+1.058e+04	+0.720
34.200	+3.026e+03	+6.949e+03	+1.054e+04	+0.697
34.300	+3.971e+03	+7.479e+03	+1.004e+04	+0.653
34.400	+4.684e+03	+6.424e+03	+8.368e+03	+0.578
34.500	+2.677e+03	+6.358e+03	+1.069e+04	+0.704
34.600	+2.759e+03	+6.523e+03	+9.122e+03	+0.703
34.700	+3.070e+03	+6.407e+03	+8.633e+03	+0.676
34.800	+2.980e+03	+7.227e+03	+9.541e+03	+0.708
34.900	+4.701e+03	+6.451e+03	+7.838e+03	+0.578
35.000	+1.965e+03	+7.418e+03	+9.340e+03	+0.791
35.100	+2.601e+03	+7.888e+03	+1.124e+04	+0.752
35.200	+3.418e+03	+6.499e+03	+1.057e+04	+0.655
35.300	+5.462e+03	+3.650e+03	+1.039e+04	+0.401
35.400	+7.622e+03	+3.540e+03	+8.164e+03	+0.317
35.500	+7.207e+03	+2.955e+03	+1.068e+04	+0.291
35.600	+5.968e+03	+1.990e+03	+8.958e+03	+0.250
35.700	+5.904e+03	+3.565e+03	+1.110e+04	+0.377
35.800	+6.975e+03	+2.922e+03	+9.851e+03	+0.295
35.900	+7.395e+03	+3.263e+03	+1.027e+04	+0.306
36.000	+7.421e+03	+1.636e+03	+9.893e+03	+0.181
36.100	+7.414e+03	+3.142e+03	+9.475e+03	+0.298
36.200	+6.125e+03	+3.148e+03	+9.669e+03	+0.339
36.300	+7.250e+03	+4.244e+03	+1.003e+04	+0.369
36.400	+7.168e+03	+2.424e+03	+1.033e+04	+0.253
36.500	+5.179e+03	+5.579e+03	+9.593e+03	+0.519
36.600	+4.410e+03	+6.375e+03	+1.052e+04	+0.591
36.700	+3.206e+03	+7.671e+03	+1.137e+04	+0.705
36.800	+3.039e+03	+8.094e+03	+9.539e+03	+0.727
36.900	+4.072e+03	+6.641e+03	+8.796e+03	+0.620
37.000	+3.378e+03	+8.009e+03	+9.420e+03	+0.703
37.100	+1.034e+03	+8.449e+03	+1.014e+04	+0.891
37.200	+2.247e+03	+6.473e+03	+1.042e+04	+0.742
37.300	+2.301e+03	+6.478e+03	+1.139e+04	+0.738
37.400	+2.961e+03	+7.701e+03	+9.539e+03	+0.722
37.500	+4.754e+03	+5.506e+03	+9.743e+03	+0.537
37.600	+7.267e+03	+3.086e+03	+9.685e+03	+0.298
37.700	+7.835e+03	+2.456e+03	+1.098e+04	+0.239
37.800	+3.174e+03	+6.315e+03	+1.057e+04	+0.666
37.900	+2.723e+03	+6.780e+03	+9.918e+03	+0.713
38.000	+2.539e+03	+6.036e+03	+8.133e+03	+0.704
38.100	+5.569e+03	+5.671e+03	+9.761e+03	+0.505
38.200	+3.653e+03	+7.412e+03	+9.928e+03	+0.670
38.300	+3.289e+03	+7.493e+03	+9.266e+03	+0.695
38.400	+3.378e+03	+7.788e+03	+9.975e+03	+0.697
38.500	+2.080e+03	+6.876e+03	+1.157e+04	+0.768
38.600	+4.528e+03	+6.321e+03	+9.405e+03	+0.583
38.700	+3.203e+03	+6.939e+03	+1.084e+04	+0.684
38.800	+2.567e+03	+6.616e+03	+1.109e+04	+0.720
38.900	+2.570e+03	+7.780e+03	+1.123e+04	+0.752
39.000	+2.856e+03	+6.367e+03	+1.079e+04	+0.690
39.100	+2.405e+03	+7.297e+03	+9.037e+03	+0.752
39.200	+2.873e+03	+6.388e+03	+1.049e+04	+0.690
39.300	+3.425e+03	+7.557e+03	+1.055e+04	+0.688
39.400	+4.651e+03	+5.691e+03	+1.116e+04	+0.550
39.500	+8.735e+03	+4.371e+03	+9.737e+03	+0.334
39.600	+7.717e+03	+1.976e+03	+9.864e+03	+0.204
39.700	+7.278e+03	+3.681e+03	+8.459e+03	+0.336
39.800	+7.564e+03	+2.909e+03	+1.012e+04	+0.278
39.900	+7.015e+03	+1.247e+03	+1.088e+04	+0.151
40.000	+6.799e+03	+2.714e+03	+1.217e+04	+0.285
40.100	+7.234e+03	+3.108e+03	+9.489e+03	+0.301
40.200	+4.916e+03	+3.185e+03	+9.537e+03	+0.393
40.300	+2.451e+03	+6.903e+03	+9.871e+03	+0.738
40.400	+4.196e+03	+5.750e+03	+1.049e+04	+0.578
40.500	+2.920e+03	+8.002e+03	+9.845e+03	+0.733
40.600	+3.915e+03	+8.793e+03	+1.019e+04	+0.692
40.700	+2.520e+03	+7.349e+03	+9.845e+03	+0.745
40.800	+2.412e+03	+5.882e+03	+1.116e+04	+0.709
40.900	+1.713e+03	+6.969e+03	+9.728e+03	+0.803
41.000	+5.561e+03	+3.142e+03	+8.459e+03	+0.361
41.100	+7.035e+03	+2.992e+03	+9.040e+03	+0.298
41.200	+7.150e+03	+1.556e+03	+1.015e+04	+0.179
41.300	+8.115e+03	+4.034e+03	+8.582e+03	+0.332
41.400	+7.915e+03	+2.642e+03	+8.875e+03	+0.250
41.500	+7.920e+03	+3.219e+03	+9.245e+03	+0.289
41.600	+6.779e+03	+3.794e+03	+1.074e+04	+0.359
41.700	+6.397e+03	+3.646e+03	+1.075e+04	+0.363
41.800	+9.329e+03	+3.714e+03	+9.611e+03	+0.285
41.900	+7.247e+03	+3.879e+03	+1.026e+04	+0.349
42.000	+7.447e+03	+3.241e+03	+1.062e+04	+0.303
42.100	+5.597e+03	+2.209e+03	+8.738e+03	+0.283
42.200	+6.414e+03	+1.738e+03	+1.198e+04	+0.213
42.300	+6.679e+03	+1.791e+03	+1.004e+04	+0.211
42.400	+6.785e+03	+3.708e+03	+9.715e+03	+0.353
42.500	+6.948e+03	+4.347e+03	+1.017e+04	+0.385
42.600	+6.458e+03	+3.728e+03	+1.164e+04	+0.366
42.700	+7.507e+03	+4.851e+03	+1.027e+04	+0.393
42.800	+4.567e+03	+6.186e+03	+1.015e+04	+0.575
42.900	+3.146e+03	+6.481e+03	+1.010e+04	+0.673
43.000	+3.013e+03	+7.437e+03	+1.006e+04	+0.712
43.100	+3.741e+03	+6.826e+03	+1.066e+04	+0.646
43.200	+3.134e+03	+8.230e+03	+1.128e+04	+0.724
43.300	+3.118e+03	+7.916e+03	+1.011e+04	+0.717
43.400	+1.467e+03	+6.848e+03	+9.887e+03	+0.824
43.500	+1.930e+03	+6.314e+03	+9.279e+03	+0.766
43.600	+4.333e+03	+5.258e+03	+1.060e+04	+0.548
43.700	+1.649e+03	+6.806e+03	+1.042e+04	+0.805
43.800	+2.552e+03	+6.737e+03	+9.749e+03	+0.725
43.900	+2.540e+03	+7.480e+03	+1.044e+04	+0.746
44.000	+2.044e+03	+5.741e+03	+9.483e+03	+0.737
44.100	+1.981e+03	+6.614e+03	+1.028e+04	+0.770
44.200	+4.047e+03	+6.522e+03	+1.128e+04	+0.617
44.300	+5.090e+03	+3.577e+03	+9.528e+03	+0.413
44.400	+8.275e+03	+3.832e+03	+1.104e+04	+0.317
44.500	+7.581e+03	+2.607e+03	+1.041e+04	+0.256
44.600	+8.410e+03	+2.205e+03	+1.144e+04	+0.208
44.700	+8.968e+03	+1.797e+03	+9.399e+03	+0.167
44.800	+6.598e+03	+4.288e+03	+8.536e+03	+0.394
44.900	+7.391e+03	+3.130e+03	+1.033e+04	+0.298
45.000	+6.600e+03	+1.473e+03	+9.577e+03	+0.183
45.100	+6.531e+03	+2.378e+03	+9.737e+03	+0.267
45.200	+6.298e+03	+3.291e+03	+9.504e+03	+0.343
45.300	+3.252e+03	+7.868e+03	+9.255e+03	+0.708
45.400	+3.911e+03	+6.716e+03	+9.841e+03	+0.632
45.500	+7.803e+03	+3.070e+03	+9.058e+03	+0.282
45.600	+6.330e+03	+4.073e+03	+8.678e+03	+0.392
45.700	+6.414e+03	+2.374e+03	+1.046e+04	+0.270
45.800	+7.550e+03	+2.937e+03	+1.013e+04	+0.280
45.900	+7.503e+03	+3.269e+03	+1.026e+04	+0.303
46.000	+5.378e+03	+3.138e+03	+9.788e+03	+0.369
46.100	+6.852e+03	+3.029e+03	+1.041e+04	+0.307
46.200	+6.851e+03	+1.977e+03	+9.676e+03	+0.224
46.300	+7.234e+03	+3.730e+03	+9.918e+03	+0.340
46.400	+6.632e+03	+3.348e+03	+1.097e+04	+0.335
46.500	+7.692e+03	+1.768e+03	+1.029e+04	+0.187
46.600	+7.378e+03	+3.710e+03	+9.529e+03	+0.335
46.700	+7.634e+03	+1.881e+03	+9.274e+03	+0.198
46.800	+7.255e+03	+3.112e+03	+1.133e+04	+0.300
46.900	+7.614e+03	+3.900e+03	+9.834e+03	+0.339
47.000	+6.245e+03	+3.537e+03	+9.771e+03	+0.362
47.100	+7.150e+03	+3.377e+03	+1.058e+04	+0.321
47.200	+6.832e+03	+2.389e+03	+9.682e+03	+0.259
47.300	+7.031e+03	+2.176e+03	+1.048e+04	+0.236
47.400	+5.624e+03	+2.758e+03	+9.271e+03	+0.329
47.500	+6.343e+03	+2.046e+03	+9.479e+03	+0.244
47.600	+6.792e+03	+2.808e+03	+8.532e+03	+0.293
47.700	+6.474e+03	+2.759e+03	+9.927e+03	+0.299
47.800	+5.856e+03	+4.189e+03	+1.007e+04	+0.417
47.900	+7.660e+03	+3.589e+03	+8.126e+03	+0.319
48.000	+7.799e+03	+1.423e+03	+8.408e+03	+0.154
48.100	+7.554e+03	+3.746e+03	+1.025e+04	+0.332
48.200	+7.348e+03	+2.916e+03	+9.797e+03	+0.284
48.300	+7.638e+03	+3.179e+03	+8.744e+03	+0.294
48.400	+5.901e+03	+2.131e+03	+9.455e+03	+0.265
48.500	+6.233e+03	+2.660e+03	+9.896e+03	+0.299
48.600	+2.948e+03	+6.708e+03	+1.021e+04	+0.695
48.700	+3.902e+03	+7.137e+03	+1.057e+04	+0.647
48.800	+2.200e+03	+7.908e+03	+1.013e+04	+0.782
48.900	+2.334e+03	+6.026e+03	+1.089e+04	+0.721
49.000	+2.469e+03	+8.331e+03	+1.123e+04	+0.771
49.100	+4.565e+03	+7.276e+03	+9.843e+03	+0.615
49.200	+3.248e+03	+7.393e+03	+1.017e+04	+0.695
49.300	+4.094e+03	+7.788e+03	+9.699e+03	+0.655
49.400	+2.622e+03	+7.379e+03	+9.424e+03	+0.738
49.500	+3.476e+03	+6.958e+03	+1.032e+04	+0.667
49.600	+2.839e+03	+8.094e+03	+1.068e+04	+0.740
49.700	+6.418e+03	+4.838e+03	+1.042e+04	+0.430
49.800	+6.844e+03	+1.875e+03	+9.693e+03	+0.215
49.900	+7.891e+03	+2.652e+03	+1.007e+04	+0.252
50.000	+3.614e+03	+6.665e+03	+1.077e+04	+0.648
50.100	+3.436e+03	+7.316e+03	+1.012e+04	+0.680
50.200	+2.084e+03	+6.010e+03	+9.930e+03	+0.743
50.300	+2.282e+03	+7.524e+03	+9.392e+03	+0.767
50.400	+2.878e+03	+7.253e+03	+8.859e+03	+0.716
50.500	+1.661e+03	+8.550e+03	+1.021e+04	+0.837
50.600	+4.150e+03	+7.118e+03	+1.135e+04	+0.632
50.700	+2.853e+03	+6.603e+03	+1.007e+04	+0.698
50.800	+5.291e+03	+2.958e+03	+9.955e+03	+0.359
50.900	+7.470e+03	+4.825e+03	+1.075e+04	+0.392
51.000	+6.005e+03	+2.202e+03	+1.032e+04	+0.268
51.100	+6.760e+03	+3.474e+03	+9.401e+03	+0.339
51.200	+6.017e+03	+3.215e+03	+9.675e+03	+0.348
51.300	+5.091e+03	+3.363e+03	+9.787e+03	+0.398
51.400	+6.410e+03	+3.643e+03	+1.025e+04	+0.362
51.500	+6.618e+03	+3.942e+03	+9.545e+03	+0.373
51.600	+6.822e+03	+2.925e+03	+1.016e+04	+0.300
51.700	+7.432e+03	+3.291e+03	+9.196e+03	+0.307
51.800	+6.482e+03	+3.215e+03	+1.011e+04	+0.332
51.900	+6.233e+03	+2.855e+03	+9.724e+03	+0.314
52.000	+6.169e+03	+3.576e+03	+1.131e+04	+0.367
52.100	+4.926e+03	+3.968e+03	+1.099e+04	+0.446
52.200	+3.028e+03	+6.295e+03	+1.021e+04	+0.675
52.300	+2.791e+03	+6.715e+03	+8.590e+03	+0.706
52.400	+2.404e+03	+6.296e+03	+1.064e+04	+0.724
52.500	+3.928e+03	+6.888e+03	+8.999e+03	+0.637
52.600	+4.507e+03	+5.875e+03	+1.042e+04	+0.566
52.700	+3.224e+03	+8.870e+03	+9.841e+03	+0.733
52.800	+5.265e+03	+5.855e+03	+1.090e+04	+0.527
52.900	+7.595e+03	+3.192e+03	+9.101e+03	+0.296
53.000	+6.257e+03	+2.242e+03	+1.121e+04	+0.264
53.100	+8.614e+03	+3.862e+03	+1.115e+04	+0.310
53.200	+5.865e+03	+4.506e+03	+1.052e+04	+0.434
53.300	+7.411e+03	+3.265e+03	+9.651e+03	+0.306
53.400	+8.536e+03	+1.784e+03	+8.830e+03	+0.173
53.500	+6.670e+03	+3.274e+03	+9.831e+03	+0.329
53.600	+6.504e+03	+3.640e+03	+1.054e+04	+0.359
53.700	+6.359e+03	+4.804e+03	+1.039e+04	+0.430
53.800	+7.762e+03	+2.552e+03	+1.119e+04	+0.247
53.900	+6.417e+03	+3.769e+03	+1.001e+04	+0.370
54.000	+3.135e+03	+5.890e+03	+9.506e+03	+0.653
54.100	+2.887e+03	+6.577e+03	+1.014e+04	+0.695
54.200	+2.882e+03	+6.985e+03	+9.663e+03	+0.708
54.300	+3.863e+03	+7.030e+03	+9.491e+03	+0.645
54.400	+1.984e+03	+6.126e+03	+9.766e+03	+0.755
54.500	+3.702e+03	+6.642e+03	+9.891e+03	+0.642
54.600	+4.084e+03	+7.508e+03	+9.932e+03	+0.648
54.700	+4.247e+03	+6.478e+03	+1.068e+04	+0.604
54.800	+2.974e+03	+7.140e+03	+1.008e+04	+0.706
54.900	+2.462e+03	+7.192e+03	+8.603e+03	+0.745
55.000	+3.054e+03	+6.241e+03	+9.623e+03	+0.671
55.100	+2.405e+03	+7.505e+03	+9.736e+03	+0.757
55.200	+3.864e+03	+5.684e+03	+9.599e+03	+0.595
55.300	+3.368e+03	+6.001e+03	+8.144e+03	+0.641
55.400	+3.744e+03	+8.372e+03	+1.102e+04	+0.691
55.500	+2.390e+03	+6.307e+03	+9.901e+03	+0.725
55.600	+3.212e+03	+7.305e+03	+1.026e+04	+0.695
55.700	+5.627e+03	+5.291e+03	+9.438e+03	+0.485
55.800	+4.705e+03	+6.932e+03	+1.005e+04	+0.596
55.900	+2.876e+03	+7.441e+03	+1.050e+04	+0.721
56.000	+2.513e+03	+6.009e+03	+9.533e+03	+0.705
56.100	+2.509e+03	+7.036e+03	+1.179e+04	+0.737
56.200	+4.109e+03	+6.122e+03	+1.104e+04	+0.598
56.300	+3.483e+03	+6.832e+03	+9.383e+03	+0.662
56.400	+1.261e+03	+7.213e+03	+8.690e+03	+0.851
56.500	+2.940e+03	+7.125e+03	+9.872e+03	+0.708
56.600	+4.113e+03	+6.551e+03	+1.046e+04	+0.614
56.700	+2.419e+03	+6.762e+03	+1.042e+04	+0.736
56.800	+3.606e+03	+7.179e+03	+8.930e+03	+0.666
56.900	+2.910e+03	+8.129e+03	+1.096e+04	+0.736
57.000	+1.870e+03	+5.760e+03	+1.032e+04	+0.755
57.100	+4.136e+03	+8.286e+03	+8.926e+03	+0.667
57.200	+3.724e+03	+7.026e+03	+1.034e+04	+0.654
57.300	+3.496e+03	+7.467e+03	+9.089e+03	+0.681
57.400	+3.150e+03	+6.326e+03	+9.444e+03	+0.668
57.500	+3.471e+03	+7.028e+03	+1.075e+04	+0.669
57.600	+3.462e+03	+7.643e+03	+9.559e+03	+0.688
57.700	+3.113e+03	+7.417e+03	+1.003e+04	+0.704
57.800	+3.514e+03	+4.604e+03	+1.049e+04	+0.567
57.900	+2.858e+03	+7.182e+03	+1.059e+04	+0.715
58.000	+3.532e+03	+7.837e+03	+8.787e+03	+0.689
58.100	+4.613e+03	+8.297e+03	+7.555e+03	+0.643
58.200	+2.248e+03	+6.991e+03	+9.628e+03	+0.757
58.300	+2.707e+03	+6.815e+03	+9.260e+03	+0.716
58.400	+3.806e+03	+6.739e+03	+9.615e+03	+0.639
58.500	+1.637e+03	+7.141e+03	+8.862e+03	+0.814
58.600	+2.831e+03	+5.970e+03	+1.039e+04	+0.678
58.700	+3.191e+03	+6.982e+03	+1.129e+04	+0.686
58.800	+3.401e+03	+7.842e+03	+1.061e+04	+0.697
58.900	+3.816e+03	+6.878e+03	+9.342e+03	+0.643
59.000	+2.812e+03	+7.606e+03	+1.188e+04	+0.730
59.100	+2.394e+03	+6.990e+03	+9.958e+03	+0.745
59.200	+3.587e+03	+6.199e+03	+1.054e+04	+0.633
59.300	+3.347e+03	+6.975e+03	+1.157e+04	+0.676
59.400	+2.945e+03	+7.007e+03	+9.543e+03	+0.704
59.500	+3.202e+03	+8.539e+03	+1.047e+04	+0.727
59.600	+4.065e+03	+6.353e+03	+9.388e+03	+0.610
59.700	+1.646e+03	+6.251e+03	+9.246e+03	+0.792
59.800	+3.538e+03	+5.842e+03	+1.043e+04	+0.623
59.900	+3.516e+03	+7.266e+03	+8.482e+03	+0.674
60.000	+3.730e+03	+6.199e+03	+8.842e+03	+0.624
60.100	+6.430e+03	+3.173e+03	+1.123e+04	+0.330
60.200	+3.825e+03	+6.389e+03	+9.436e+03	+0.626
60.300	+3.332e+03	+7.797e+03	+1.081e+04	+0.701
60.400	+2.025e+03	+6.549e+03	+8.957e+03	+0.764
60.500	+4.252e+03	+6.620e+03	+8.141e+03	+0.609
60.600	+2.532e+03	+6.858e+03	+8.798e+03	+0.730
60.700	+2.314e+03	+7.399e+03	+9.783e+03	+0.762
60.800	+2.507e+03	+6.256e+03	+1.006e+04	+0.714
60.900	+3.741e+03	+5.801e+03	+9.108e+03	+0.608
61.000	+1.401e+03	+8.039e+03	+1.049e+04	+0.852
61.100	+3.439e+03	+8.120e+03	+8.254e+03	+0.703
61.200	+2.510e+03	+6.467e+03	+1.004e+04	+0.720
61.300	+3.146e+03	+6.815e+03	+9.763e+03	+0.684
61.400	+3.416e+03	+7.679e+03	+1.082e+04	+0.692
61.500	+2.869e+03	+5.435e+03	+9.949e+03	+0.655
61.600	+1.553e+03	+6.139e+03	+9.719e+03	+0.798
61.700	+3.416e+03	+5.913e+03	+1.023e+04	+0.634
61.800	+3.665e+03	+7.489e+03	+1.035e+04	+0.671
61.900	+2.886e+03	+7.088e+03	+9.418e+03	+0.711
62.000	+2.599e+03	+7.029e+03	+1.026e+04	+0.730
62.100	+4.535e+03	+4.544e+03	+1.025e+04	+0.501
62.200	+6.828e+03	+7.363e+02	+9.296e+03	+0.097
62.300	+6.947e+03	+4.524e+03	+1.030e+04	+0.394
62.400	+3.440e+03	+6.796e+03	+9.516e+03	+0.664
62.500	+3.778e+03	+6.905e+03	+9.328e+03	+0.646
62.600	+2.796e+03	+5.453e+03	+9.679e+03	+0.661
62.700	+2.800e+03	+6.857e+03	+1.132e+04	+0.710
62.800	+3.156e+03	+7.467e+03	+9.303e+03	+0.703
62.900	+3.554e+03	+5.520e+03	+9.090e+03	+0.608
63.000	+3.034e+03	+5.620e+03	+9.360e+03	+0.649
63.100	+2.422e+03	+6.920e+03	+1.014e+04	+0.741
63.200	+2.869e+03	+7.371e+03	+9.142e+03	+0.720
63.300	+2.573e+03	+6.178e+03	+9.246e+03	+0.706
63.400	+2.499e+03	+5.704e+03	+1.014e+04	+0.695
63.500	+3.022e+03	+7.375e+03	+9.349e+03	+0.709
63.600	+3.518e+03	+7.187e+03	+9.572e+03	+0.671
63.700	+3.684e+03	+6.858e+03	+1.030e+04	+0.651
63.800	+3.897e+03	+6.433e+03	+9.496e+03	+0.623
63.900	+3.637e+03	+6.840e+03	+9.800e+03	+0.653
64.000	+2.206e+03	+7.366e+03	+1.055e+04	+0.770
64.100	+2.729e+03	+6.182e+03	+9.882e+03	+0.694
64.200	+3.156e+03	+5.309e+03	+9.311e+03	+0.627
64.300	+2.565e+03	+6.713e+03	+8.857e+03	+0.724
64.400	+2.343e+03	+6.854e+03	+9.104e+03	+0.745
64.500	+2.817e+03	+8.066e+03	+1.149e+04	+0.741
64.600	+2.105e+03	+6.280e+03	+1.082e+04	+0.749
64.700	+4.072e+03	+5.356e+03	+1.126e+04	+0.568
64.800	+2.898e+03	+6.627e+03	+9.793e+03	+0.696
64.900	+3.976e+03	+6.677e+03	+1.007e+04	+0.627
65.000	+2.412e+03	+5.610e+03	+1.106e+04	+0.699
65.100	+3.373e+03	+7.643e+03	+8.275e+03	+0.694
65.200	+2.693e+03	+7.740e+03	+9.669e+03	+0.742
65.300	+3.076e+03	+7.881e+03	+9.918e+03	+0.719
65.400	+1.920e+03	+8.236e+03	+1.066e+04	+0.811
65.500	+3.128e+03	+7.480e+03	+1.038e+04	+0.705
65.600	+3.020e+03	+7.037e+03	+1.037e+04	+0.700
65.700	+3.003e+03	+6.636e+03	+1.016e+04	+0.688
65.800	+3.997e+03	+5.730e+03	+1.091e+04	+0.589
65.900	+3.276e+03	+7.068e+03	+1.081e+04	+0.683
66.000	+2.674e+03	+6.951e+03	+9.375e+03	+0.722
66.100	+2.498e+03	+7.279e+03	+1.103e+04	+0.745
66.200	+4.570e+03	+7.301e+03	+9.716e+03	+0.615
66.300	+7.752e+02	+6.855e+03	+1.037e+04	+0.898
66.400	+2.827e+03	+6.402e+03	+9.544e+03	+0.694
66.500	+2.603e+03	+7.733e+03	+9.907e+03	+0.748
66.600	+4.281e+03	+7.555e+03	+9.662e+03	+0.638
66.700	+3.519e+03	+7.700e+03	+8.656e+03	+0.686
66.800	+2.288e+03	+7.260e+03	+1.055e+04	+0.760
66.900	+3.412e+03	+7.885e+03	+1.045e+04	+0.698
67.000	+3.544e+03	+6.214e+03	+9.687e+03	+0.637
67.100	+9.381e+02	+7.550e+03	+9.441e+03	+0.889
67.200	+3.636e+03	+7.238e+03	+1.108e+04	+0.666
67.300	+3.487e+03	+7.419e+03	+9.325e+03	+0.680
67.400	+2.689e+03	+6.522e+03	+1.039e+04	+0.708
67.500	+1.807e+03	+7.644e+03	+8.963e+03	+0.809
67.600	+3.403e+03	+6.247e+03	+1.051e+04	+0.647
67.700	+2.471e+03	+7.349e+03	+9.134e+03	+0.748
67.800	+4.125e+03	+8.286e+03	+9.748e+03	+0.668
67.900	+4.471e+03	+8.163e+03	+1.038e+04	+0.646
68.000	+2.781e+03	+6.737e+03	+1.108e+04	+0.708
68.100	+2.978e+03	+7.756e+03	+1.076e+04	+0.723
68.200	+4.241e+03	+7.933e+03	+1.000e+04	+0.652
68.300	+3.338e+03	+6.962e+03	+1.029e+04	+0.676
68.400	+3.446e+03	+6.703e+03	+9.310e+03	+0.660
68.500	+2.668e+03	+5.899e+03	+1.084e+04	+0.689
68.600	+3.495e+03	+6.173e+03	+8.793e+03	+0.639
68.700	+2.474e+03	+7.065e+03	+8.986e+03	+0.741
68.800	+1.525e+03	+6.795e+03	+9.226e+03	+0.817
68.900	+3.001e+03	+6.279e+03	+9.257e+03	+0.677
69.000	+2.747e+03	+6.602e+03	+1.106e+04	+0.706
69.100	+2.498e+03	+7.515e+03	+9.638e+03	+0.751
69.200	+3.747e+03	+7.718e+03	+1.056e+04	+0.673
69.300	+3.878e+03	+6.621e+03	+8.813e+03	+0.631
69.400	+3.283e+03	+6.822e+03	+8.737e+03	+0.675
69.500	+1.792e+03	+7.512e+03	+1.147e+04	+0.807
69.600	+3.489e+03	+6.716e+03	+9.662e+03	+0.658
69.700	+3.645e+03	+7.685e+03	+1.140e+04	+0.678
69.800	+3.436e+03	+7.683e+03	+1.014e+04	+0.691
69.900	+3.493e+03	+8.289e+03	+9.741e+03	+0.704
70.000	+3.257e+03	+7.122e+03	+9.491e+03	+0.686
70.100	+2.370e+03	+7.000e+03	+9.854e+03	+0.747
70.200	+4.667e+03	+5.546e+03	+1.050e+04	+0.543
70.300	+3.326e+03	+6.041e+03	+1.057e+04	+0.645
70.400	+2.090e+03	+6.979e+03	+9.948e+03	+0.770
70.500	+3.998e+03	+5.526e+03	+9.747e+03	+0.580
70.600	+2.356e+03	+7.303e+03	+9.865e+03	+0.756
70.700	+4.292e+03	+5.990e+03	+1.045e+04	+0.583
70.800	+3.186e+03	+7.671e+03	+8.843e+03	+0.707
70.900	+3.032e+03	+8.639e+03	+9.572e+03	+0.740
71.000	+2.953e+03	+7.328e+03	+1.055e+04	+0.713
71.100	+1.655e+03	+6.388e+03	+1.002e+04	+0.794
71.200	+4.068e+03	+8.856e+03	+8.685e+03	+0.685
71.300	+2.668e+03	+7.174e+03	+9.921e+03	+0.729
71.400	+3.841e+03	+5.792e+03	+9.729e+03	+0.601
71.500	+2.913e+03	+7.030e+03	+9.421e+03	+0.707
71.600	+3.121e+03	+8.319e+03	+9.410e+03	+0.727
71.700	+6.816e+03	+3.441e+03	+9.920e+03	+0.335
71.800	+6.908e+03	+3.191e+03	+9.544e+03	+0.316
71.900	+6.807e+03	+2.471e+03	+1.030e+04	+0.266
72.000	+7.000e+03	+2.754e+03	+1.095e+04	+0.282
72.100	+6.446e+03	+2.590e+03	+1.010e+04	+0.287
72.200	+7.036e+03	+3.513e+03	+1.009e+04	+0.333
72.300	+3.740e+03	+5.664e+03	+1.006e+04	+0.602
72.400	+2.822e+03	+7.753e+03	+1.075e+04	+0.733
72.500	+3.157e+03	+7.639e+03	+1.005e+04	+0.708
72.600	+3.435e+03	+5.798e+03	+1.059e+04	+0.628
72.700	+2.244e+03	+7.574e+03	+8.957e+03	+0.771
72.800	+2.642e+03	+5.102e+03	+1.045e+04	+0.659
72.900	+5.236e+03	+8.218e+03	+9.158e+03	+0.611
73.000	+3.432e+03	+7.171e+03	+1.073e+04	+0.676
73.100	+2.948e+03	+6.202e+03	+1.129e+04	+0.678
73.200	+3.490e+03	+6.818e+03	+9.224e+03	+0.661
73.300	+2.255e+03	+7.567e+03	+8.346e+03	+0.770
73.400	+3.388e+03	+6.917e+03	+9.814e+03	+0.671
73.500	+1.605e+03	+8.360e+03	+9.682e+03	+0.839
73.600	+4.365e+03	+6.232e+03	+1.140e+04	+0.588
73.700	+3.513e+03	+5.268e+03	+9.545e+03	+0.600
73.800	+7.775e+03	+4.020e+03	+9.662e+03	+0.341
73.900	+7.519e+03	+1.521e+03	+9.889e+03	+0.168
74.000	+6.951e+03	+2.823e+03	+7.075e+03	+0.289
74.100	+7.554e+03	+3.518e+03	+9.740e+03	+0.318
74.200	+5.726e+03	+2.320e+03	+1.035e+04	+0.288
74.300	+6.560e+03	+4.176e+03	+1.165e+04	+0.389
74.400	+6.949e+03	+2.436e+03	+9.666e+03	+0.260
74.500	+5.924e+03	+1.658e+03	+1.077e+04	+0.219
74.600	+6.905e+03	+2.488e+03	+1.018e+04	+0.265
74.700	+6.545e+03	+3.431e+03	+9.742e+03	+0.344
74.800	+6.443e+03	+3.341e+03	+8.768e+03	+0.341
74.900	+5.532e+03	+1.641e+03	+9.748e+03	+0.229
75.000	+8.368e+03	+2.334e+03	+1.068e+04	+0.218
75.100	+5.805e+03	+3.842e+03	+1.050e+04	+0.398
75.200	+6.454e+03	+3.451e+03	+1.008e+04	+0.348
75.300	+7.647e+03	+2.771e+03	+9.833e+03	+0.266
75.400	+5.993e+03	+4.227e+03	+1.141e+04	+0.414
75.500	+3.911e+03	+6.820e+03	+9.923e+03	+0.636
75.600	+3.416e+03	+6.930e+03	+1.046e+04	+0.670
75.700	+2.428e+03	+7.253e+03	+9.162e+03	+0.749
75.800	+3.570e+03	+8.009e+03	+9.071e+03	+0.692
75.900	+3.390e+03	+7.876e+03	+1.046e+04	+0.699
76.000	+3.043e+03	+7.593e+03	+9.938e+03	+0.714
76.100	+3.746e+03	+8.400e+03	+9.839e+03	+0.692
76.200	+2.347e+03	+6.822e+03	+8.604e+03	+0.744
76.300	+4.358e+03	+7.325e+03	+1.093e+04	+0.627
76.400	+4.012e+03	+7.321e+03	+1.059e+04	+0.646
76.500	+2.663e+03	+7.900e+03	+1.014e+04	+0.748
76.600	+2.937e+03	+6.711e+03	+1.014e+04	+0.696
76.700	+1.753e+03	+8.026e+03	+1.120e+04	+0.821
76.800	+5.737e+03	+4.627e+03	+1.003e+04	+0.446
76.900	+5.989e+03	+4.870e+03	+1.057e+04	+0.448
77.000	+7.928e+03	+1.901e+03	+1.099e+04	+0.193
77.100	+6.858e+03	+3.029e+03	+1.098e+04	+0.306
77.200	+3.761e+03	+5.976e+03	+1.028e+04	+0.614
77.300	+2.428e+03	+7.723e+03	+1.055e+04	+0.761
77.400	+2.190e+03	+6.338e+03	+9.665e+03	+0.743
77.500	+3.317e+03	+7.373e+03	+1.004e+04	+0.690
77.600	+3.689e+03	+6.660e+03	+1.063e+04	+0.644
77.700	+3.181e+03	+7.444e+03	+9.584e+03	+0.701
77.800	+3.306e+03	+7.573e+03	+1.026e+04	+0.696
77.900	+3.802e+03	+6.858e+03	+1.022e+04	+0.643
78.000	+3.328e+03	+7.249e+03	+9.120e+03	+0.685
78.100	+3.639e+03	+6.492e+03	+1.004e+04	+0.641
78.200	+3.909e+03	+6.354e+03	+1.075e+04	+0.619
78.300	+3.111e+03	+6.691e+03	+1.046e+04	+0.683
78.400	+3.126e+03	+6.772e+03	+9.433e+03	+0.684
78.500	+2.321e+03	+6.758e+03	+1.103e+04	+0.744
78.600	+3.636e+03	+7.468e+03	+9.817e+03	+0.673
78.700	+1.538e+03	+6.834e+03	+9.998e+03	+0.816
78.800	+3.238e+03	+4.594e+03	+9.558e+03	+0.587
78.900	+5.105e+03	+3.703e+03	+1.045e+04	+0.420
79.000	+8.953e+03	+3.682e+03	+9.710e+03	+0.291
79.100	+7.449e+03	+4.166e+03	+1.016e+04	+0.359
79.200	+5.969e+03	+2.947e+03	+1.100e+04	+0.331
79.300	+7.245e+03	+2.227e+03	+9.557e+03	+0.235
79.400	+6.420e+03	+3.828e+03	+9.738e+03	+0.374
79.500	+1.694e+03	+6.218e+03	+8.250e+03	+0.786
79.600	+2.306e+03	+6.312e+03	+9.796e+03	+0.732
79.700	+3.445e+03	+8.632e+03	+1.032e+04	+0.715
79.800	+4.494e+03	+6.994e+03	+9.786e+03	+0.609
79.900	+3.863e+03	+7.016e+03	+1.146e+04	+0.645
80.000	+2.891e+03	+6.720e+03	+9.099e+03	+0.699
80.100	+2.758e+03	+7.058e+03	+1.195e+04	+0.719
80.200	+3.807e+03	+7.445e+03	+8.617e+03	+0.662
80.300	+3.575e+03	+7.523e+03	+9.809e+03	+0.678
80.400	+3.086e+03	+6.785e+03	+1.007e+04	+0.687
80.500	+3.128e+03	+7.430e+03	+9.681e+03	+0.704
80.600	+2.816e+03	+7.704e+03	+1.035e+04	+0.732
80.700	+3.898e+03	+6.525e+03	+9.398e+03	+0.626
80.800	+4.450e+03	+6.400e+03	+1.108e+04	+0.590
80.900	+3.528e+03	+5.835e+03	+9.861e+03	+0.623
81.000	+2.323e+03	+7.212e+03	+1.034e+04	+0.756
81.100	+2.974e+03	+6.744e+03	+1.152e+04	+0.694
81.200	+2.138e+03	+7.376e+03	+9.897e+03	+0.775
81.300	+3.584e+03	+6.707e+03	+9.460e+03	+0.652
81.400	+3.033e+03	+6.123e+03	+9.768e+03	+0.669
81.500	+4.144e+03	+8.313e+03	+9.538e+03	+0.667
81.600	+2.872e+03	+5.757e+03	+8.859e+03	+0.667
81.700	+3.617e+03	+7.857e+03	+9.782e+03	+0.685
81.800	+2.298e+03	+8.063e+03	+9.204e+03	+0.778
81.900	+3.284e+03	+6.272e+03	+9.881e+03	+0.656
82.000	+2.519e+03	+8.167e+03	+1.030e+04	+0.764
82.100	+2.554e+03	+7.880e+03	+8.817e+03	+0.755
82.200	+1.943e+03	+7.667e+03	+9.982e+03	+0.798
82.300	+2.495e+03	+6.506e+03	+1.043e+04	+0.723
82.400	+2.430e+03	+7.064e+03	+9.271e+03	+0.744
82.500	+3.874e+03	+6.392e+03	+8.510e+03	+0.623
82.600	+3.086e+03	+6.145e+03	+9.799e+03	+0.666
82.700	+3.045e+03	+5.822e+03	+1.078e+04	+0.657
82.800	+2.401e+03	+6.454e+03	+9.228e+03	+0.729
82.900	+3.117e+03	+7.591e+03	+1.020e+04	+0.709
83.000	+6.710e+03	+3.156e+03	+8.906e+03	+0.320
83.100	+5.878e+03	+3.686e+03	+8.299e+03	+0.385
83.200	+7.619e+03	+3.515e+03	+1.051e+04	+0.316
83.300	+7.543e+03	+3.906e+03	+8.717e+03	+0.341
83.400	+6.815e+03	+4.428e+03	+1.068e+04	+0.394
83.500	+8.510e+03	+2.597e+03	+1.015e+04	+0.234
83.600	+7.546e+03	+4.133e+03	+9.868e+03	+0.354
83.700	+7.035e+03	+3.456e+03	+1.086e+04	+0.329
83.800	+7.132e+03	+2.875e+03	+1.154e+04	+0.287
83.900	+7.908e+03	+4.531e+03	+1.063e+04	+0.364
84.000	+6.920e+03	+1.838e+03	+9.899e+03	+0.210
84.100	+7.081e+03	+3.165e+03	+1.008e+04	+0.309
84.200	+6.882e+03	+3.220e+03	+1.060e+04	+0.319
84.300	+6.787e+03	+2.956e+03	+1.080e+04	+0.303
84.400	+6.232e+03	+4.399e+03	+9.585e+03	+0.414
84.500	+5.633e+03	+1.718e+03	+1.101e+04	+0.234
84.600	+6.473e+03	+1.673e+03	+9.590e+03	+0.205
84.700	+8.447e+03	+2.462e+03	+1.103e+04	+0.226
84.800	+6.796e+03	+3.043e+03	+1.015e+04	+0.309
84.900	+8.322e+03	+3.511e+03	+9.326e+03	+0.297
85.000	+3.855e+03	+5.997e+03	+1.030e+04	+0.609
85.100	+2.032e+03	+8.092e+03	+1.113e+04	+0.799
85.200	+2.749e+03	+6.448e+03	+9.828e+03	+0.701
85.300	+3.376e+03	+7.735e+03	+9.807e+03	+0.696
85.400	+1.658e+03	+5.657e+03	+1.045e+04	+0.773
85.500	+2.722e+03	+6.837e+03	+9.846e+03	+0.715
85.600	+3.797e+03	+7.397e+03	+1.096e+04	+0.661
85.700	+3.968e+03	+5.970e+03	+1.074e+04	+0.601
85.800	+2.206e+03	+6.042e+03	+7.939e+03	+0.733
85.900	+2.924e+03	+8.098e+03	+9.444e+03	+0.735
86.000	+3.383e+03	+8.111e+03	+1.052e+04	+0.706
86.100	+5.746e+03	+5.284e+03	+9.732e+03	+0.479
86.200	+7.134e+03	+3.124e+03	+1.108e+04	+0.305
86.300	+6.469e+03	+3.932e+03	+9.587e+03	+0.378
86.400	+1.805e+03	+6.530e+03	+1.099e+04	+0.783
86.500	+1.751e+03	+7.745e+03	+9.599e+03	+0.816
86.600	+3.892e+03	+6.357e+03	+9.195e+03	+0.620
86.700	+2.747e+03	+8.168e+03	+1.010e+04	+0.748
86.800	+3.465e+03	+7.947e+03	+1.087e+04	+0.696
86.900	+1.670e+03	+7.614e+03	+1.007e+04	+0.820
87.000	+2.828e+03	+6.369e+03	+9.213e+03	+0.693
87.100	+7.241e+03	+2.300e+03	+9.631e+03	+0.241
87.200	+6.060e+03	+3.739e+03	+7.679e+03	+0.382
87.300	+6.694e+03	+3.243e+03	+9.996e+03	+0.326
87.400	+6.485e+03	+3.384e+03	+1.016e+04	+0.343
87.500	+6.199e+03	+2.640e+03	+8.693e+03	+0.299
87.600	+8.670e+03	+3.055e+03	+9.698e+03	+0.261
87.700	+6.796e+03	+2.195e+03	+1.040e+04	+0.244
87.800	+7.142e+03	+3.760e+03	+1.093e+04	+0.345
87.900	+6.562e+03	+2.914e+03	+8.939e+03	+0.307
88.000	+7.726e+03	+2.822e+03	+1.088e+04	+0.268
88.100	+6.565e+03	+4.297e+03	+8.557e+03	+0.396
88.200	+7.129e+03	+4.640e+03	+9.627e+03	+0.394
88.300	+5.158e+03	+3.685e+03	+9.826e+03	+0.417
88.400	+7.071e+03	+3.177e+03	+1.039e+04	+0.310
88.500	+8.182e+03	+4.164e+03	+9.518e+03	+0.337
88.600	+8.118e+03	+2.459e+03	+1.097e+04	+0.233
88.700	+4.808e+03	+5.263e+03	+9.707e+03	+0.523
88.800	+3.334e+03	+7.425e+03	+1.016e+04	+0.690
88.900	+2.649e+03	+7.035e+03	+9.992e+03	+0.726
89.000	+2.674e+03	+6.283e+03	+1.019e+04	+0.701
89.100	+6.388e+03	+3.348e+03	+9.822e+03	+0.344
89.200	+7.997e+03	+2.940e+03	+1.003e+04	+0.269
89.300	+7.124e+03	+2.332e+03	+1.022e+04	+0.247
89.400	+6.578e+03	+3.950e+03	+1.064e+04	+0.375
89.500	+4.947e+03	+4.374e+03	+1.060e+04	+0.469
89.600	+4.475e+03	+3.675e+03	+9.631e+03	+0.451
89.700	+3.367e+03	+7.734e+03	+9.989e+03	+0.697
89.800	+3.318e+03	+6.957e+03	+1.044e+04	+0.677
89.900	+2.469e+03	+8.012e+03	+9.050e+03	+0.764
90.000	+2.550e+03	+7.022e+03	+9.772e+03	+0.734
90.100	+3.054e+03	+7.136e+03	+1.238e+04	+0.700
90.200	+1.911e+03	+7.157e+03	+9.500e+03	+0.789
90.300	+4.886e+03	+4.430e+03	+1.090e+04	+0.475
90.400	+6.753e+03	+2.106e+03	+9.359e+03	+0.238
90.500	+6.227e+03	+2.715e+03	+9.350e+03	+0.304
90.600	+6.841e+03	+2.860e+03	+1.007e+04	+0.295
90.700	+6.739e+03	+3.479e+03	+9.593e+03	+0.340
90.800	+7.288e+03	+3.681e+03	+9.239e+03	+0.336
90.900	+7.663e+03	+4.397e+03	+1.040e+04	+0.365
91.000	+6.509e+03	+3.390e+03	+1.119e+04	+0.342
91.100	+6.791e+03	+3.206e+03	+8.979e+03	+0.321
91.200	+6.004e+03	+4.509e+03	+9.529e+03	+0.429
91.300	+7.258e+03	+3.394e+03	+1.007e+04	+0.319
