%t (s)	Idd (a.u.)	Ida (a.u.)	Iaa (a.u.)	FRET E
0.000	+6.963e+03	+2.620e+03	+1.220e+04	+0.273
0.100	+6.738e+03	+3.720e+03	+1.005e+04	+0.356
0.200	+6.625e+03	+4.947e+03	+1.020e+04	+0.428
0.300	+7.483e+03	+3.197e+03	+8.964e+03	+0.299
0.400	+6.211e+03	+3.264e+03	+1.085e+04	+0.344
0.500	+5.905e+03	+2.790e+03	+1.017e+04	+0.321
0.600	+5.287e+03	+5.232e+03	+1.084e+04	+0.497
0.700	+2.641e+03	+7.819e+03	+9.758e+03	+0.748
0.800	+2.676e+03	+7.548e+03	+9.762e+03	+0.738
0.900	+2.709e+03	+8.318e+03	+9.494e+03	+0.754
1.000	+3.877e+03	+6.009e+03	+8.808e+03	+0.608
1.100	+2.247e+03	+6.847e+03	+9.810e+03	+0.753
1.200	+1.810e+03	+6.022e+03	+1.162e+04	+0.769
1.300	+4.016e+03	+6.721e+03	+9.561e+03	+0.626
1.400	+5.185e+03	+3.054e+03	+1.033e+04	+0.371
1.500	+6.820e+03	+4.152e+03	+8.678e+03	+0.378
1.600	+6.962e+03	+3.695e+03	+1.064e+04	+0.347
1.700	+6.757e+03	+2.966e+03	+1.091e+04	+0.305
1.800	+7.367e+03	+3.858e+03	+1.014e+04	+0.344
1.900	+6.260e+03	+3.294e+03	+1.195e+04	+0.345
2.000	+6.990e+03	+3.377e+03	+1.078e+04	+0.326
2.100	+6.704e+03	+2.574e+03	+9.866e+03	+0.277
2.200	+6.387e+03	+3.373e+03	+1.038e+04	+0.346
2.300	+7.077e+03	+3.280e+03	+9.442e+03	+0.317
2.400	+7.096e+03	+3.766e+03	+1.039e+04	+0.347
2.500	+5.561e+03	+2.388e+03	+9.374e+03	+0.300
2.600	+7.442e+03	+2.745e+03	+9.392e+03	+0.269
2.700	+8.139e+03	+3.644e+03	+1.094e+04	+0.309
2.800	+7.440e+03	+2.345e+03	+1.035e+04	+0.240
2.900	+5.382e+03	+2.708e+03	+9.966e+03	+0.335
3.000	+7.341e+03	+2.975e+03	+9.927e+03	+0.288
3.100	+6.630e+03	+3.020e+03	+1.112e+04	+0.313
3.200	+7.246e+03	+1.970e+03	+1.054e+04	+0.214
3.300	+7.363e+03	+3.170e+03	+1.216e+04	+0.301
3.400	+7.051e+03	+3.169e+03	+9.112e+03	+0.310
3.500	+7.768e+03	+3.268e+03	+1.017e+04	+0.296
3.600	+7.275e+03	+3.753e+03	+8.259e+03	+0.340
3.700	+7.568e+03	+3.341e+03	+9.395e+03	+0.306
3.800	+6.881e+03	+2.230e+03	+9.278e+03	+0.245
3.900	+7.419e+03	+3.871e+03	+1.021e+04	+0.343
4.000	+7.702e+03	+2.982e+03	+1.059e+04	+0.279
4.100	+6.117e+03	+3.750e+03	+1.017e+04	+0.380
4.200	+8.342e+03	+3.703e+03	+9.828e+03	+0.307
4.300	+7.008e+03	+2.253e+03	+1.055e+04	+0.243
4.400	+6.930e+03	+2.984e+03	+1.169e+04	+0.301
4.500	+6.228e+03	+2.160e+03	+1.162e+04	+0.258
4.600	+5.355e+03	+3.390e+03	+9.852e+03	+0.388
4.700	+5.653e+03	+3.007e+03	+1.051e+04	+0.347
4.800	+8.139e+03	+1.919e+03	+1.122e+04	+0.191
4.900	+7.064e+03	+2.755e+03	+8.993e+03	+0.281
5.000	+8.705e+03	+2.690e+03	+9.401e+03	+0.236
5.100	+6.270e+03	+2.277e+03	+1.071e+04	+0.266
5.200	+7.011e+03	+2.662e+03	+1.107e+04	+0.275
5.300	+7.567e+03	+3.528e+03	+1.166e+04	+0.318
5.400	+6.591e+03	+2.872e+03	+8.756e+03	+0.303
5.500	+7.352e+03	+3.808e+03	+9.138e+03	+0.341
5.600	+7.771e+03	+2.522e+03	+1.077e+04	+0.245
5.700	+6.306e+03	+2.895e+03	+8.865e+03	+0.315
5.800	+7.446e+03	+3.073e+03	+9.807e+03	+0.292
5.900	+6.777e+03	+2.084e+03	+1.046e+04	+0.235
6.000	+7.068e+03	+3.138e+03	+9.981e+03	+0.307
6.100	+7.135e+03	+3.136e+03	+9.910e+03	+0.305
6.200	+5.826e+03	+3.465e+03	+1.095e+04	+0.373
6.300	+6.822e+03	+3.649e+03	+9.213e+03	+0.349
6.400	+8.436e+03	+1.772e+03	+9.535e+03	+0.174
6.500	+5.367e+03	+4.273e+03	+9.594e+03	+0.443
6.600	+2.077e+03	+5.778e+03	+8.985e+03	+0.736
6.700	+2.587e+03	+7.488e+03	+1.004e+04	+0.743
6.800	+5.588e+03	+5.804e+03	+9.743e+03	+0.509
6.900	+2.687e+03	+6.574e+03	+1.017e+04	+0.710
7.000	+1.990e+03	+6.914e+03	+1.154e+04	+0.776
7.100	+3.662e+03	+6.908e+03	+1.039e+04	+0.654
7.200	+3.415e+03	+8.014e+03	+1.185e+04	+0.701
7.300	+3.219e+03	+6.451e+03	+1.060e+04	+0.667
7.400	+2.935e+03	+6.858e+03	+1.065e+04	+0.700
7.500	+3.693e+03	+6.429e+03	+9.581e+03	+0.635
7.600	+4.617e+03	+6.609e+03	+1.008e+04	+0.589
7.700	+3.932e+03	+7.831e+03	+9.966e+03	+0.666
7.800	+2.731e+03	+7.093e+03	+9.817e+03	+0.722
7.900	+2.191e+03	+7.602e+03	+1.036e+04	+0.776
8.000	+2.229e+03	+8.042e+03	+1.079e+04	+0.783
8.100	+2.657e+03	+7.617e+03	+9.536e+03	+0.741
8.200	+3.557e+03	+7.203e+03	+1.059e+04	+0.669
8.300	+2.245e+03	+7.297e+03	+1.061e+04	+0.765
8.400	+5.588e+03	+7.316e+03	+1.143e+04	+0.567
8.500	+3.948e+03	+6.249e+03	+9.852e+03	+0.613
8.600	+3.610e+03	+7.040e+03	+9.634e+03	+0.661
8.700	+3.092e+03	+5.797e+03	+8.639e+03	+0.652
8.800	+2.800e+03	+6.333e+03	+1.021e+04	+0.693
8.900	+1.793e+03	+7.264e+03	+9.732e+03	+0.802
9.000	+2.418e+03	+8.473e+03	+9.223e+03	+0.778
9.100	+2.876e+03	+6.188e+03	+1.007e+04	+0.683
9.200	+2.792e+03	+7.005e+03	+9.586e+03	+0.715
9.300	+2.986e+03	+7.216e+03	+1.101e+04	+0.707
9.400	+3.799e+03	+6.203e+03	+8.812e+03	+0.620
9.500	+2.371e+03	+5.786e+03	+9.786e+03	+0.709
9.600	+2.492e+03	+8.338e+03	+9.587e+03	+0.770
9.700	+2.866e+03	+6.477e+03	+9.949e+03	+0.693
9.800	+3.530e+03	+5.764e+03	+9.842e+03	+0.620
9.900	+3.631e+03	+6.190e+03	+1.155e+04	+0.630
10.000	+4.127e+03	+6.666e+03	+9.981e+03	+0.618
10.100	+2.910e+03	+6.617e+03	+1.058e+04	+0.695
10.200	+3.593e+03	+7.586e+03	+1.093e+04	+0.679
10.300	+3.487e+03	+6.757e+03	+1.142e+04	+0.660
10.400	+2.946e+03	+7.001e+03	+9.418e+03	+0.704
10.500	+3.325e+03	+5.694e+03	+1.056e+04	+0.631
10.600	+1.982e+03	+7.979e+03	+1.112e+04	+0.801
10.700	+3.013e+03	+6.860e+03	+9.358e+03	+0.695
10.800	+3.363e+03	+5.567e+03	+9.597e+03	+0.623
10.900	+2.000e+03	+7.981e+03	+9.526e+03	+0.800
11.000	+3.728e+03	+6.291e+03	+8.330e+03	+0.628
11.100	+1.939e+03	+6.238e+03	+1.028e+04	+0.763
11.200	+2.182e+03	+6.175e+03	+1.160e+04	+0.739
11.300	+2.598e+03	+6.684e+03	+9.597e+03	+0.720
11.400	+6.571e+03	+4.241e+03	+9.767e+03	+0.392
11.500	+7.328e+03	+3.551e+03	+1.098e+04	+0.326
11.600	+6.623e+03	+4.198e+03	+1.197e+04	+0.388
11.700	+7.526e+03	+2.078e+03	+9.631e+03	+0.216
11.800	+5.894e+03	+2.217e+03	+1.092e+04	+0.273
11.900	+5.766e+03	+4.241e+03	+1.026e+04	+0.424
12.000	+5.060e+03	+3.312e+03	+9.679e+03	+0.396
12.100	+4.565e+03	+4.426e+03	+1.004e+04	+0.492
12.200	+6.681e+03	+3.263e+03	+1.030e+04	+0.328
12.300	+3.422e+03	+5.031e+03	+9.244e+03	+0.595
12.400	+2.205e+03	+5.900e+03	+9.649e+03	+0.728
12.500	+3.139e+03	+5.463e+03	+1.106e+04	+0.635
12.600	+2.593e+03	+6.505e+03	+9.576e+03	+0.715
12.700	+2.014e+03	+6.926e+03	+1.177e+04	+0.775
12.800	+3.668e+03	+7.046e+03	+1.045e+04	+0.658
12.900	+2.742e+03	+7.045e+03	+1.105e+04	+0.720
13.000	+3.848e+03	+6.788e+03	+1.028e+04	+0.638
13.100	+3.863e+03	+5.467e+03	+1.035e+04	+0.586
13.200	+4.448e+03	+6.846e+03	+9.741e+03	+0.606
13.300	+3.310e+03	+8.070e+03	+8.969e+03	+0.709
13.400	+2.655e+03	+7.361e+03	+1.114e+04	+0.735
13.500	+2.028e+03	+6.792e+03	+1.034e+04	+0.770
13.600	+3.320e+03	+7.603e+03	+9.475e+03	+0.696
13.700	+2.562e+03	+6.815e+03	+1.015e+04	+0.727
13.800	+2.559e+03	+7.397e+03	+1.042e+04	+0.743
13.900	+2.528e+03	+6.996e+03	+1.063e+04	+0.735
14.000	+3.503e+03	+7.429e+03	+1.179e+04	+0.680
14.100	+2.219e+03	+6.345e+03	+1.044e+04	+0.741
14.200	+2.831e+03	+7.771e+03	+1.023e+04	+0.733
14.300	+3.692e+03	+8.131e+03	+9.704e+03	+0.688
14.400	+2.261e+03	+6.314e+03	+8.781e+03	+0.736
14.500	+2.474e+03	+6.744e+03	+9.258e+03	+0.732
14.600	+5.602e+03	+3.824e+03	+9.765e+03	+0.406
14.700	+7.026e+03	+2.987e+03	+9.982e+03	+0.298
14.800	+8.000e+03	+1.353e+03	+1.030e+04	+0.145
14.900	+7.351e+03	+3.112e+03	+9.387e+03	+0.297
15.000	+6.646e+03	+3.806e+03	+9.477e+03	+0.364
15.100	+7.867e+03	+2.181e+03	+9.952e+03	+0.217
15.200	+7.973e+03	+3.949e+03	+1.005e+04	+0.331
15.300	+6.633e+03	+3.401e+03	+1.144e+04	+0.339
15.400	+8.437e+03	+4.164e+03	+9.479e+03	+0.330
15.500	+7.439e+03	+2.856e+03	+1.126e+04	+0.277
15.600	+6.006e+03	+4.184e+03	+9.871e+03	+0.411
15.700	+1.633e+03	+5.936e+03	+1.005e+04	+0.784
15.800	+2.531e+03	+6.279e+03	+1.089e+04	+0.713
15.900	+1.043e+03	+7.493e+03	+1.027e+04	+0.878
16.000	+3.342e+03	+6.082e+03	+9.116e+03	+0.645
16.100	+2.814e+03	+7.044e+03	+9.163e+03	+0.715
16.200	+3.023e+03	+8.193e+03	+8.843e+03	+0.730
16.300	+3.194e+03	+7.653e+03	+9.661e+03	+0.706
16.400	+2.838e+03	+7.689e+03	+9.754e+03	+0.730
16.500	+3.390e+03	+7.258e+03	+9.457e+03	+0.682
16.600	+3.468e+03	+8.736e+03	+1.013e+04	+0.716
16.700	+3.591e+03	+7.725e+03	+1.112e+04	+0.683
16.800	+3.702e+03	+6.991e+03	+9.870e+03	+0.654
16.900	+2.162e+03	+7.806e+03	+1.217e+04	+0.783
17.000	+3.337e+03	+6.915e+03	+1.024e+04	+0.674
17.100	+4.171e+03	+6.765e+03	+8.728e+03	+0.619
17.200	+2.089e+03	+7.104e+03	+1.029e+04	+0.773
17.300	+3.361e+03	+7.722e+03	+9.106e+03	+0.697
17.400	+2.489e+03	+5.987e+03	+1.037e+04	+0.706
17.500	+3.564e+03	+7.120e+03	+9.740e+03	+0.666
17.600	+1.896e+03	+7.887e+03	+8.966e+03	+0.806
17.700	+3.337e+03	+6.968e+03	+1.064e+04	+0.676
17.800	+3.148e+03	+6.702e+03	+1.069e+04	+0.680
17.900	+2.911e+03	+6.631e+03	+1.000e+04	+0.695
18.000	+3.373e+03	+7.962e+03	+1.047e+04	+0.702
18.100	+2.520e+03	+7.213e+03	+1.167e+04	+0.741
18.200	+1.638e+03	+6.289e+03	+9.351e+03	+0.793
18.300	+9.601e+02	+6.413e+03	+1.139e+04	+0.870
18.400	+2.990e+03	+7.333e+03	+8.105e+03	+0.710
18.500	+5.599e+03	+4.468e+03	+9.238e+03	+0.444
18.600	+6.246e+03	+4.151e+03	+1.046e+04	+0.399
18.700	+7.744e+03	+2.081e+03	+1.053e+04	+0.212
18.800	+6.853e+03	+4.232e+03	+9.535e+03	+0.382
18.900	+6.454e+03	+2.673e+03	+9.314e+03	+0.293
19.000	+6.765e+03	+2.501e+03	+9.131e+03	+0.270
19.100	+3.925e+03	+6.408e+03	+9.516e+03	+0.620
19.200	+2.608e+03	+6.350e+03	+8.303e+03	+0.709
19.300	+2.961e+03	+6.856e+03	+1.041e+04	+0.698
19.400	+2.259e+03	+6.935e+03	+9.850e+03	+0.754
19.500	+2.646e+03	+7.135e+03	+8.305e+03	+0.729
19.600	+2.746e+03	+6.931e+03	+1.032e+04	+0.716
19.700	+1.591e+03	+7.032e+03	+1.129e+04	+0.815
19.800	+2.244e+03	+7.402e+03	+9.889e+03	+0.767
19.900	+1.896e+03	+8.728e+03	+9.898e+03	+0.822
20.000	+3.989e+03	+8.122e+03	+1.009e+04	+0.671
20.100	+2.366e+03	+6.707e+03	+1.044e+04	+0.739
20.200	+2.267e+03	+5.965e+03	+9.148e+03	+0.725
20.300	+3.648e+03	+6.343e+03	+1.189e+04	+0.635
20.400	+3.209e+03	+6.069e+03	+9.582e+03	+0.654
20.500	+3.000e+03	+6.101e+03	+9.294e+03	+0.670
20.600	+3.909e+03	+6.954e+03	+1.066e+04	+0.640
20.700	+2.109e+03	+6.831e+03	+1.007e+04	+0.764
20.800	+2.800e+03	+6.544e+03	+9.934e+03	+0.700
20.900	+3.628e+03	+6.774e+03	+1.042e+04	+0.651
21.000	+3.655e+03	+6.438e+03	+9.242e+03	+0.638
21.100	+3.657e+03	+6.635e+03	+9.896e+03	+0.645
21.200	+2.941e+03	+5.704e+03	+1.093e+04	+0.660
21.300	+3.107e+03	+8.068e+03	+1.090e+04	+0.722
21.400	+6.738e+03	+4.131e+03	+9.787e+03	+0.380
21.500	+7.657e+03	+3.410e+03	+8.418e+03	+0.308
21.600	+6.717e+03	+3.484e+03	+1.123e+04	+0.342
21.700	+7.628e+03	+1.377e+03	+9.054e+03	+0.153
21.800	+6.165e+03	+3.436e+03	+9.100e+03	+0.358
21.900	+7.523e+03	+2.312e+03	+9.556e+03	+0.235
22.000	+6.929e+03	+3.853e+03	+1.055e+04	+0.357
22.100	+7.317e+03	+2.464e+03	+9.951e+03	+0.252
22.200	+8.035e+03	+2.490e+03	+9.968e+03	+0.237
22.300	+7.178e+03	+3.384e+03	+1.060e+04	+0.320
22.400	+5.890e+03	+3.822e+03	+9.438e+03	+0.394
22.500	+7.156e+03	+3.784e+03	+1.004e+04	+0.346
22.600	+7.460e+03	+3.560e+03	+8.728e+03	+0.323
22.700	+3.956e+03	+5.528e+03	+9.439e+03	+0.583
22.800	+2.446e+03	+8.094e+03	+9.899e+03	+0.768
22.900	+3.699e+03	+7.111e+03	+9.760e+03	+0.658
23.000	+7.314e+03	+3.549e+03	+1.051e+04	+0.327
23.100	+4.356e+03	+6.754e+03	+1.045e+04	+0.608
23.200	+2.513e+03	+5.780e+03	+9.029e+03	+0.697
23.300	+2.363e+03	+5.371e+03	+1.076e+04	+0.694
23.400	+2.695e+03	+8.007e+03	+1.077e+04	+0.748
23.500	+7.599e+03	+3.508e+03	+9.698e+03	+0.316
23.600	+7.083e+03	+2.138e+03	+9.925e+03	+0.232
23.700	+6.957e+03	+2.079e+03	+9.511e+03	+0.230
23.800	+7.818e+03	+3.218e+03	+9.580e+03	+0.292
23.900	+7.423e+03	+2.447e+03	+9.144e+03	+0.248
24.000	+7.424e+03	+2.951e+03	+8.503e+03	+0.284
24.100	+6.937e+03	+3.094e+03	+1.029e+04	+0.308
24.200	+8.293e+03	+3.838e+03	+9.473e+03	+0.316
24.300	+4.340e+03	+7.123e+03	+9.771e+03	+0.621
24.400	+3.234e+03	+5.567e+03	+1.025e+04	+0.633
24.500	+2.383e+03	+6.636e+03	+9.968e+03	+0.736
24.600	+4.819e+03	+7.004e+03	+9.592e+03	+0.592
24.700	+2.476e+03	+7.590e+03	+1.045e+04	+0.754
24.800	+2.889e+03	+6.836e+03	+1.087e+04	+0.703
24.900	+2.486e+03	+7.096e+03	+1.109e+04	+0.741
25.000	+2.864e+03	+7.392e+03	+1.103e+04	+0.721
25.100	+3.268e+03	+7.301e+03	+1.030e+04	+0.691
25.200	+1.751e+03	+8.876e+03	+1.153e+04	+0.835
25.300	+3.512e+03	+6.024e+03	+8.487e+03	+0.632
25.400	+2.941e+03	+6.105e+03	+1.041e+04	+0.675
25.500	+4.768e+03	+6.412e+03	+1.119e+04	+0.574
25.600	+2.008e+03	+7.150e+03	+1.062e+04	+0.781
25.700	+3.635e+03	+7.058e+03	+8.946e+03	+0.660
25.800	+1.984e+03	+7.915e+03	+8.937e+03	+0.800
25.900	+1.262e+03	+5.225e+03	+8.563e+03	+0.805
26.000	+4.513e+03	+4.902e+03	+1.041e+04	+0.521
26.100	+5.464e+03	+5.906e+03	+1.065e+04	+0.519
26.200	+2.985e+03	+7.208e+03	+1.139e+04	+0.707
26.300	+3.227e+03	+7.463e+03	+9.532e+03	+0.698
26.400	+2.113e+03	+7.492e+03	+1.112e+04	+0.780
26.500	+2.532e+03	+6.254e+03	+1.033e+04	+0.712
26.600	+2.911e+03	+7.846e+03	+1.017e+04	+0.729
26.700	+2.987e+03	+7.102e+03	+1.047e+04	+0.704
26.800	+3.152e+03	+7.024e+03	+9.683e+03	+0.690
26.900	+3.410e+03	+7.563e+03	+8.839e+03	+0.689
27.000	+6.576e+03	+3.638e+03	+1.045e+04	+0.356
27.100	+6.645e+03	+2.346e+03	+9.998e+03	+0.261
27.200	+6.588e+03	+3.188e+03	+1.069e+04	+0.326
27.300	+2.642e+03	+6.267e+03	+9.829e+03	+0.703
27.400	+1.582e+03	+6.827e+03	+1.067e+04	+0.812
27.500	+3.344e+03	+6.320e+03	+1.046e+04	+0.654
27.600	+1.268e+03	+6.500e+03	+9.513e+03	+0.837
27.700	+3.414e+03	+7.135e+03	+9.625e+03	+0.676
27.800	+3.143e+03	+7.012e+03	+1.075e+04	+0.690
27.900	+2.336e+03	+5.307e+03	+9.422e+03	+0.694
28.000	+3.007e+03	+7.086e+03	+1.028e+04	+0.702
28.100	+1.460e+03	+5.759e+03	+8.204e+03	+0.798
28.200	+3.490e+03	+6.946e+03	+1.156e+04	+0.666
28.300	+3.095e+03	+7.228e+03	+1.073e+04	+0.700
28.400	+1.972e+03	+7.012e+03	+1.110e+04	+0.781
28.500	+3.415e+03	+5.950e+03	+9.725e+03	+0.635
28.600	+3.684e+03	+6.334e+03	+9.338e+03	+0.632
28.700	+3.895e+03	+7.342e+03	+9.333e+03	+0.653
28.800	+4.946e+03	+7.950e+03	+8.968e+03	+0.616
28.900	+1.395e+03	+6.090e+03	+1.001e+04	+0.814
29.000	+1.784e+03	+8.611e+03	+1.004e+04	+0.828
29.100	+1.921e+03	+7.103e+03	+1.047e+04	+0.787
29.200	+3.518e+03	+6.919e+03	+9.670e+03	+0.663
29.300	+1.796e+03	+7.241e+03	+1.099e+04	+0.801
29.400	+1.844e+03	+7.628e+03	+9.746e+03	+0.805
29.500	+3.996e+03	+7.258e+03	+1.029e+04	+0.645
29.600	+3.216e+03	+8.508e+03	+9.365e+03	+0.726
29.700	+2.793e+03	+6.651e+03	+9.155e+03	+0.704
29.800	+5.221e+03	+4.499e+03	+1.092e+04	+0.463
29.900	+6.034e+03	+2.656e+03	+9.886e+03	+0.306
30.000	+7.419e+03	+4.585e+03	+9.027e+03	+0.382
30.100	+6.366e+03	+2.887e+03	+1.033e+04	+0.312
30.200	+6.685e+03	+3.040e+03	+1.066e+04	+0.313
30.300	+8.063e+03	+4.012e+03	+9.806e+03	+0.332
30.400	+7.161e+03	+3.712e+03	+1.016e+04	+0.341
30.500	+7.470e+03	+2.618e+03	+1.018e+04	+0.260
30.600	+6.849e+03	+2.076e+03	+1.071e+04	+0.233
30.700	+7.568e+03	+3.617e+03	+1.164e+04	+0.323
30.800	+6.646e+03	+2.587e+03	+9.579e+03	+0.280
30.900	+3.563e+03	+5.263e+03	+1.149e+04	+0.596
31.000	+2.912e+03	+6.260e+03	+9.767e+03	+0.683
31.100	+2.816e+03	+7.106e+03	+1.014e+04	+0.716
31.200	+3.942e+03	+5.830e+03	+1.039e+04	+0.597
31.300	+2.935e+03	+6.106e+03	+1.076e+04	+0.675
31.400	+6.513e+03	+2.912e+03	+1.105e+04	+0.309
31.500	+5.860e+03	+5.664e+03	+1.006e+04	+0.492
31.600	+3.895e+03	+7.561e+03	+9.970e+03	+0.660
31.700	+2.684e+03	+6.749e+03	+1.001e+04	+0.716
31.800	+3.744e+03	+6.003e+03	+9.806e+03	+0.616
31.900	+2.840e+03	+7.837e+03	+9.611e+03	+0.734
32.000	+3.110e+03	+6.154e+03	+1.052e+04	+0.664
32.100	+4.753e+03	+5.704e+03	+1.020e+04	+0.545
32.200	+3.307e+03	+6.901e+03	+1.089e+04	+0.676
32.300	+2.883e+03	+6.785e+03	+1.079e+04	+0.702
32.400	+3.897e+03	+6.444e+03	+1.033e+04	+0.623
32.500	+2.163e+03	+7.166e+03	+8.741e+03	+0.768
32.600	+3.433e+03	+6.423e+03	+9.812e+03	+0.652
32.700	+3.107e+03	+6.340e+03	+9.583e+03	+0.671
32.800	+2.616e+03	+8.060e+03	+9.359e+03	+0.755
32.900	+3.027e+03	+6.570e+03	+9.563e+03	+0.685
33.000	+3.283e+03	+6.574e+03	+1.048e+04	+0.667
33.100	+2.613e+03	+7.279e+03	+1.022e+04	+0.736
33.200	+3.429e+03	+6.105e+03	+1.008e+04	+0.640
33.300	+2.592e+03	+5.863e+03	+9.088e+03	+0.693
33.400	+1.539e+03	+8.255e+03	+9.405e+03	+0.843
33.500	+2.561e+03	+7.394e+03	+1.036e+04	+0.743
33.600	+2.556e+03	+7.324e+03	+8.324e+03	+0.741
33.700	+3.405e+03	+6.744e+03	+9.364e+03	+0.665
33.800	+3.254e+03	+7.145e+03	+1.114e+04	+0.687
33.900	+2.259e+03	+6.411e+03	+9.740e+03	+0.739
34.000	+3.902e+03	+6.962e+03	+9.521e+03	+0.641
34.100	+3.134e+03	+5.944e+03	+1.130e+04	+0.655
34.200	+3.479e+03	+6.742e+03	+9.228e+03	+0.660
34.300	+3.172e+03	+5.674e+03	+9.677e+03	+0.641
34.400	+3.117e+03	+6.747e+03	+8.703e+03	+0.684
34.500	+1.923e+03	+7.273e+03	+1.101e+04	+0.791
34.600	+4.796e+03	+6.822e+03	+1.152e+04	+0.587
34.700	+2.963e+03	+6.972e+03	+1.007e+04	+0.702
34.800	+3.005e+03	+8.084e+03	+8.563e+03	+0.729
34.900	+2.163e+03	+6.670e+03	+9.947e+03	+0.755
35.000	+7.269e+02	+6.108e+03	+9.811e+03	+0.894
35.100	+3.425e+03	+8.001e+03	+1.004e+04	+0.700
35.200	+4.038e+03	+6.240e+03	+9.217e+03	+0.607
35.300	+2.751e+03	+7.607e+03	+1.112e+04	+0.734
35.400	+2.919e+03	+7.146e+03	+8.942e+03	+0.710
35.500	+3.003e+03	+6.354e+03	+9.211e+03	+0.679
35.600	+4.024e+03	+7.246e+03	+9.612e+03	+0.643
35.700	+4.529e+03	+5.912e+03	+1.121e+04	+0.566
35.800	+4.234e+03	+5.953e+03	+1.098e+04	+0.584
35.900	+2.063e+03	+6.815e+03	+1.010e+04	+0.768
36.000	+3.378e+03	+6.712e+03	+1.192e+04	+0.665
36.100	+3.078e+03	+6.393e+03	+9.779e+03	+0.675
36.200	+3.431e+03	+8.162e+03	+9.875e+03	+0.704
36.300	+2.872e+03	+6.466e+03	+9.936e+03	+0.692
36.400	+3.830e+03	+7.248e+03	+9.815e+03	+0.654
36.500	+4.005e+03	+6.360e+03	+1.003e+04	+0.614
36.600	+2.525e+03	+7.048e+03	+9.605e+03	+0.736
36.700	+2.823e+03	+7.122e+03	+9.583e+03	+0.716
36.800	+3.013e+03	+6.501e+03	+9.387e+03	+0.683
36.900	+2.824e+03	+7.673e+03	+1.104e+04	+0.731
37.000	+3.151e+03	+6.258e+03	+8.308e+03	+0.665
37.100	+3.923e+03	+5.759e+03	+1.061e+04	+0.595
37.200	+3.773e+03	+6.890e+03	+1.024e+04	+0.646
37.300	+3.793e+03	+6.691e+03	+9.279e+03	+0.638
37.400	+2.739e+03	+6.726e+03	+9.357e+03	+0.711
37.500	+3.225e+03	+7.094e+03	+9.845e+03	+0.687
37.600	+4.178e+03	+6.638e+03	+9.641e+03	+0.614
37.700	+3.933e+03	+8.752e+03	+9.097e+03	+0.690
37.800	+2.075e+03	+7.682e+03	+8.396e+03	+0.787
37.900	+3.900e+03	+7.464e+03	+9.211e+03	+0.657
38.000	+2.206e+03	+6.386e+03	+9.790e+03	+0.743
38.100	+3.535e+03	+7.364e+03	+8.320e+03	+0.676
38.200	+3.959e+03	+6.263e+03	+1.034e+04	+0.613
38.300	+3.335e+03	+6.792e+03	+1.180e+04	+0.671
38.400	+2.591e+03	+6.766e+03	+1.108e+04	+0.723
38.500	+3.214e+03	+7.552e+03	+8.737e+03	+0.701
38.600	+8.395e+03	+2.725e+03	+1.064e+04	+0.245
38.700	+7.364e+03	+3.135e+03	+1.047e+04	+0.299
38.800	+7.516e+03	+1.505e+03	+9.004e+03	+0.167
38.900	+7.027e+03	+4.634e+03	+1.044e+04	+0.397
39.000	+7.552e+03	+2.377e+03	+1.090e+04	+0.239
39.100	+8.063e+03	+2.169e+03	+1.078e+04	+0.212
39.200	+6.926e+03	+3.536e+03	+9.073e+03	+0.338
39.300	+6.098e+03	+2.289e+03	+1.067e+04	+0.273
39.400	+8.336e+03	+1.092e+03	+9.738e+03	+0.116
39.500	+7.094e+03	+2.178e+03	+1.114e+04	+0.235
39.600	+8.641e+03	+3.254e+03	+1.062e+04	+0.274
39.700	+6.141e+03	+3.138e+03	+1.018e+04	+0.338
39.800	+7.706e+03	+3.019e+03	+1.024e+04	+0.282
39.900	+3.532e+03	+6.966e+03	+1.041e+04	+0.664
40.000	+3.756e+03	+7.507e+03	+1.033e+04	+0.667
40.100	+2.707e+03	+7.394e+03	+9.958e+03	+0.732
40.200	+4.392e+03	+7.293e+03	+9.735e+03	+0.624
40.300	+4.315e+03	+7.466e+03	+1.084e+04	+0.634
40.400	+3.407e+03	+7.327e+03	+7.706e+03	+0.683
40.500	+4.190e+03	+6.526e+03	+8.980e+03	+0.609
40.600	+4.189e+03	+6.854e+03	+1.044e+04	+0.621
40.700	+4.105e+03	+7.699e+03	+9.025e+03	+0.652
40.800	+3.893e+03	+8.002e+03	+1.026e+04	+0.673
40.900	+2.245e+03	+5.886e+03	+9.792e+03	+0.724
41.000	+5.698e+03	+3.629e+03	+9.028e+03	+0.389
41.100	+6.909e+03	+3.365e+03	+1.012e+04	+0.327
41.200	+3.254e+03	+7.113e+03	+9.796e+03	+0.686
41.300	+4.316e+03	+6.087e+03	+1.127e+04	+0.585
41.400	+3.391e+03	+6.977e+03	+1.101e+04	+0.673
41.500	+2.960e+03	+8.019e+03	+9.024e+03	+0.730
41.600	+2.374e+03	+8.085e+03	+8.095e+03	+0.773
41.700	+4.568e+03	+6.771e+03	+8.964e+03	+0.597
41.800	+3.595e+03	+6.328e+03	+1.097e+04	+0.638
41.900	+2.814e+03	+7.114e+03	+9.852e+03	+0.717
42.000	+5.928e+03	+2.593e+03	+8.557e+03	+0.304
42.100	+8.175e+03	+2.744e+03	+9.799e+03	+0.251
42.200	+5.596e+03	+3.018e+03	+1.124e+04	+0.350
42.300	+8.639e+03	+3.868e+03	+9.830e+03	+0.309
42.400	+6.873e+03	+3.483e+03	+9.904e+03	+0.336
42.500	+2.428e+03	+7.504e+03	+9.004e+03	+0.756
42.600	+3.581e+03	+7.143e+03	+9.224e+03	+0.666
42.700	+3.247e+03	+6.670e+03	+8.592e+03	+0.673
42.800	+2.571e+03	+7.767e+03	+9.999e+03	+0.751
42.900	+2.898e+03	+7.102e+03	+9.914e+03	+0.710
43.000	+3.257e+03	+7.761e+03	+8.746e+03	+0.704
43.100	+3.082e+03	+9.024e+03	+9.607e+03	+0.745
43.200	+3.415e+03	+6.414e+03	+9.770e+03	+0.653
43.300	+7.086e+03	+3.485e+03	+1.003e+04	+0.330
43.400	+7.104e+03	+2.625e+03	+9.364e+03	+0.270
43.500	+6.280e+03	+2.288e+03	+1.043e+04	+0.267
43.600	+7.331e+03	+3.111e+03	+1.025e+04	+0.298
43.700	+6.695e+03	+3.191e+03	+1.005e+04	+0.323
43.800	+7.942e+03	+1.666e+03	+1.029e+04	+0.173
43.900	+6.996e+03	+2.160e+03	+1.054e+04	+0.236
44.000	+7.322e+03	+2.629e+03	+1.101e+04	+0.264
44.100	+6.076e+03	+3.609e+03	+9.650e+03	+0.373
44.200	+5.542e+03	+3.284e+03	+9.668e+03	+0.372
44.300	+6.352e+03	+3.828e+03	+1.111e+04	+0.376
44.400	+6.873e+03	+2.721e+03	+9.736e+03	+0.284
44.500	+7.653e+03	+4.181e+03	+9.470e+03	+0.353
44.600	+8.037e+03	+2.932e+03	+1.136e+04	+0.267
44.700	+6.252e+03	+4.338e+03	+1.035e+04	+0.410
44.800	+7.836e+03	+3.394e+03	+1.077e+04	+0.302
44.900	+7.520e+03	+3.323e+03	+9.957e+03	+0.306
45.000	+7.554e+03	+3.002e+03	+1.176e+04	+0.284
45.100	+6.987e+03	+1.471e+03	+1.075e+04	+0.174
45.200	+5.565e+03	+3.930e+03	+1.039e+04	+0.414
45.300	+4.151e+03	+8.109e+03	+9.646e+03	+0.661
45.400	+3.888e+03	+4.974e+03	+9.337e+03	+0.561
45.500	+3.294e+03	+6.677e+03	+1.022e+04	+0.670
45.600	+2.653e+03	+6.677e+03	+9.854e+03	+0.716
45.700	+2.514e+03	+6.585e+03	+9.739e+03	+0.724
45.800	+3.121e+03	+7.386e+03	+1.024e+04	+0.703
45.900	+1.708e+03	+5.861e+03	+9.936e+03	+0.774
46.000	+2.261e+03	+6.814e+03	+1.029e+04	+0.751
46.100	+3.461e+03	+5.901e+03	+1.076e+04	+0.630
46.200	+2.937e+03	+7.939e+03	+9.822e+03	+0.730
46.300	+4.095e+03	+7.281e+03	+1.035e+04	+0.640
46.400	+2.455e+03	+7.211e+03	+1.091e+04	+0.746
46.500	+3.378e+03	+6.879e+03	+9.582e+03	+0.671
46.600	+3.364e+03	+7.334e+03	+1.125e+04	+0.686
46.700	+2.449e+03	+6.600e+03	+9.674e+03	+0.729
46.800	+2.755e+03	+5.623e+03	+1.023e+04	+0.671
46.900	+4.803e+03	+7.435e+03	+1.075e+04	+0.608
47.000	+3.784e+03	+7.216e+03	+1.014e+04	+0.656
47.100	+4.212e+03	+8.056e+03	+9.919e+03	+0.657
47.200	+2.370e+03	+5.086e+03	+9.235e+03	+0.682
47.300	+3.073e+03	+5.790e+03	+9.138e+03	+0.653
47.400	+4.300e+03	+5.444e+03	+1.052e+04	+0.559
47.500	+6.451e+03	+3.002e+03	+9.927e+03	+0.318
47.600	+7.404e+03	+3.394e+03	+1.082e+04	+0.314
47.700	+8.158e+03	+2.049e+03	+9.561e+03	+0.201
47.800	+6.359e+03	+2.510e+03	+9.471e+03	+0.283
47.900	+6.388e+03	+2.272e+03	+9.026e+03	+0.262
48.000	+7.626e+03	+4.178e+03	+9.878e+03	+0.354
48.100	+6.810e+03	+3.875e+03	+1.070e+04	+0.363
48.200	+6.323e+03	+2.675e+03	+9.703e+03	+0.297
48.300	+6.808e+03	+2.950e+03	+9.251e+03	+0.302
48.400	+8.302e+03	+2.413e+03	+1.087e+04	+0.225
48.500	+6.536e+03	+3.199e+03	+9.858e+03	+0.329
48.600	+6.514e+03	+3.435e+03	+1.057e+04	+0.345
48.700	+5.600e+03	+3.241e+03	+1.191e+04	+0.367
48.800	+6.926e+03	+3.086e+03	+8.880e+03	+0.308
48.900	+6.513e+03	+4.314e+03	+1.087e+04	+0.398
49.000	+8.195e+03	+4.042e+03	+1.082e+04	+0.330
49.100	+6.119e+03	+3.233e+03	+9.341e+03	+0.346
49.200	+6.347e+03	+4.714e+03	+9.029e+03	+0.426
49.300	+4.291e+03	+5.517e+03	+9.624e+03	+0.563
49.400	+2.553e+03	+6.864e+03	+1.040e+04	+0.729
49.500	+3.998e+03	+6.746e+03	+1.001e+04	+0.628
49.600	+3.839e+03	+6.398e+03	+1.088e+04	+0.625
49.700	+4.482e+03	+8.671e+03	+1.016e+04	+0.659
49.800	+2.390e+03	+5.787e+03	+9.510e+03	+0.708
49.900	+2.380e+03	+7.418e+03	+1.034e+04	+0.757
50.000	+2.244e+03	+6.422e+03	+1.032e+04	+0.741
50.100	+3.612e+03	+8.196e+03	+1.105e+04	+0.694
50.200	+3.024e+03	+7.307e+03	+1.018e+04	+0.707
50.300	+3.033e+03	+6.405e+03	+1.048e+04	+0.679
50.400	+4.161e+03	+7.450e+03	+9.452e+03	+0.642
50.500	+4.592e+03	+6.444e+03	+9.584e+03	+0.584
50.600	+6.796e+03	+4.943e+03	+8.979e+03	+0.421
50.700	+6.593e+03	+1.921e+03	+1.013e+04	+0.226
50.800	+6.556e+03	+2.959e+03	+8.853e+03	+0.311
50.900	+6.737e+03	+3.325e+03	+8.901e+03	+0.330
51.000	+7.889e+03	+2.961e+03	+1.024e+04	+0.273
51.100	+5.605e+03	+4.881e+03	+1.042e+04	+0.465
51.200	+7.426e+03	+4.533e+03	+9.873e+03	+0.379
51.300	+7.131e+03	+2.552e+03	+1.016e+04	+0.264
51.400	+7.088e+03	+2.860e+03	+1.030e+04	+0.288
51.500	+7.701e+03	+2.603e+03	+1.071e+04	+0.253
51.600	+6.780e+03	+3.794e+03	+1.017e+04	+0.359
51.700	+5.708e+03	+2.264e+03	+9.886e+03	+0.284
51.800	+7.805e+03	+2.561e+03	+1.056e+04	+0.247
51.900	+7.080e+03	+3.290e+03	+1.016e+04	+0.317
52.000	+5.301e+03	+2.820e+03	+9.265e+03	+0.347
52.100	+7.367e+03	+3.952e+03	+1.082e+04	+0.349
52.200	+5.623e+03	+4.222e+03	+9.052e+03	+0.429
52.300	+1.587e+03	+7.489e+03	+1.021e+04	+0.825
52.400	+2.912e+03	+7.265e+03	+1.224e+04	+0.714
52.500	+3.982e+03	+7.114e+03	+9.708e+03	+0.641
52.600	+3.235e+03	+6.598e+03	+1.054e+04	+0.671
52.700	+5.236e+03	+5.749e+03	+1.060e+04	+0.523
52.800	+6.346e+03	+3.298e+03	+9.656e+03	+0.342
52.900	+6.219e+03	+4.253e+03	+9.338e+03	+0.406
53.000	+6.151e+03	+2.893e+03	+1.015e+04	+0.320
53.100	+6.621e+03	+2.957e+03	+1.031e+04	+0.309
53.200	+8.029e+03	+3.814e+03	+1.127e+04	+0.322
53.300	+3.199e+03	+7.186e+03	+9.172e+03	+0.692
53.400	+3.765e+03	+7.064e+03	+1.009e+04	+0.652
53.500	+2.887e+03	+7.050e+03	+1.088e+04	+0.709
53.600	+3.065e+03	+6.060e+03	+9.088e+03	+0.664
53.700	+2.069e+03	+6.152e+03	+9.357e+03	+0.748
53.800	+2.186e+03	+7.508e+03	+9.592e+03	+0.774
53.900	+4.144e+03	+7.111e+03	+1.126e+04	+0.632
54.000	+4.623e+03	+6.070e+03	+9.837e+03	+0.568
54.100	+6.323e+03	+4.353e+03	+1.055e+04	+0.408
54.200	+7.808e+03	+3.183e+03	+1.083e+04	+0.290
54.300	+5.983e+03	+2.405e+03	+1.044e+04	+0.287
54.400	+7.299e+03	+2.965e+03	+9.709e+03	+0.289
54.500	+6.896e+03	+2.633e+03	+9.685e+03	+0.276
54.600	+5.940e+03	+4.585e+03	+1.095e+04	+0.436
54.700	+6.396e+03	+2.701e+03	+1.077e+04	+0.297
54.800	+8.046e+03	+3.597e+03	+1.039e+04	+0.309
54.900	+8.006e+03	+3.310e+03	+9.217e+03	+0.293
55.000	+6.783e+03	+4.456e+03	+1.004e+04	+0.396
55.100	+8.462e+03	+3.642e+03	+1.061e+04	+0.301
55.200	+7.196e+03	+2.033e+03	+1.157e+04	+0.220
55.300	+5.235e+03	+4.223e+03	+1.038e+04	+0.446
55.400	+8.571e+03	+1.845e+03	+1.190e+04	+0.177
55.500	+6.548e+03	+3.387e+03	+9.741e+03	+0.341
55.600	+6.698e+03	+2.001e+03	+8.977e+03	+0.230
55.700	+6.298e+03	+2.305e+03	+1.040e+04	+0.268
55.800	+6.338e+03	+2.714e+03	+1.215e+04	+0.300
55.900	+7.448e+03	+2.435e+03	+1.009e+04	+0.246
56.000	+8.582e+03	+3.458e+03	+1.011e+04	+0.287
56.100	+7.300e+03	+2.409e+03	+9.298e+03	+0.248
56.200	+7.666e+03	+2.525e+03	+9.111e+03	+0.248
56.300	+8.057e+03	+3.452e+03	+1.017e+04	+0.300
56.400	+7.933e+03	+3.177e+03	+9.907e+03	+0.286
56.500	+6.209e+03	+3.044e+03	+1.208e+04	+0.329
56.600	+6.837e+03	+2.703e+03	+1.098e+04	+0.283
56.700	+6.048e+03	+2.747e+03	+1.041e+04	+0.312
56.800	+7.850e+03	+3.006e+03	+9.928e+03	+0.277
56.900	+7.037e+03	+2.352e+03	+9.948e+03	+0.250
57.000	+6.978e+03	+4.489e+03	+1.164e+04	+0.391
57.100	+7.790e+03	+2.874e+03	+1.031e+04	+0.269
57.200	+6.508e+03	+2.825e+03	+9.713e+03	+0.303
57.300	+8.570e+03	+2.109e+03	+9.164e+03	+0.197
57.400	+7.004e+03	+1.882e+03	+9.959e+03	+0.212
57.500	+8.522e+03	+3.364e+03	+1.029e+04	+0.283
57.600	+8.144e+03	+3.350e+03	+1.024e+04	+0.291
57.700	+6.152e+03	+2.687e+03	+8.856e+03	+0.304
57.800	+7.140e+03	+2.033e+03	+9.906e+03	+0.222
57.900	+6.699e+03	+3.138e+03	+9.227e+03	+0.319
58.000	+5.316e+03	+3.379e+03	+1.148e+04	+0.389
58.100	+6.590e+03	+4.624e+03	+9.599e+03	+0.412
58.200	+6.786e+03	+2.796e+03	+9.782e+03	+0.292
58.300	+8.096e+03	+3.614e+03	+9.286e+03	+0.309
58.400	+6.711e+03	+2.667e+03	+1.030e+04	+0.284
58.500	+6.715e+03	+3.995e+03	+9.820e+03	+0.373
58.600	+6.522e+03	+3.932e+03	+9.398e+03	+0.376
58.700	+7.601e+03	+1.858e+03	+1.040e+04	+0.196
58.800	+6.521e+03	+4.103e+03	+1.098e+04	+0.386
58.900	+7.723e+03	+3.371e+03	+8.307e+03	+0.304
59.000	+7.340e+03	+3.217e+03	+9.177e+03	+0.305
59.100	+5.845e+03	+2.626e+03	+1.027e+04	+0.310
59.200	+7.704e+03	+3.641e+03	+9.604e+03	+0.321
59.300	+7.298e+03	+5.221e+03	+1.083e+04	+0.417
59.400	+4.692e+03	+5.317e+03	+1.006e+04	+0.531
59.500	+3.072e+03	+6.815e+03	+9.132e+03	+0.689
59.600	+3.051e+03	+6.971e+03	+1.079e+04	+0.696
59.700	+2.388e+03	+8.054e+03	+1.028e+04	+0.771
59.800	+4.003e+03	+7.918e+03	+1.043e+04	+0.664
59.900	+2.631e+03	+7.442e+03	+8.671e+03	+0.739
60.000	+3.530e+03	+8.503e+03	+1.105e+04	+0.707
60.100	+4.128e+03	+6.356e+03	+1.094e+04	+0.606
60.200	+1.804e+03	+7.904e+03	+9.454e+03	+0.814
60.300	+2.849e+03	+7.384e+03	+1.028e+04	+0.722
60.400	+3.206e+03	+7.023e+03	+1.198e+04	+0.687
60.500	+2.096e+03	+5.679e+03	+9.929e+03	+0.730
60.600	+3.758e+03	+6.545e+03	+9.013e+03	+0.635
60.700	+4.111e+03	+6.882e+03	+9.387e+03	+0.626
60.800	+3.047e+03	+7.659e+03	+1.069e+04	+0.715
60.900	+4.163e+03	+7.838e+03	+1.039e+04	+0.653
61.000	+1.376e+03	+7.915e+03	+1.069e+04	+0.852
61.100	+1.223e+03	+5.175e+03	+1.146e+04	+0.809
61.200	+3.662e+03	+8.013e+03	+9.096e+03	+0.686
61.300	+3.686e+03	+6.948e+03	+1.162e+04	+0.653
61.400	+2.864e+03	+7.331e+03	+8.947e+03	+0.719
61.500	+2.732e+03	+6.411e+03	+9.267e+03	+0.701
61.600	+4.171e+03	+6.983e+03	+1.123e+04	+0.626
61.700	+2.186e+03	+6.709e+03	+1.003e+04	+0.754
61.800	+3.523e+03	+7.009e+03	+1.049e+04	+0.665
61.900	+4.389e+03	+7.840e+03	+1.031e+04	+0.641
62.000	+2.907e+03	+6.852e+03	+9.841e+03	+0.702
62.100	+4.544e+03	+7.384e+03	+1.043e+04	+0.619
62.200	+3.823e+03	+6.201e+03	+1.188e+04	+0.619
62.300	+3.039e+03	+6.629e+03	+1.009e+04	+0.686
62.400	+4.185e+03	+7.537e+03	+1.032e+04	+0.643
62.500	+3.727e+03	+6.755e+03	+1.054e+04	+0.644
62.600	+3.893e+03	+6.525e+03	+1.016e+04	+0.626
62.700	+3.304e+03	+7.027e+03	+9.717e+03	+0.680
62.800	+3.732e+03	+7.464e+03	+8.806e+03	+0.667
62.900	+2.720e+03	+6.582e+03	+1.052e+04	+0.708
63.000	+4.475e+03	+7.443e+03	+9.518e+03	+0.625
63.100	+4.326e+03	+7.483e+03	+1.059e+04	+0.634
63.200	+2.493e+03	+6.378e+03	+1.008e+04	+0.719
63.300	+2.693e+03	+7.106e+03	+8.974e+03	+0.725
63.400	+2.670e+03	+6.090e+03	+9.695e+03	+0.695
63.500	+1.565e+03	+7.348e+03	+1.081e+04	+0.824
63.600	+2.658e+03	+5.642e+03	+9.681e+03	+0.680
63.700	+3.179e+03	+7.754e+03	+9.524e+03	+0.709
63.800	+1.518e+03	+8.039e+03	+9.306e+03	+0.841
63.900	+4.136e+03	+8.723e+03	+1.015e+04	+0.678
64.000	+1.664e+03	+7.296e+03	+1.008e+04	+0.814
64.100	+3.433e+03	+6.284e+03	+9.765e+03	+0.647
64.200	+2.434e+03	+5.960e+03	+1.038e+04	+0.710
64.300	+3.307e+03	+5.296e+03	+1.021e+04	+0.616
64.400	+1.967e+03	+4.972e+03	+1.039e+04	+0.717
64.500	+2.953e+03	+7.993e+03	+9.600e+03	+0.730
64.600	+4.494e+03	+6.301e+03	+1.128e+04	+0.584
64.700	+3.464e+03	+6.773e+03	+9.653e+03	+0.662
64.800	+4.428e+03	+7.735e+03	+1.029e+04	+0.636
64.900	+5.529e+03	+6.416e+03	+9.814e+03	+0.537
65.000	+3.062e+03	+7.348e+03	+1.074e+04	+0.706
65.100	+2.393e+03	+6.851e+03	+1.061e+04	+0.741
65.200	+4.708e+03	+6.761e+03	+1.086e+04	+0.590
65.300	+4.166e+03	+7.522e+03	+9.293e+03	+0.644
65.400	+2.549e+03	+7.480e+03	+9.857e+03	+0.746
65.500	+3.195e+03	+7.215e+03	+9.275e+03	+0.693
65.600	+3.870e+03	+6.052e+03	+1.102e+04	+0.610
65.700	+2.930e+03	+6.830e+03	+1.026e+04	+0.700
65.800	+2.688e+03	+7.135e+03	+9.770e+03	+0.726
65.900	+2.888e+03	+6.388e+03	+9.235e+03	+0.689
66.000	+2.142e+03	+8.070e+03	+9.177e+03	+0.790
66.100	+3.127e+03	+7.442e+03	+1.129e+04	+0.704
66.200	+2.461e+03	+6.157e+03	+8.798e+03	+0.714
66.300	+4.997e+03	+5.655e+03	+9.510e+03	+0.531
66.400	+5.971e+03	+2.873e+03	+9.501e+03	+0.325
66.500	+3.869e+03	+7.995e+03	+9.983e+03	+0.674
66.600	+4.489e+03	+6.699e+03	+9.449e+03	+0.599
66.700	+6.738e+03	+2.311e+03	+9.599e+03	+0.255
66.800	+7.118e+03	+1.108e+03	+9.235e+03	+0.135
66.900	+5.894e+03	+2.557e+03	+9.214e+03	+0.303
67.000	+8.286e+03	+1.917e+03	+9.418e+03	+0.188
67.100	+3.148e+03	+6.232e+03	+1.027e+04	+0.664
67.200	+2.850e+03	+6.588e+03	+9.162e+03	+0.698
67.300	+3.151e+03	+6.990e+03	+1.078e+04	+0.689
67.400	+3.877e+03	+6.294e+03	+1.024e+04	+0.619
67.500	+1.655e+03	+7.222e+03	+1.000e+04	+0.814
67.600	+3.105e+03	+6.753e+03	+9.995e+03	+0.685
67.700	+2.845e+03	+5.208e+03	+1.139e+04	+0.647
67.800	+2.331e+03	+6.306e+03	+9.264e+03	+0.730
67.900	+6.738e+03	+3.921e+03	+9.545e+03	+0.368
68.000	+6.244e+03	+3.238e+03	+9.589e+03	+0.342
68.100	+7.626e+03	+3.843e+03	+9.195e+03	+0.335
68.200	+7.011e+03	+2.042e+03	+1.082e+04	+0.226
68.300	+6.369e+03	+2.622e+03	+9.499e+03	+0.292
68.400	+6.610e+03	+2.350e+03	+1.062e+04	+0.262
68.500	+6.134e+03	+2.181e+03	+9.471e+03	+0.262
68.600	+6.966e+03	+5.353e+03	+9.939e+03	+0.435
68.700	+6.230e+03	+2.805e+03	+1.033e+04	+0.310
68.800	+6.267e+03	+4.188e+03	+1.149e+04	+0.401
68.900	+7.843e+03	+1.085e+03	+1.050e+04	+0.122
69.000	+4.699e+03	+5.404e+03	+1.014e+04	+0.535
69.100	+2.634e+03	+6.262e+03	+1.153e+04	+0.704
69.200	+4.024e+03	+6.194e+03	+1.124e+04	+0.606
69.300	+3.746e+03	+7.014e+03	+1.080e+04	+0.652
69.400	+2.282e+03	+7.375e+03	+9.549e+03	+0.764
69.500	+2.787e+03	+7.834e+03	+9.853e+03	+0.738
69.600	+3.112e+03	+7.894e+03	+1.007e+04	+0.717
69.700	+2.644e+03	+7.377e+03	+1.035e+04	+0.736
69.800	+6.777e+03	+3.866e+03	+9.965e+03	+0.363
69.900	+7.830e+03	+2.807e+03	+9.873e+03	+0.264
70.000	+6.342e+03	+2.692e+03	+1.079e+04	+0.298
70.100	+6.917e+03	+3.921e+03	+9.579e+03	+0.362
70.200	+6.625e+03	+5.322e+03	+9.274e+03	+0.445
70.300	+6.921e+03	+3.117e+03	+1.197e+04	+0.310
70.400	+6.496e+03	+2.694e+03	+9.875e+03	+0.293
70.500	+8.075e+03	+3.013e+03	+1.127e+04	+0.272
70.600	+7.149e+03	+3.064e+03	+1.012e+04	+0.300
70.700	+6.824e+03	+2.149e+03	+1.052e+04	+0.239
70.800	+6.555e+03	+1.383e+03	+8.770e+03	+0.174
70.900	+7.114e+03	+2.700e+03	+9.084e+03	+0.275
71.000	+8.153e+03	+1.519e+03	+9.849e+03	+0.157
71.100	+6.834e+03	+2.998e+03	+9.921e+03	+0.305
71.200	+4.764e+03	+2.669e+03	+1.068e+04	+0.359
71.300	+7.266e+03	+4.807e+03	+9.921e+03	+0.398
71.400	+6.554e+03	+2.605e+03	+1.031e+04	+0.284
71.500	+6.337e+03	+3.895e+03	+1.024e+04	+0.381
71.600	+6.869e+03	+3.082e+03	+8.311e+03	+0.310
71.700	+5.978e+03	+2.919e+03	+8.948e+03	+0.328
71.800	+5.113e+03	+5.367e+03	+1.018e+04	+0.512
71.900	+4.438e+03	+6.716e+03	+1.066e+04	+0.602
72.000	+1.719e+03	+6.993e+03	+8.520e+03	+0.803
72.100	+7.011e+02	+7.300e+03	+9.848e+03	+0.912
72.200	+2.940e+03	+7.880e+03	+8.779e+03	+0.728
72.300	+2.545e+03	+7.430e+03	+1.003e+04	+0.745
72.400	+3.609e+03	+7.158e+03	+1.022e+04	+0.665
72.500	+2.429e+03	+6.257e+03	+1.023e+04	+0.720
72.600	+3.389e+03	+7.055e+03	+1.086e+04	+0.676
72.700	+4.633e+03	+6.438e+03	+1.056e+04	+0.582
72.800	+7.290e+03	+2.607e+03	+8.589e+03	+0.263
72.900	+7.482e+03	+3.918e+03	+9.920e+03	+0.344
73.000	+7.249e+03	+1.676e+03	+8.733e+03	+0.188
73.100	+4.918e+03	+3.329e+03	+9.674e+03	+0.404
73.200	+5.444e+03	+3.031e+03	+1.023e+04	+0.358
73.300	+7.673e+03	+2.203e+03	+8.727e+03	+0.223
73.400	+7.170e+03	+3.651e+03	+8.371e+03	+0.337
73.500	+6.481e+03	+2.537e+03	+9.353e+03	+0.281
73.600	+6.374e+03	+1.645e+03	+1.042e+04	+0.205
73.700	+7.157e+03	+2.530e+03	+9.709e+03	+0.261
73.800	+7.621e+03	+2.145e+03	+9.625e+03	+0.220
73.900	+7.109e+03	+3.479e+03	+8.751e+03	+0.329
74.000	+6.436e+03	+2.791e+03	+8.472e+03	+0.302
74.100	+3.586e+03	+6.123e+03	+1.002e+04	+0.631
74.200	+2.654e+03	+7.033e+03	+1.144e+04	+0.726
74.300	+1.605e+03	+6.380e+03	+1.060e+04	+0.799
74.400	+2.395e+03	+6.696e+03	+1.089e+04	+0.737
74.500	+4.726e+03	+6.820e+03	+9.360e+03	+0.591
74.600	+4.004e+03	+7.916e+03	+1.001e+04	+0.664
74.700	+2.523e+03	+7.122e+03	+1.131e+04	+0.738
74.800	+2.534e+03	+7.951e+03	+1.067e+04	+0.758
74.900	+1.483e+03	+7.095e+03	+9.134e+03	+0.827
75.000	+2.844e+03	+7.773e+03	+8.472e+03	+0.732
75.100	+4.076e+03	+6.787e+03	+1.020e+04	+0.625
75.200	+3.758e+03	+7.585e+03	+1.139e+04	+0.669
75.300	+4.168e+03	+7.078e+03	+8.783e+03	+0.629
75.400	+3.354e+03	+6.769e+03	+9.316e+03	+0.669
75.500	+3.520e+03	+6.431e+03	+9.063e+03	+0.646
75.600	+1.519e+03	+6.977e+03	+1.002e+04	+0.821
75.700	+2.781e+03	+9.182e+03	+8.039e+03	+0.768
75.800	+2.532e+03	+6.947e+03	+1.077e+04	+0.733
75.900	+2.172e+03	+5.836e+03	+9.420e+03	+0.729
76.000	+3.779e+03	+6.397e+03	+1.082e+04	+0.629
76.100	+3.119e+03	+6.669e+03	+9.717e+03	+0.681
76.200	+7.453e+03	+3.631e+03	+9.375e+03	+0.328
76.300	+8.293e+03	+3.167e+03	+9.596e+03	+0.276
76.400	+6.732e+03	+3.595e+03	+1.022e+04	+0.348
76.500	+7.580e+03	+1.625e+03	+9.669e+03	+0.177
76.600	+5.189e+03	+5.315e+03	+9.939e+03	+0.506
76.700	+3.526e+03	+7.375e+03	+1.011e+04	+0.677
76.800	+2.245e+03	+7.276e+03	+9.949e+03	+0.764
76.900	+2.232e+03	+7.154e+03	+9.992e+03	+0.762
77.000	+4.183e+03	+7.485e+03	+9.471e+03	+0.641
77.100	+4.033e+03	+6.320e+03	+1.139e+04	+0.610
77.200	+2.376e+03	+5.372e+03	+1.120e+04	+0.693
77.300	+1.061e+03	+6.805e+03	+9.664e+03	+0.865
77.400	+2.419e+03	+8.264e+03	+9.236e+03	+0.774
77.500	+3.249e+03	+7.468e+03	+9.072e+03	+0.697
77.600	+3.504e+03	+7.480e+03	+9.518e+03	+0.681
77.700	+3.527e+03	+9.027e+03	+1.062e+04	+0.719
77.800	+2.846e+03	+7.114e+03	+1.021e+04	+0.714
77.900	+4.300e+03	+7.870e+03	+1.101e+04	+0.647
78.000	+3.340e+03	+5.224e+03	+1.080e+04	+0.610
78.100	+2.192e+03	+8.313e+03	+1.082e+04	+0.791
78.200	+1.502e+03	+6.046e+03	+1.093e+04	+0.801
78.300	+2.919e+03	+5.504e+03	+9.429e+03	+0.653
78.400	+2.862e+03	+6.877e+03	+1.114e+04	+0.706
78.500	+2.212e+03	+7.459e+03	+1.010e+04	+0.771
78.600	+3.408e+03	+8.554e+03	+9.724e+03	+0.715
78.700	+3.007e+03	+7.434e+03	+1.062e+04	+0.712
78.800	+3.347e+03	+7.541e+03	+1.097e+04	+0.693
78.900	+3.133e+03	+7.030e+03	+9.786e+03	+0.692
79.000	+2.009e+03	+5.514e+03	+1.127e+04	+0.733
79.100	+2.043e+03	+6.620e+03	+1.026e+04	+0.764
79.200	+2.180e+03	+6.135e+03	+1.004e+04	+0.738
79.300	+2.016e+03	+7.490e+03	+1.064e+04	+0.788
79.400	+3.764e+03	+6.690e+03	+1.004e+04	+0.640
79.500	+8.105e+03	+4.226e+03	+9.956e+03	+0.343
79.600	+6.787e+03	+1.975e+03	+9.703e+03	+0.225
79.700	+7.022e+03	+4.070e+03	+9.040e+03	+0.367
79.800	+6.618e+03	+2.232e+03	+9.433e+03	+0.252
79.900	+7.023e+03	+2.691e+03	+9.225e+03	+0.277
80.000	+4.736e+03	+5.942e+03	+9.735e+03	+0.556
80.100	+1.741e+03	+8.306e+03	+1.046e+04	+0.827
80.200	+3.495e+03	+7.671e+03	+1.118e+04	+0.687
80.300	+1.853e+03	+5.763e+03	+1.006e+04	+0.757
80.400	+2.560e+03	+6.627e+03	+1.196e+04	+0.721
80.500	+3.702e+03	+4.933e+03	+8.667e+03	+0.571
80.600	+2.871e+03	+7.647e+03	+8.842e+03	+0.727
80.700	+2.228e+03	+6.702e+03	+9.979e+03	+0.750
80.800	+1.267e+03	+7.423e+03	+1.106e+04	+0.854
80.900	+2.429e+03	+7.152e+03	+9.179e+03	+0.746
81.000	+1.157e+03	+7.961e+03	+8.541e+03	+0.873
81.100	+3.465e+03	+7.219e+03	+1.094e+04	+0.676
81.200	+1.899e+03	+6.843e+03	+9.793e+03	+0.783
81.300	+2.170e+03	+7.324e+03	+1.106e+04	+0.771
81.400	+6.100e+03	+3.527e+03	+1.038e+04	+0.366
81.500	+7.105e+03	+2.833e+03	+8.970e+03	+0.285
81.600	+6.491e+03	+3.226e+03	+1.027e+04	+0.332
81.700	+7.635e+03	+2.791e+03	+9.156e+03	+0.268
81.800	+6.532e+03	+5.244e+03	+1.053e+04	+0.445
81.900	+6.906e+03	+3.195e+03	+1.010e+04	+0.316
82.000	+7.706e+03	+2.204e+03	+1.000e+04	+0.222
82.100	+7.482e+03	+2.049e+03	+1.087e+04	+0.215
82.200	+6.917e+03	+2.107e+03	+1.003e+04	+0.233
82.300	+6.751e+03	+3.485e+03	+1.025e+04	+0.340
82.400	+6.468e+03	+4.144e+03	+8.704e+03	+0.391
82.500	+6.717e+03	+5.355e+03	+1.036e+04	+0.444
82.600	+8.362e+03	+3.623e+03	+9.937e+03	+0.302
82.700	+7.188e+03	+3.231e+03	+1.017e+04	+0.310
82.800	+8.128e+03	+2.409e+03	+1.003e+04	+0.229
82.900	+7.525e+03	+3.760e+03	+1.018e+04	+0.333
83.000	+7.907e+03	+3.497e+03	+9.255e+03	+0.307
83.100	+7.214e+03	+2.800e+03	+1.045e+04	+0.280
83.200	+3.386e+03	+7.026e+03	+9.939e+03	+0.675
83.300	+4.169e+03	+5.745e+03	+9.496e+03	+0.579
83.400	+3.506e+03	+6.647e+03	+1.095e+04	+0.655
83.500	+2.353e+03	+6.932e+03	+1.068e+04	+0.747
83.600	+2.767e+03	+6.457e+03	+1.005e+04	+0.700
83.700	+4.171e+03	+7.968e+03	+1.025e+04	+0.656
83.800	+4.041e+03	+6.551e+03	+9.648e+03	+0.618
83.900	+3.066e+03	+7.251e+03	+9.181e+03	+0.703
84.000	+3.491e+03	+6.805e+03	+1.077e+04	+0.661
84.100	+3.461e+03	+6.052e+03	+1.028e+04	+0.636
84.200	+3.874e+03	+7.059e+03	+1.084e+04	+0.646
84.300	+7.408e+03	+4.345e+03	+1.047e+04	+0.370
84.400	+3.102e+03	+6.725e+03	+1.053e+04	+0.684
84.500	+2.498e+03	+6.972e+03	+1.145e+04	+0.736
84.600	+3.282e+03	+7.834e+03	+9.044e+03	+0.705
84.700	+4.550e+03	+6.209e+03	+9.403e+03	+0.577
84.800	+3.226e+03	+5.570e+03	+1.084e+04	+0.633
84.900	+1.792e+03	+7.547e+03	+9.964e+03	+0.808
85.000	+1.992e+03	+7.008e+03	+8.189e+03	+0.779
85.100	+2.607e+03	+5.523e+03	+1.009e+04	+0.679
85.200	+3.348e+03	+7.353e+03	+9.484e+03	+0.687
85.300	+3.452e+03	+5.936e+03	+1.036e+04	+0.632
85.400	+3.372e+03	+5.366e+03	+1.072e+04	+0.614
85.500	+6.515e+03	+3.222e+03	+1.087e+04	+0.331
85.600	+7.773e+03	+3.062e+03	+9.285e+03	+0.283
85.700	+7.164e+03	+3.531e+03	+8.507e+03	+0.330
85.800	+6.667e+03	+1.776e+03	+9.803e+03	+0.210
85.900	+6.551e+03	+3.186e+03	+8.919e+03	+0.327
86.000	+6.983e+03	+3.867e+03	+1.018e+04	+0.356
86.100	+7.606e+03	+2.487e+03	+1.017e+04	+0.246
86.200	+8.350e+03	+2.247e+03	+9.129e+03	+0.212
86.300	+7.801e+03	+3.489e+03	+1.007e+04	+0.309
86.400	+6.775e+03	+2.871e+03	+9.562e+03	+0.298
86.500	+7.511e+03	+1.412e+03	+9.737e+03	+0.158
86.600	+7.859e+03	+3.097e+03	+9.774e+03	+0.283
86.700	+7.969e+03	+2.084e+03	+9.827e+03	+0.207
86.800	+6.355e+03	+3.436e+03	+9.496e+03	+0.351
86.900	+7.671e+03	+3.343e+03	+9.649e+03	+0.304
87.000	+6.622e+03	+2.844e+03	+9.475e+03	+0.300
87.100	+7.566e+03	+2.387e+03	+1.130e+04	+0.240
87.200	+7.082e+03	+4.406e+03	+1.032e+04	+0.384
87.300	+5.702e+03	+2.621e+03	+9.220e+03	+0.315
87.400	+6.996e+03	+2.747e+03	+1.080e+04	+0.282
87.500	+4.088e+03	+4.892e+03	+1.033e+04	+0.545
87.600	+3.142e+03	+6.640e+03	+9.165e+03	+0.679
87.700	+3.965e+03	+8.384e+03	+9.578e+03	+0.679
87.800	+2.823e+03	+7.532e+03	+1.068e+04	+0.727
87.900	+3.885e+03	+6.973e+03	+9.578e+03	+0.642
88.000	+2.710e+03	+7.934e+03	+1.045e+04	+0.745
88.100	+2.940e+03	+8.095e+03	+1.073e+04	+0.734
88.200	+2.373e+03	+7.569e+03	+1.023e+04	+0.761
88.300	+2.372e+03	+8.245e+03	+8.452e+03	+0.777
88.400	+2.865e+03	+5.527e+03	+8.985e+03	+0.659
88.500	+3.131e+03	+7.211e+03	+1.122e+04	+0.697
88.600	+2.664e+03	+7.801e+03	+9.703e+03	+0.745
88.700	+2.393e+03	+7.264e+03	+8.923e+03	+0.752
88.800	+3.166e+03	+6.884e+03	+8.426e+03	+0.685
88.900	+3.492e+03	+6.212e+03	+1.129e+04	+0.640
89.000	+3.204e+03	+7.255e+03	+1.021e+04	+0.694
89.100	+2.706e+03	+6.578e+03	+1.003e+04	+0.709
89.200	+2.967e+03	+6.450e+03	+9.588e+03	+0.685
89.300	+3.870e+03	+7.408e+03	+9.496e+03	+0.657
89.400	+2.879e+03	+7.061e+03	+9.546e+03	+0.710
89.500	+3.457e+03	+6.628e+03	+1.021e+04	+0.657
89.600	+5.918e+03	+4.444e+03	+1.040e+04	+0.429
89.700	+6.767e+03	+1.920e+03	+1.028e+04	+0.221
89.800	+6.351e+03	+3.358e+03	+1.029e+04	+0.346
89.900	+6.574e+03	+3.255e+03	+1.123e+04	+0.331
90.000	+7.399e+03	+2.396e+03	+1.104e+04	+0.245
90.100	+7.998e+03	+2.297e+03	+9.765e+03	+0.223
90.200	+6.130e+03	+2.851e+03	+9.234e+03	+0.317
90.300	+6.928e+03	+1.804e+03	+1.045e+04	+0.207
90.400	+6.912e+03	+2.558e+03	+1.002e+04	+0.270
90.500	+7.893e+03	+2.327e+03	+1.105e+04	+0.228
90.600	+8.075e+03	+3.258e+03	+1.119e+04	+0.288
90.700	+8.035e+03	+1.734e+03	+8.460e+03	+0.177
90.800	+4.691e+03	+6.761e+03	+9.987e+03	+0.590
90.900	+2.457e+03	+8.131e+03	+1.017e+04	+0.768
91.000	+2.984e+03	+7.587e+03	+8.861e+03	+0.718
91.100	+2.497e+03	+6.366e+03	+1.086e+04	+0.718
91.200	+2.034e+03	+5.618e+03	+9.904e+03	+0.734
91.300	+1.023e+03	+6.472e+03	+1.088e+04	+0.863
91.400	+2.014e+03	+7.479e+03	+9.931e+03	+0.788
91.500	+4.393e+03	+7.594e+03	+9.769e+03	+0.634
91.600	+3.388e+03	+7.322e+03	+1.120e+04	+0.684
91.700	+2.404e+03	+6.422e+03	+8.864e+03	+0.728
91.800	+4.074e+03	+4.447e+03	+9.951e+03	+0.522
91.900	+7.185e+03	+2.952e+03	+1.075e+04	+0.291
92.000	+7.872e+03	+3.566e+03	+1.083e+04	+0.312
92.100	+5.949e+03	+3.258e+03	+1.042e+04	+0.354
92.200	+5.377e+03	+3.882e+03	+1.041e+04	+0.419
92.300	+7.889e+03	+4.815e+03	+8.535e+03	+0.379
92.400	+6.983e+03	+2.371e+03	+1.144e+04	+0.254
92.500	+7.907e+03	+2.358e+03	+1.153e+04	+0.230
92.600	+6.978e+03	+2.987e+03	+1.065e+04	+0.300
92.700	+7.564e+03	+2.304e+03	+1.049e+04	+0.233
92.800	+6.599e+03	+2.587e+03	+1.000e+04	+0.282
92.900	+6.564e+03	+2.032e+03	+9.033e+03	+0.236
93.000	+7.147e+03	+4.096e+03	+1.022e+04	+0.364
93.100	+7.599e+03	+3.333e+03	+1.041e+04	+0.305
93.200	+7.300e+03	+2.812e+03	+1.082e+04	+0.278
93.300	+7.326e+03	+2.280e+03	+8.409e+03	+0.237
93.400	+4.041e+03	+5.096e+03	+9.808e+03	+0.558
93.500	+1.562e+03	+8.659e+03	+9.020e+03	+0.847
93.600	+2.513e+03	+7.410e+03	+1.043e+04	+0.747
93.700	+3.496e+03	+7.097e+03	+8.524e+03	+0.670
93.800	+3.819e+03	+7.274e+03	+1.040e+04	+0.656
93.900	+3.372e+03	+6.448e+03	+9.592e+03	+0.657
94.000	+3.556e+03	+7.707e+03	+9.005e+03	+0.684
94.100	+3.376e+03	+7.071e+03	+8.229e+03	+0.677
94.200	+4.231e+03	+6.768e+03	+1.041e+04	+0.615
94.300	+4.538e+03	+7.492e+03	+9.838e+03	+0.623
94.400	+2.861e+03	+6.485e+03	+1.037e+04	+0.694
94.500	+3.240e+03	+6.695e+03	+9.007e+03	+0.674
94.600	+2.583e+03	+6.673e+03	+1.007e+04	+0.721
94.700	+3.205e+03	+7.233e+03	+9.696e+03	+0.693
94.800	+1.967e+03	+6.556e+03	+1.055e+04	+0.769
94.900	+2.574e+03	+7.405e+03	+1.062e+04	+0.742
95.000	+3.967e+03	+7.546e+03	+8.369e+03	+0.655
95.100	+1.552e+03	+6.371e+03	+9.607e+03	+0.804
95.200	+3.136e+03	+6.196e+03	+9.254e+03	+0.664
95.300	+5.766e+03	+3.885e+03	+9.962e+03	+0.403
95.400	+7.172e+03	+4.178e+03	+9.755e+03	+0.368
95.500	+7.194e+03	+3.880e+03	+1.007e+04	+0.350
95.600	+7.932e+03	+1.312e+03	+9.438e+03	+0.142
95.700	+7.429e+03	+2.165e+03	+9.662e+03	+0.226
95.800	+6.273e+03	+3.207e+03	+1.020e+04	+0.338
95.900	+7.033e+03	+3.422e+03	+9.644e+03	+0.327
96.000	+5.687e+03	+2.779e+03	+1.060e+04	+0.328
96.100	+5.937e+03	+2.470e+03	+9.923e+03	+0.294
96.200	+6.160e+03	+3.850e+03	+1.036e+04	+0.385
96.300	+6.310e+03	+2.993e+03	+9.987e+03	+0.322
96.400	+8.440e+03	+2.624e+03	+9.451e+03	+0.237
96.500	+6.801e+03	+2.896e+03	+1.020e+04	+0.299
96.600	+6.905e+03	+3.373e+03	+9.780e+03	+0.328
96.700	+6.573e+03	+2.056e+03	+9.457e+03	+0.238
96.800	+6.336e+03	+3.454e+03	+8.943e+03	+0.353
96.900	+6.999e+03	+2.974e+03	+8.916e+03	+0.298
97.000	+6.932e+03	+4.107e+03	+1.016e+04	+0.372
97.100	+4.283e+03	+6.528e+03	+1.066e+04	+0.604
97.200	+3.499e+03	+7.883e+03	+8.543e+03	+0.693
97.300	+3.716e+03	+5.999e+03	+9.805e+03	+0.618
97.400	+2.539e+03	+6.500e+03	+1.135e+04	+0.719
97.500	+4.279e+03	+5.914e+03	+9.849e+03	+0.580
97.600	+3.718e+03	+5.966e+03	+1.030e+04	+0.616
97.700	+3.253e+03	+7.985e+03	+1.008e+04	+0.711
97.800	+5.830e+03	+3.649e+03	+9.706e+03	+0.385
97.900	+7.152e+03	+2.660e+03	+9.427e+03	+0.271
98.000	+2.529e+03	+9.279e+03	+9.435e+03	+0.786
98.100	+2.619e+03	+7.046e+03	+9.942e+03	+0.729
98.200	+2.894e+03	+5.061e+03	+8.925e+03	+0.636
98.300	+2.937e+03	+8.720e+03	+8.723e+03	+0.748
98.400	+6.401e+03	+3.865e+03	+9.443e+03	+0.376
98.500	+6.605e+03	+2.939e+03	+9.706e+03	+0.308
98.600	+6.150e+03	+2.689e+03	+1.027e+04	+0.304
98.700	+6.966e+03	+2.381e+03	+9.042e+03	+0.255
98.800	+6.743e+03	+2.630e+03	+9.757e+03	+0.281
98.900	+3.380e+03	+6.066e+03	+1.002e+04	+0.642
99.000	+3.055e+03	+5.917e+03	+1.107e+04	+0.660
99.100	+7.481e+03	+3.153e+03	+1.024e+04	+0.297
99.200	+8.039e+03	+2.330e+03	+9.381e+03	+0.225
99.300	+7.849e+03	+1.784e+03	+1.002e+04	+0.185
99.400	+6.971e+03	+2.238e+03	+9.078e+03	+0.243
99.500	+7.596e+03	+2.081e+03	+1.180e+04	+0.215
99.600	+7.257e+03	+4.410e+03	+1.092e+04	+0.378
99.700	+4.044e+03	+7.319e+03	+1.071e+04	+0.644
99.800	+3.416e+03	+6.925e+03	+9.621e+03	+0.670
99.900	+3.269e+03	+7.213e+03	+1.092e+04	+0.688
100.000	+3.295e+03	+7.099e+03	+9.836e+03	+0.683
100.100	+2.904e+03	+6.271e+03	+8.366e+03	+0.684
100.200	+2.740e+03	+6.933e+03	+9.719e+03	+0.717
100.300	+1.628e+03	+6.371e+03	+9.755e+03	+0.796
100.400	+2.891e+03	+6.006e+03	+1.011e+04	+0.675
100.500	+6.708e+03	+5.022e+03	+9.699e+03	+0.428
100.600	+8.027e+03	+3.683e+03	+9.746e+03	+0.315
100.700	+6.071e+03	+3.468e+03	+1.188e+04	+0.364
100.800	+6.106e+03	+3.418e+03	+9.108e+03	+0.359
100.900	+6.481e+03	+1.360e+03	+9.625e+03	+0.173
101.000	+7.201e+03	+2.884e+03	+1.039e+04	+0.286
101.100	+4.164e+03	+6.195e+03	+1.013e+04	+0.598
101.200	+3.543e+03	+7.334e+03	+9.138e+03	+0.674
101.300	+3.801e+03	+7.111e+03	+9.525e+03	+0.652
101.400	+3.578e+03	+7.203e+03	+9.877e+03	+0.668
101.500	+4.250e+03	+7.802e+03	+9.003e+03	+0.647
101.600	+2.986e+03	+7.390e+03	+9.604e+03	+0.712
101.700	+2.166e+03	+6.236e+03	+8.849e+03	+0.742
101.800	+3.185e+03	+6.132e+03	+1.017e+04	+0.658
101.900	+3.061e+03	+7.182e+03	+9.364e+03	+0.701
102.000	+3.259e+03	+7.406e+03	+1.072e+04	+0.694
102.100	+1.842e+03	+7.603e+03	+1.024e+04	+0.805
102.200	+2.640e+03	+6.517e+03	+9.620e+03	+0.712
102.300	+2.333e+03	+8.765e+03	+1.098e+04	+0.790
102.400	+2.493e+03	+7.847e+03	+9.493e+03	+0.759
102.500	+3.289e+03	+6.787e+03	+1.017e+04	+0.674
102.600	+3.403e+03	+6.260e+03	+1.076e+04	+0.648
102.700	+2.291e+03	+6.766e+03	+1.056e+04	+0.747
102.800	+1.895e+03	+6.946e+03	+9.477e+03	+0.786
102.900	+4.617e+03	+7.534e+03	+8.105e+03	+0.620
103.000	+4.035e+03	+7.576e+03	+9.974e+03	+0.652
103.100	+3.785e+03	+6.959e+03	+1.031e+04	+0.648
103.200	+1.824e+03	+7.188e+03	+1.051e+04	+0.798
103.300	+1.532e+03	+6.407e+03	+1.018e+04	+0.807
103.400	+3.933e+03	+7.427e+03	+1.045e+04	+0.654
103.500	+2.093e+03	+8.347e+03	+1.127e+04	+0.800
103.600	+3.434e+03	+7.316e+03	+9.673e+03	+0.681
103.700	+2.780e+03	+6.849e+03	+9.611e+03	+0.711
103.800	+3.492e+03	+6.873e+03	+9.425e+03	+0.663
103.900	+3.173e+03	+6.756e+03	+9.805e+03	+0.680
104.000	+1.954e+03	+6.170e+03	+8.992e+03	+0.759
104.100	+3.056e+03	+6.766e+03	+1.194e+04	+0.689
104.200	+3.183e+03	+6.922e+03	+1.044e+04	+0.685
104.300	+4.057e+03	+7.083e+03	+9.192e+03	+0.636
104.400	+3.206e+03	+7.882e+03	+1.143e+04	+0.711
104.500	+3.290e+03	+8.410e+03	+9.794e+03	+0.719
104.600	+2.976e+03	+7.358e+03	+9.218e+03	+0.712
104.700	+5.831e+03	+8.240e+03	+1.061e+04	+0.586
104.800	+3.576e+03	+8.559e+03	+1.093e+04	+0.705
104.900	+3.707e+03	+7.639e+03	+1.049e+04	+0.673
105.000	+3.630e+03	+8.283e+03	+1.079e+04	+0.695
105.100	+1.913e+03	+7.224e+03	+1.029e+04	+0.791
105.200	+3.643e+03	+6.936e+03	+1.069e+04	+0.656
105.300	+3.854e+03	+8.463e+03	+9.391e+03	+0.687
105.400	+3.263e+03	+5.181e+03	+1.092e+04	+0.614
105.500	+3.928e+03	+6.542e+03	+1.019e+04	+0.625
105.600	+1.693e+03	+6.313e+03	+1.026e+04	+0.789
105.700	+3.629e+03	+7.150e+03	+9.432e+03	+0.663
105.800	+1.452e+03	+7.427e+03	+7.635e+03	+0.836
105.900	+3.509e+03	+6.614e+03	+8.457e+03	+0.653
106.000	+2.933e+03	+5.574e+03	+1.131e+04	+0.655
106.100	+2.690e+03	+6.760e+03	+9.031e+03	+0.715
106.200	+2.991e+03	+7.482e+03	+1.057e+04	+0.714
106.300	+2.955e+03	+6.664e+03	+1.031e+04	+0.693
106.400	+3.244e+03	+6.921e+03	+1.113e+04	+0.681
106.500	+2.610e+03	+7.234e+03	+9.912e+03	+0.735
106.600	+2.326e+03	+5.629e+03	+1.076e+04	+0.708
106.700	+4.753e+03	+8.339e+03	+9.790e+03	+0.637
106.800	+1.499e+03	+6.294e+03	+9.259e+03	+0.808
106.900	+3.554e+03	+7.214e+03	+1.070e+04	+0.670
107.000	+2.638e+03	+6.577e+03	+9.976e+03	+0.714
107.100	+4.393e+03	+6.775e+03	+1.072e+04	+0.607
107.200	+2.403e+03	+7.195e+03	+9.776e+03	+0.750
107.300	+1.538e+03	+7.955e+03	+1.015e+04	+0.838
107.400	+2.271e+03	+5.358e+03	+9.095e+03	+0.702
107.500	+1.591e+03	+6.754e+03	+8.506e+03	+0.809
107.600	+3.194e+03	+7.103e+03	+1.112e+04	+0.690
107.700	+5.731e+03	+4.006e+03	+9.622e+03	+0.411
107.800	+6.175e+03	+4.383e+03	+9.351e+03	+0.415
107.900	+5.494e+03	+2.968e+03	+1.008e+04	+0.351
108.000	+7.084e+03	+2.811e+03	+9.416e+03	+0.284
108.100	+5.051e+03	+6.330e+03	+1.000e+04	+0.556
108.200	+7.876e+03	+1.170e+03	+9.871e+03	+0.129
108.300	+6.978e+03	+2.727e+03	+1.086e+04	+0.281
108.400	+6.927e+03	+2.150e+03	+9.879e+03	+0.237
108.500	+7.199e+03	+2.135e+03	+9.648e+03	+0.229
108.600	+6.681e+03	+9.001e+02	+1.070e+04	+0.119
108.700	+5.637e+03	+2.343e+03	+1.044e+04	+0.294
108.800	+3.456e+03	+7.782e+03	+9.555e+03	+0.692
108.900	+3.268e+03	+6.077e+03	+1.032e+04	+0.650
109.000	+2.235e+03	+6.793e+03	+7.507e+03	+0.752
109.100	+2.670e+03	+7.401e+03	+1.028e+04	+0.735
109.200	+6.435e+03	+2.795e+03	+8.749e+03	+0.303
109.300	+7.220e+03	+2.874e+03	+1.093e+04	+0.285
109.400	+7.997e+03	+3.388e+03	+9.753e+03	+0.298
109.500	+5.864e+03	+1.682e+03	+1.030e+04	+0.223
109.600	+7.647e+03	+4.257e+03	+9.256e+03	+0.358
109.700	+7.214e+03	+2.551e+03	+1.066e+04	+0.261
109.800	+5.455e+03	+2.671e+03	+9.713e+03	+0.329
109.900	+4.927e+03	+3.694e+03	+9.484e+03	+0.428
110.000	+6.754e+03	+3.072e+03	+8.745e+03	+0.313
110.100	+6.585e+03	+1.904e+03	+1.017e+04	+0.224
110.200	+7.417e+03	+2.841e+03	+8.548e+03	+0.277
110.300	+6.930e+03	+3.136e+03	+9.629e+03	+0.312
110.400	+6.025e+03	+2.422e+03	+9.887e+03	+0.287
110.500	+6.683e+03	+3.093e+03	+1.048e+04	+0.316
110.600	+7.791e+03	+3.019e+03	+1.047e+04	+0.279
110.700	+8.245e+03	+3.856e+03	+9.923e+03	+0.319
110.800	+5.127e+03	+4.022e+03	+1.063e+04	+0.440
110.900	+3.106e+03	+7.738e+03	+9.349e+03	+0.714
111.000	+3.063e+03	+6.224e+03	+9.348e+03	+0.670
111.100	+2.635e+03	+5.664e+03	+1.111e+04	+0.682
111.200	+2.971e+03	+5.321e+03	+1.075e+04	+0.642
111.300	+1.958e+03	+6.911e+03	+1.023e+04	+0.779
111.400	+2.676e+03	+6.333e+03	+1.106e+04	+0.703
111.500	+3.260e+03	+8.170e+03	+8.924e+03	+0.715
111.600	+3.500e+03	+6.653e+03	+1.076e+04	+0.655
111.700	+1.976e+03	+7.603e+03	+1.071e+04	+0.794
111.800	+3.909e+03	+6.543e+03	+9.618e+03	+0.626
111.900	+6.844e+03	+2.300e+03	+9.995e+03	+0.252
112.000	+3.182e+03	+6.994e+03	+9.063e+03	+0.687
112.100	+1.664e+03	+6.077e+03	+1.073e+04	+0.785
112.200	+1.760e+03	+7.976e+03	+9.634e+03	+0.819
112.300	+3.081e+03	+7.405e+03	+1.047e+04	+0.706
112.400	+5.618e+03	+3.892e+03	+9.808e+03	+0.409
112.500	+7.512e+03	+3.216e+03	+9.849e+03	+0.300
112.600	+6.955e+03	+3.173e+03	+9.852e+03	+0.313
112.700	+7.138e+03	+2.181e+03	+9.631e+03	+0.234
112.800	+6.551e+03	+3.155e+03	+9.231e+03	+0.325
112.900	+6.769e+03	+2.292e+03	+9.753e+03	+0.253
113.000	+6.892e+03	+2.261e+03	+9.738e+03	+0.247
113.100	+6.334e+03	+4.347e+03	+1.084e+04	+0.407
113.200	+7.542e+03	+1.960e+03	+9.564e+03	+0.206
113.300	+5.888e+03	+2.590e+03	+1.058e+04	+0.305
113.400	+6.667e+03	+2.317e+03	+9.242e+03	+0.258
113.500	+6.733e+03	+2.434e+03	+9.973e+03	+0.266
113.600	+7.584e+03	+3.016e+03	+9.076e+03	+0.285
113.700	+7.808e+03	+1.525e+03	+8.338e+03	+0.163
113.800	+7.166e+03	+3.814e+03	+1.000e+04	+0.347
113.900	+8.227e+03	+2.756e+03	+8.141e+03	+0.251
114.000	+6.413e+03	+2.297e+03	+9.274e+03	+0.264
114.100	+6.707e+03	+2.239e+03	+1.081e+04	+0.250
114.200	+5.876e+03	+2.516e+03	+1.009e+04	+0.300
114.300	+5.330e+03	+4.408e+03	+9.585e+03	+0.453
114.400	+3.862e+03	+6.878e+03	+1.012e+04	+0.640
114.500	+3.428e+03	+7.577e+03	+1.009e+04	+0.689
114.600	+2.105e+03	+6.744e+03	+9.905e+03	+0.762
114.700	+2.397e+03	+8.560e+03	+8.662e+03	+0.781
114.800	+4.392e+03	+5.873e+03	+8.748e+03	+0.572
114.900	+2.882e+03	+7.439e+03	+9.564e+03	+0.721
115.000	+3.027e+03	+6.305e+03	+1.028e+04	+0.676
115.100	+3.431e+03	+7.543e+03	+1.048e+04	+0.687
115.200	+4.537e+03	+7.722e+03	+1.086e+04	+0.630
115.300	+2.781e+03	+6.975e+03	+1.066e+04	+0.715
115.400	+3.190e+03	+7.127e+03	+9.901e+03	+0.691
115.500	+1.822e+03	+6.743e+03	+9.661e+03	+0.787
115.600	+3.890e+03	+6.605e+03	+1.010e+04	+0.629
115.700	+3.750e+03	+7.797e+03	+1.026e+04	+0.675
115.800	+6.207e+03	+3.168e+03	+1.092e+04	+0.338
115.900	+8.195e+03	+3.635e+03	+8.513e+03	+0.307
116.000	+8.021e+03	+3.032e+03	+9.034e+03	+0.274
116.100	+7.863e+03	+2.909e+03	+1.041e+04	+0.270
116.200	+7.545e+03	+3.607e+03	+9.698e+03	+0.323
116.300	+5.693e+03	+4.521e+03	+9.415e+03	+0.443
116.400	+2.666e+03	+7.307e+03	+1.109e+04	+0.733
116.500	+2.013e+03	+7.002e+03	+1.072e+04	+0.777
116.600	+3.841e+03	+6.961e+03	+1.148e+04	+0.644
116.700	+4.615e+03	+6.712e+03	+1.034e+04	+0.593
116.800	+5.703e+03	+5.161e+03	+9.934e+03	+0.475
116.900	+3.302e+03	+7.120e+03	+9.771e+03	+0.683
117.000	+2.497e+03	+6.393e+03	+1.169e+04	+0.719
117.100	+4.442e+03	+6.056e+03	+8.628e+03	+0.577
117.200	+2.132e+03	+7.091e+03	+9.462e+03	+0.769
117.300	+4.157e+03	+6.445e+03	+1.103e+04	+0.608
117.400	+3.428e+03	+5.247e+03	+1.026e+04	+0.605
117.500	+2.984e+03	+6.185e+03	+9.362e+03	+0.675
117.600	+2.938e+03	+7.225e+03	+1.103e+04	+0.711
117.700	+4.084e+03	+6.793e+03	+9.873e+03	+0.625
117.800	+3.052e+03	+8.022e+03	+9.983e+03	+0.724
117.900	+1.949e+03	+7.957e+03	+9.775e+03	+0.803
118.000	+4.393e+03	+6.513e+03	+1.161e+04	+0.597
118.100	+4.267e+03	+6.005e+03	+9.254e+03	+0.585
118.200	+2.498e+03	+8.439e+03	+9.495e+03	+0.772
118.300	+3.019e+03	+8.008e+03	+1.081e+04	+0.726
118.400	+2.277e+03	+7.800e+03	+1.069e+04	+0.774
118.500	+2.867e+03	+7.254e+03	+9.089e+03	+0.717
118.600	+2.996e+03	+7.377e+03	+9.961e+03	+0.711
118.700	+6.738e+03	+1.682e+03	+1.154e+04	+0.200
118.800	+6.618e+03	+3.031e+03	+1.072e+04	+0.314
118.900	+6.730e+03	+1.668e+03	+9.778e+03	+0.199
119.000	+7.415e+03	+2.598e+03	+1.018e+04	+0.259
119.100	+6.619e+03	+3.154e+03	+1.108e+04	+0.323
119.200	+3.630e+03	+5.770e+03	+1.114e+04	+0.614
119.300	+6.314e+03	+2.116e+03	+9.631e+03	+0.251
119.400	+7.218e+03	+2.053e+03	+1.163e+04	+0.221
119.500	+6.656e+03	+2.917e+03	+9.218e+03	+0.305
119.600	+6.291e+03	+3.334e+03	+1.005e+04	+0.346
119.700	+7.555e+03	+2.814e+03	+1.120e+04	+0.271
119.800	+6.017e+03	+2.962e+03	+9.852e+03	+0.330
119.900	+6.985e+03	+3.172e+03	+1.010e+04	+0.312
120.000	+6.903e+03	+2.153e+03	+9.018e+03	+0.238
120.100	+5.509e+03	+2.870e+03	+1.001e+04	+0.342
120.200	+6.947e+03	+2.079e+03	+1.042e+04	+0.230
120.300	+6.634e+03	+2.310e+03	+9.832e+03	+0.258
120.400	+6.650e+03	+4.250e+03	+1.132e+04	+0.390
120.500	+7.305e+03	+2.977e+03	+1.046e+04	+0.290
120.600	+7.721e+03	+1.792e+03	+1.029e+04	+0.188
120.700	+6.870e+03	+2.556e+03	+9.635e+03	+0.271
120.800	+7.865e+03	+2.895e+03	+9.168e+03	+0.269
120.900	+6.930e+03	+3.885e+03	+1.057e+04	+0.359
121.000	+7.505e+03	+2.428e+03	+9.390e+03	+0.244
121.100	+5.331e+03	+2.483e+03	+1.041e+04	+0.318
121.200	+7.164e+03	+2.770e+03	+9.185e+03	+0.279
121.300	+6.610e+03	+2.286e+03	+9.635e+03	+0.257
121.400	+7.492e+03	+2.225e+03	+1.102e+04	+0.229
121.500	+7.867e+03	+2.978e+03	+1.098e+04	+0.275
121.600	+7.320e+03	+2.692e+03	+9.778e+03	+0.269
121.700	+5.756e+03	+3.218e+03	+9.989e+03	+0.359
121.800	+7.342e+03	+2.629e+03	+9.210e+03	+0.264
121.900	+7.020e+03	+4.433e+03	+8.583e+03	+0.387
122.000	+9.431e+03	+2.719e+03	+9.217e+03	+0.224
122.100	+6.552e+03	+3.987e+03	+1.227e+04	+0.378
122.200	+6.659e+03	+2.859e+03	+1.041e+04	+0.300
122.300	+6.414e+03	+4.674e+03	+1.143e+04	+0.422
122.400	+7.891e+03	+3.444e+03	+9.648e+03	+0.304
122.500	+7.628e+03	+5.117e+03	+8.668e+03	+0.401
122.600	+7.796e+03	+2.962e+03	+9.698e+03	+0.275
122.700	+6.985e+03	+3.401e+03	+9.396e+03	+0.327
122.800	+7.104e+03	+3.812e+03	+1.073e+04	+0.349
122.900	+6.883e+03	+3.297e+03	+1.098e+04	+0.324
123.000	+5.891e+03	+3.150e+03	+1.009e+04	+0.348
123.100	+6.414e+03	+4.600e+03	+9.857e+03	+0.418
123.200	+4.925e+03	+5.394e+03	+9.804e+03	+0.523
123.300	+3.225e+03	+4.774e+03	+1.064e+04	+0.597
123.400	+2.704e+03	+5.621e+03	+1.069e+04	+0.675
123.500	+2.117e+03	+8.500e+03	+1.092e+04	+0.801
123.600	+1.926e+03	+6.308e+03	+1.038e+04	+0.766
123.700	+3.036e+03	+7.517e+03	+1.089e+04	+0.712
123.800	+1.822e+03	+7.558e+03	+9.296e+03	+0.806
123.900	+4.971e+03	+4.376e+03	+1.096e+04	+0.468
124.000	+2.295e+03	+6.772e+03	+9.571e+03	+0.747
124.100	+4.318e+03	+7.153e+03	+1.056e+04	+0.624
124.200	+3.449e+03	+7.478e+03	+1.188e+04	+0.684
124.300	+1.975e+03	+6.597e+03	+8.618e+03	+0.770
124.400	+4.793e+03	+6.987e+03	+9.782e+03	+0.593
124.500	+2.675e+03	+7.581e+03	+9.709e+03	+0.739
124.600	+7.173e+03	+3.673e+03	+9.833e+03	+0.339
124.700	+8.056e+03	+2.730e+03	+1.104e+04	+0.253
124.800	+6.058e+03	+1.862e+03	+9.653e+03	+0.235
124.900	+7.070e+03	+2.227e+03	+9.343e+03	+0.240
125.000	+7.742e+03	+2.348e+03	+1.014e+04	+0.233
125.100	+7.971e+03	+2.468e+03	+1.055e+04	+0.236
125.200	+6.579e+03	+3.613e+03	+9.560e+03	+0.355
125.300	+6.835e+03	+2.997e+03	+1.029e+04	+0.305
125.400	+7.283e+03	+2.473e+03	+1.035e+04	+0.253
125.500	+7.262e+03	+3.261e+03	+1.093e+04	+0.310
125.600	+6.709e+03	+3.371e+03	+1.051e+04	+0.334
125.700	+5.977e+03	+2.294e+03	+8.935e+03	+0.277
125.800	+5.733e+03	+3.074e+03	+1.045e+04	+0.349
125.900	+7.192e+03	+3.491e+03	+9.096e+03	+0.327
126.000	+5.796e+03	+5.150e+03	+1.065e+04	+0.470
126.100	+3.995e+03	+6.176e+03	+9.643e+03	+0.607
126.200	+3.497e+03	+6.919e+03	+1.079e+04	+0.664
126.300	+2.908e+03	+7.297e+03	+1.041e+04	+0.715
126.400	+3.967e+03	+6.991e+03	+1.038e+04	+0.638
126.500	+1.653e+03	+6.608e+03	+1.015e+04	+0.800
126.600	+2.747e+03	+7.356e+03	+1.117e+04	+0.728
126.700	+3.138e+03	+5.133e+03	+1.000e+04	+0.621
126.800	+3.598e+03	+6.320e+03	+1.031e+04	+0.637
126.900	+2.531e+03	+7.050e+03	+9.252e+03	+0.736
127.000	+2.487e+03	+7.648e+03	+9.211e+03	+0.755
127.100	+3.427e+03	+7.740e+03	+1.071e+04	+0.693
127.200	+2.576e+03	+7.191e+03	+9.796e+03	+0.736
127.300	+3.176e+03	+6.226e+03	+9.589e+03	+0.662
127.400	+3.690e+03	+5.205e+03	+1.025e+04	+0.585
127.500	+4.128e+03	+7.674e+03	+8.910e+03	+0.650
127.600	+6.213e+03	+5.503e+03	+1.059e+04	+0.470
127.700	+6.004e+03	+3.827e+03	+1.005e+04	+0.389
127.800	+6.691e+03	+3.102e+03	+1.086e+04	+0.317
127.900	+7.876e+03	+3.738e+03	+1.007e+04	+0.322
128.000	+7.239e+03	+2.436e+03	+1.165e+04	+0.252
128.100	+6.461e+03	+3.656e+03	+1.039e+04	+0.361
128.200	+7.032e+03	+2.589e+03	+9.107e+03	+0.269
128.300	+6.361e+03	+3.514e+03	+1.145e+04	+0.356
128.400	+8.247e+03	+3.154e+03	+9.546e+03	+0.277
128.500	+6.669e+03	+2.745e+03	+8.821e+03	+0.292
128.600	+7.747e+03	+3.617e+03	+8.163e+03	+0.318
128.700	+8.291e+03	+4.710e+03	+9.195e+03	+0.362
128.800	+7.082e+03	+3.137e+03	+1.071e+04	+0.307
128.900	+6.515e+03	+3.361e+03	+1.052e+04	+0.340
129.000	+7.533e+03	+1.612e+03	+1.018e+04	+0.176
129.100	+6.794e+03	+3.116e+03	+9.491e+03	+0.314
129.200	+7.925e+03	+2.191e+03	+9.944e+03	+0.217
129.300	+8.485e+03	+4.639e+03	+8.954e+03	+0.354
129.400	+9.107e+03	+1.692e+03	+7.959e+03	+0.157
129.500	+7.203e+03	+1.205e+03	+1.021e+04	+0.143
129.600	+6.529e+03	+3.342e+03	+1.078e+04	+0.339
129.700	+6.489e+03	+3.209e+03	+1.012e+04	+0.331
129.800	+6.596e+03	+4.820e+03	+1.160e+04	+0.422
129.900	+6.573e+03	+3.557e+03	+1.137e+04	+0.351
130.000	+6.651e+03	+2.260e+03	+1.013e+04	+0.254
130.100	+6.921e+03	+3.918e+03	+9.151e+03	+0.361
130.200	+6.385e+03	+3.590e+03	+9.318e+03	+0.360
130.300	+7.816e+03	+2.214e+03	+1.018e+04	+0.221
130.400	+6.332e+03	+2.093e+03	+9.887e+03	+0.248
130.500	+6.855e+03	+3.427e+03	+9.988e+03	+0.333
130.600	+6.137e+03	+3.077e+03	+1.143e+04	+0.334
130.700	+8.448e+03	+2.632e+03	+9.435e+03	+0.238
130.800	+5.907e+03	+2.165e+03	+1.027e+04	+0.268
130.900	+8.468e+03	+1.584e+03	+9.540e+03	+0.158
131.000	+7.664e+03	+2.418e+03	+1.037e+04	+0.240
131.100	+6.144e+03	+3.330e+03	+1.030e+04	+0.351
131.200	+7.189e+03	+2.714e+03	+9.693e+03	+0.274
131.300	+7.619e+03	+2.246e+03	+1.080e+04	+0.228
131.400	+7.377e+03	+3.520e+03	+1.030e+04	+0.323
131.500	+3.181e+03	+6.302e+03	+9.548e+03	+0.665
131.600	+3.288e+03	+7.058e+03	+1.091e+04	+0.682
131.700	+2.765e+03	+6.069e+03	+1.030e+04	+0.687
131.800	+3.631e+03	+8.274e+03	+1.007e+04	+0.695
131.900	+2.146e+03	+6.876e+03	+9.379e+03	+0.762
132.000	+2.254e+03	+7.062e+03	+1.141e+04	+0.758
132.100	+3.195e+03	+6.586e+03	+8.673e+03	+0.673
132.200	+3.400e+03	+7.277e+03	+9.786e+03	+0.682
132.300	+3.946e+03	+5.830e+03	+1.065e+04	+0.596
132.400	+2.895e+03	+7.217e+03	+1.165e+04	+0.714
132.500	+3.104e+03	+6.531e+03	+9.893e+03	+0.678
132.600	+2.035e+03	+6.767e+03	+1.047e+04	+0.769
132.700	+3.461e+03	+7.457e+03	+1.034e+04	+0.683
132.800	+2.273e+03	+5.936e+03	+1.049e+04	+0.723
132.900	+4.204e+03	+5.700e+03	+9.422e+03	+0.576
133.000	+5.145e+03	+6.023e+03	+9.202e+03	+0.539
133.100	+7.721e+03	+2.802e+03	+9.790e+03	+0.266
133.200	+5.952e+03	+3.348e+03	+9.659e+03	+0.360
133.300	+7.907e+03	+2.070e+03	+9.144e+03	+0.207
133.400	+6.747e+03	+3.331e+03	+8.570e+03	+0.330
133.500	+6.501e+03	+2.629e+03	+9.961e+03	+0.288
133.600	+7.238e+03	+3.002e+03	+1.056e+04	+0.293
133.700	+7.666e+03	+3.806e+03	+1.157e+04	+0.332
133.800	+6.575e+03	+2.331e+03	+1.104e+04	+0.262
133.900	+6.222e+03	+1.674e+03	+1.096e+04	+0.212
134.000	+6.973e+03	+3.162e+03	+1.064e+04	+0.312
134.100	+3.646e+03	+6.271e+03	+1.078e+04	+0.632
134.200	+3.179e+03	+6.135e+03	+9.508e+03	+0.659
134.300	+2.188e+03	+8.001e+03	+9.457e+03	+0.785
134.400	+3.928e+03	+6.009e+03	+9.619e+03	+0.605
134.500	+4.343e+03	+8.551e+03	+8.491e+03	+0.663
134.600	+2.787e+03	+7.572e+03	+1.061e+04	+0.731
134.700	+3.762e+03	+8.015e+03	+1.037e+04	+0.681
134.800	+2.675e+03	+6.475e+03	+9.306e+03	+0.708
134.900	+4.007e+03	+7.545e+03	+9.604e+03	+0.653
135.000	+3.298e+03	+5.987e+03	+1.037e+04	+0.645
135.100	+3.897e+03	+7.532e+03	+9.294e+03	+0.659
135.200	+3.344e+03	+7.174e+03	+8.342e+03	+0.682
135.300	+3.351e+03	+6.420e+03	+9.081e+03	+0.657
135.400	+3.509e+03	+8.377e+03	+9.450e+03	+0.705
135.500	+3.795e+03	+5.724e+03	+8.938e+03	+0.601
135.600	+3.198e+03	+7.579e+03	+9.810e+03	+0.703
135.700	+2.470e+03	+5.874e+03	+1.060e+04	+0.704
135.800	+3.559e+03	+8.125e+03	+1.113e+04	+0.695
135.900	+3.119e+03	+7.220e+03	+9.010e+03	+0.698
136.000	+2.135e+03	+6.212e+03	+9.546e+03	+0.744
136.100	+3.614e+03	+5.964e+03	+1.124e+04	+0.623
136.200	+4.016e+03	+5.654e+03	+1.040e+04	+0.585
136.300	+3.100e+03	+6.282e+03	+1.075e+04	+0.670
136.400	+3.028e+03	+7.086e+03	+1.044e+04	+0.701
136.500	+3.082e+03	+8.453e+03	+9.543e+03	+0.733
136.600	+3.419e+03	+6.428e+03	+1.090e+04	+0.653
136.700	+3.846e+03	+6.142e+03	+8.756e+03	+0.615
136.800	+3.585e+03	+7.523e+03	+9.827e+03	+0.677
136.900	+3.213e+03	+6.984e+03	+1.073e+04	+0.685
137.000	+3.310e+03	+7.117e+03	+9.482e+03	+0.683
137.100	+3.131e+03	+6.416e+03	+9.425e+03	+0.672
137.200	+3.051e+03	+7.509e+03	+1.014e+04	+0.711
137.300	+2.445e+03	+6.781e+03	+1.057e+04	+0.735
137.400	+3.045e+03	+7.047e+03	+1.005e+04	+0.698
137.500	+2.531e+03	+6.891e+03	+9.492e+03	+0.731
137.600	+3.755e+03	+6.399e+03	+1.014e+04	+0.630
137.700	+7.051e+03	+3.757e+03	+9.113e+03	+0.348
137.800	+6.941e+03	+5.643e+02	+1.076e+04	+0.075
137.900	+7.853e+03	+3.042e+03	+1.033e+04	+0.279
138.000	+8.036e+03	+1.918e+03	+9.680e+03	+0.193
138.100	+7.964e+03	+4.196e+03	+1.059e+04	+0.345
138.200	+7.510e+03	+3.679e+03	+9.678e+03	+0.329
138.300	+7.905e+03	+2.843e+03	+9.134e+03	+0.265
138.400	+8.042e+03	+3.795e+03	+9.426e+03	+0.321
138.500	+8.052e+03	+1.764e+03	+1.071e+04	+0.180
138.600	+5.689e+03	+4.248e+03	+1.011e+04	+0.427
138.700	+6.045e+03	+2.202e+03	+8.733e+03	+0.267
138.800	+7.422e+03	+4.422e+03	+9.608e+03	+0.373
138.900	+6.246e+03	+2.733e+03	+1.098e+04	+0.304
139.000	+6.744e+03	+2.418e+03	+9.482e+03	+0.264
139.100	+6.195e+03	+3.426e+03	+9.263e+03	+0.356
139.200	+7.019e+03	+2.244e+03	+1.006e+04	+0.242
139.300	+6.647e+03	+2.942e+03	+1.023e+04	+0.307
139.400	+6.924e+03	+1.372e+03	+9.486e+03	+0.165
139.500	+6.949e+03	+3.549e+03	+1.049e+04	+0.338
139.600	+6.730e+03	+3.595e+03	+9.833e+03	+0.348
139.700	+7.154e+03	+3.733e+03	+1.130e+04	+0.343
139.800	+7.085e+03	+2.671e+03	+9.187e+03	+0.274
139.900	+5.975e+03	+3.984e+03	+9.933e+03	+0.400
140.000	+6.016e+03	+2.488e+03	+1.049e+04	+0.293
140.100	+6.570e+03	+1.842e+03	+1.001e+04	+0.219
140.200	+6.831e+03	+1.884e+03	+9.597e+03	+0.216
140.300	+6.913e+03	+3.937e+03	+1.050e+04	+0.363
140.400	+8.258e+03	+3.032e+03	+9.642e+03	+0.269
140.500	+5.881e+03	+5.889e+03	+1.018e+04	+0.500
140.600	+2.920e+03	+5.535e+03	+7.948e+03	+0.655
140.700	+1.911e+03	+7.340e+03	+1.163e+04	+0.793
140.800	+1.829e+03	+8.337e+03	+9.402e+03	+0.820
140.900	+3.204e+03	+7.126e+03	+9.761e+03	+0.690
141.000	+2.938e+03	+5.969e+03	+1.059e+04	+0.670
141.100	+6.485e+03	+2.828e+03	+1.190e+04	+0.304
141.200	+7.393e+03	+4.053e+03	+9.730e+03	+0.354
141.300	+6.779e+03	+2.466e+03	+1.029e+04	+0.267
141.400	+7.327e+03	+3.605e+03	+8.665e+03	+0.330
141.500	+5.925e+03	+1.583e+03	+8.795e+03	+0.211
141.600	+8.580e+03	+4.276e+03	+9.469e+03	+0.333
141.700	+6.850e+03	+3.294e+03	+9.330e+03	+0.325
141.800	+7.434e+03	+3.084e+03	+8.542e+03	+0.293
141.900	+8.328e+03	+3.384e+03	+9.601e+03	+0.289
142.000	+6.967e+03	+3.283e+03	+1.069e+04	+0.320
142.100	+6.235e+03	+3.244e+03	+1.028e+04	+0.342
142.200	+7.984e+03	+1.937e+03	+9.698e+03	+0.195
142.300	+5.708e+03	+2.401e+03	+9.143e+03	+0.296
142.400	+8.339e+03	+2.246e+03	+1.100e+04	+0.212
142.500	+7.151e+03	+4.058e+03	+9.971e+03	+0.362
142.600	+7.822e+03	+2.552e+03	+1.043e+04	+0.246
142.700	+6.961e+03	+3.370e+03	+9.586e+03	+0.326
142.800	+6.308e+03	+3.620e+03	+1.044e+04	+0.365
142.900	+6.526e+03	+1.823e+03	+8.976e+03	+0.218
143.000	+6.961e+03	+4.359e+03	+1.001e+04	+0.385
143.100	+6.014e+03	+3.557e+03	+1.005e+04	+0.372
143.200	+4.022e+03	+6.914e+03	+1.034e+04	+0.632
143.300	+5.069e+03	+7.730e+03	+1.099e+04	+0.604
143.400	+3.350e+03	+6.903e+03	+9.759e+03	+0.673
143.500	+3.250e+03	+6.764e+03	+1.062e+04	+0.675
143.600	+4.196e+03	+6.636e+03	+9.919e+03	+0.613
143.700	+3.908e+03	+7.021e+03	+1.043e+04	+0.642
143.800	+3.711e+03	+6.721e+03	+9.502e+03	+0.644
143.900	+2.738e+03	+7.247e+03	+9.583e+03	+0.726
144.000	+2.182e+03	+5.723e+03	+9.097e+03	+0.724
144.100	+4.010e+03	+7.348e+03	+9.448e+03	+0.647
144.200	+3.999e+03	+5.869e+03	+1.006e+04	+0.595
144.300	+3.067e+03	+6.778e+03	+1.064e+04	+0.688
144.400	+2.096e+03	+7.011e+03	+1.047e+04	+0.770
144.500	+3.552e+03	+7.961e+03	+9.691e+03	+0.691
144.600	+3.488e+03	+7.718e+03	+1.048e+04	+0.689
144.700	+2.358e+03	+7.451e+03	+8.748e+03	+0.760
144.800	+2.866e+03	+6.896e+03	+1.023e+04	+0.706
144.900	+2.895e+03	+9.079e+03	+9.379e+03	+0.758
145.000	+3.583e+03	+6.708e+03	+1.015e+04	+0.652
145.100	+2.627e+03	+6.941e+03	+1.069e+04	+0.725
145.200	+1.993e+03	+5.753e+03	+1.028e+04	+0.743
145.300	+2.597e+03	+4.503e+03	+9.310e+03	+0.634
145.400	+2.432e+03	+7.040e+03	+1.034e+04	+0.743
145.500	+4.166e+03	+7.928e+03	+8.935e+03	+0.656
145.600	+5.728e+03	+4.792e+03	+9.959e+03	+0.456
145.700	+6.792e+03	+4.798e+03	+9.800e+03	+0.414
145.800	+3.500e+03	+6.994e+03	+1.090e+04	+0.666
145.900	+3.755e+03	+7.708e+03	+1.025e+04	+0.672
146.000	+3.299e+03	+8.548e+03	+9.111e+03	+0.722
146.100	+4.569e+03	+5.482e+03	+9.641e+03	+0.545
146.200	+3.278e+03	+8.084e+03	+9.760e+03	+0.711
146.300	+3.011e+03	+7.439e+03	+9.933e+03	+0.712
146.400	+3.018e+03	+7.947e+03	+1.129e+04	+0.725
146.500	+6.963e+03	+2.750e+03	+1.048e+04	+0.283
146.600	+4.953e+03	+4.221e+03	+1.071e+04	+0.460
146.700	+3.670e+03	+6.715e+03	+9.205e+03	+0.647
146.800	+2.982e+03	+5.861e+03	+9.306e+03	+0.663
146.900	+5.111e+03	+5.950e+03	+8.767e+03	+0.538
147.000	+6.209e+03	+3.031e+03	+8.409e+03	+0.328
147.100	+7.046e+03	+3.671e+03	+9.956e+03	+0.343
147.200	+6.060e+03	+3.263e+03	+9.077e+03	+0.350
147.300	+6.020e+03	+2.007e+03	+1.021e+04	+0.250
147.400	+2.388e+03	+5.540e+03	+9.854e+03	+0.699
147.500	+2.401e+03	+7.630e+03	+9.222e+03	+0.761
147.600	+2.963e+03	+7.472e+03	+8.929e+03	+0.716
147.700	+2.534e+03	+8.094e+03	+9.043e+03	+0.762
147.800	+2.593e+03	+6.596e+03	+9.091e+03	+0.718
147.900	+1.629e+03	+5.353e+03	+9.838e+03	+0.767
148.000	+2.857e+03	+7.405e+03	+1.060e+04	+0.722
148.100	+3.211e+03	+6.742e+03	+1.121e+04	+0.677
148.200	+2.801e+03	+7.526e+03	+9.343e+03	+0.729
148.300	+2.872e+03	+9.007e+03	+1.036e+04	+0.758
148.400	+2.765e+03	+7.346e+03	+1.080e+04	+0.726
148.500	+3.416e+03	+6.226e+03	+1.083e+04	+0.646
148.600	+3.319e+03	+6.886e+03	+1.044e+04	+0.675
148.700	+3.231e+03	+6.090e+03	+1.039e+04	+0.653
148.800	+2.686e+03	+7.182e+03	+1.041e+04	+0.728
148.900	+2.242e+03	+6.800e+03	+1.030e+04	+0.752
149.000	+3.114e+03	+6.499e+03	+9.661e+03	+0.676
149.100	+3.277e+03	+7.171e+03	+8.683e+03	+0.686
149.200	+1.837e+03	+6.132e+03	+1.038e+04	+0.769
149.300	+3.278e+03	+7.452e+03	+1.083e+04	+0.694
149.400	+3.734e+03	+6.886e+03	+1.144e+04	+0.648
149.500	+2.072e+03	+7.079e+03	+1.071e+04	+0.774
149.600	+2.309e+03	+8.652e+03	+1.038e+04	+0.789
149.700	+4.475e+03	+7.425e+03	+1.018e+04	+0.624
149.800	+1.370e+03	+6.534e+03	+9.777e+03	+0.827
149.900	+2.790e+03	+7.732e+03	+1.010e+04	+0.735
150.000	+2.419e+03	+7.189e+03	+1.017e+04	+0.748
150.100	+7.221e+03	+2.645e+03	+1.009e+04	+0.268
150.200	+7.833e+03	+3.750e+03	+1.095e+04	+0.324
150.300	+9.125e+03	+2.401e+03	+9.327e+03	+0.208
150.400	+6.360e+03	+2.313e+03	+9.801e+03	+0.267
150.500	+8.610e+03	+3.983e+03	+1.014e+04	+0.316
150.600	+3.443e+03	+7.789e+03	+9.862e+03	+0.693
150.700	+1.184e+03	+6.599e+03	+1.143e+04	+0.848
150.800	+3.966e+03	+7.575e+03	+1.032e+04	+0.656
150.900	+3.448e+03	+8.317e+03	+8.543e+03	+0.707
151.000	+2.525e+03	+7.348e+03	+9.573e+03	+0.744
151.100	+3.077e+03	+6.941e+03	+9.701e+03	+0.693
151.200	+1.701e+03	+6.279e+03	+1.013e+04	+0.787
151.300	+3.403e+03	+6.927e+03	+9.183e+03	+0.671
151.400	+2.505e+03	+8.897e+03	+9.752e+03	+0.780
151.500	+2.571e+03	+7.467e+03	+1.017e+04	+0.744
151.600	+3.473e+03	+7.126e+03	+9.101e+03	+0.672
151.700	+1.119e+03	+7.118e+03	+9.030e+03	+0.864
151.800	+4.010e+03	+5.686e+03	+1.033e+04	+0.586
151.900	+3.691e+03	+7.361e+03	+9.744e+03	+0.666
152.000	+2.309e+03	+7.008e+03	+9.350e+03	+0.752
152.100	+1.661e+03	+7.434e+03	+1.111e+04	+0.817
152.200	+3.811e+03	+9.265e+03	+1.011e+04	+0.709
152.300	+5.038e+03	+6.650e+03	+9.324e+03	+0.569
152.400	+4.592e+03	+4.997e+03	+1.006e+04	+0.521
152.500	+7.764e+03	+3.346e+03	+9.877e+03	+0.301
152.600	+7.151e+03	+3.699e+03	+1.020e+04	+0.341
152.700	+6.832e+03	+3.858e+03	+1.018e+04	+0.361
152.800	+6.196e+03	+2.879e+03	+1.003e+04	+0.317
152.900	+7.448e+03	+2.424e+03	+1.118e+04	+0.246
153.000	+7.907e+03	+3.433e+03	+1.055e+04	+0.303
153.100	+6.717e+03	+4.725e+03	+8.054e+03	+0.413
153.200	+7.610e+03	+4.041e+03	+1.075e+04	+0.347
153.300	+6.766e+03	+2.422e+03	+9.900e+03	+0.264
153.400	+8.124e+03	+2.823e+03	+9.671e+03	+0.258
153.500	+5.658e+03	+1.298e+03	+9.291e+03	+0.187
153.600	+6.621e+03	+2.964e+03	+8.822e+03	+0.309
153.700	+8.388e+03	+2.103e+03	+9.504e+03	+0.200
153.800	+5.384e+03	+2.942e+03	+9.922e+03	+0.353
153.900	+7.494e+03	+2.363e+03	+8.870e+03	+0.240
154.000	+6.504e+03	+3.699e+03	+9.552e+03	+0.363
154.100	+3.527e+03	+5.229e+03	+1.004e+04	+0.597
154.200	+2.196e+03	+7.468e+03	+9.930e+03	+0.773
154.300	+2.926e+03	+7.516e+03	+1.095e+04	+0.720
154.400	+2.701e+03	+6.564e+03	+9.752e+03	+0.708
154.500	+4.861e+03	+7.321e+03	+1.077e+04	+0.601
154.600	+4.050e+03	+6.498e+03	+9.455e+03	+0.616
154.700	+2.760e+03	+7.279e+03	+9.763e+03	+0.725
154.800	+4.214e+03	+6.360e+03	+1.091e+04	+0.601
154.900	+7.801e+03	+2.141e+03	+9.726e+03	+0.215
155.000	+6.335e+03	+3.564e+03	+1.075e+04	+0.360
155.100	+6.183e+03	+2.568e+03	+1.041e+04	+0.293
155.200	+5.151e+03	+3.351e+03	+1.069e+04	+0.394
155.300	+7.342e+03	+3.599e+03	+9.156e+03	+0.329
155.400	+7.172e+03	+2.895e+03	+9.864e+03	+0.288
155.500	+7.746e+03	+2.050e+03	+9.267e+03	+0.209
155.600	+7.466e+03	+2.458e+03	+1.073e+04	+0.248
155.700	+6.587e+03	+3.271e+03	+8.718e+03	+0.332
155.800	+8.349e+03	+2.354e+03	+1.068e+04	+0.220
155.900	+6.862e+03	+2.295e+03	+1.111e+04	+0.251
156.000	+7.402e+03	+3.795e+03	+8.455e+03	+0.339
156.100	+7.962e+03	+2.949e+03	+9.663e+03	+0.270
156.200	+3.624e+03	+7.340e+03	+1.024e+04	+0.669
156.300	+3.607e+03	+7.811e+03	+1.114e+04	+0.684
156.400	+2.464e+03	+6.809e+03	+9.170e+03	+0.734
156.500	+2.758e+03	+7.846e+03	+1.053e+04	+0.740
156.600	+3.625e+03	+6.532e+03	+8.402e+03	+0.643
156.700	+2.877e+03	+7.495e+03	+1.059e+04	+0.723
156.800	+2.817e+03	+7.634e+03	+1.059e+04	+0.730
156.900	+3.462e+03	+6.667e+03	+8.574e+03	+0.658
157.000	+3.164e+03	+6.636e+03	+1.007e+04	+0.677
157.100	+3.309e+03	+8.158e+03	+9.140e+03	+0.711
157.200	+4.168e+03	+6.313e+03	+1.073e+04	+0.602
157.300	+3.668e+03	+7.652e+03	+8.907e+03	+0.676
157.400	+3.647e+03	+5.981e+03	+9.285e+03	+0.621
157.500	+3.388e+03	+5.813e+03	+8.874e+03	+0.632
157.600	+7.031e+03	+2.228e+03	+8.398e+03	+0.241
157.700	+4.020e+03	+5.474e+03	+9.534e+03	+0.577
157.800	+2.715e+03	+5.023e+03	+9.378e+03	+0.649
157.900	+2.815e+03	+6.681e+03	+9.976e+03	+0.704
158.000	+4.082e+03	+5.873e+03	+8.483e+03	+0.590
158.100	+7.752e+03	+2.664e+03	+9.416e+03	+0.256
158.200	+7.600e+03	+3.639e+03	+1.161e+04	+0.324
158.300	+6.095e+03	+2.900e+03	+1.013e+04	+0.322
158.400	+7.033e+03	+3.170e+03	+9.797e+03	+0.311
158.500	+6.623e+03	+2.528e+03	+1.019e+04	+0.276
158.600	+7.379e+03	+2.609e+03	+1.100e+04	+0.261
158.700	+6.823e+03	+2.808e+03	+9.652e+03	+0.292
158.800	+7.377e+03	+3.040e+03	+9.724e+03	+0.292
158.900	+7.744e+03	+2.367e+03	+1.022e+04	+0.234
159.000	+6.302e+03	+3.005e+03	+8.584e+03	+0.323
159.100	+7.959e+03	+2.349e+03	+1.017e+04	+0.228
159.200	+5.777e+03	+3.006e+03	+9.891e+03	+0.342
159.300	+7.177e+03	+5.013e+03	+9.271e+03	+0.411
159.400	+8.462e+03	+3.099e+03	+1.065e+04	+0.268
159.500	+7.379e+03	+3.552e+03	+9.753e+03	+0.325
159.600	+7.122e+03	+4.057e+03	+1.047e+04	+0.363
159.700	+7.332e+03	+2.175e+03	+8.526e+03	+0.229
159.800	+7.522e+03	+2.421e+03	+9.083e+03	+0.244
159.900	+8.267e+03	+3.402e+03	+1.128e+04	+0.292
160.000	+7.438e+03	+3.171e+03	+1.030e+04	+0.299
160.100	+6.335e+03	+3.273e+03	+1.071e+04	+0.341
160.200	+5.838e+03	+2.937e+03	+9.392e+03	+0.335
160.300	+5.961e+03	+1.974e+03	+1.075e+04	+0.249
160.400	+7.234e+03	+3.090e+03	+9.159e+03	+0.299
160.500	+6.769e+03	+2.531e+03	+9.498e+03	+0.272
160.600	+7.350e+03	+3.209e+03	+9.285e+03	+0.304
160.700	+6.675e+03	+1.588e+03	+1.121e+04	+0.192
160.800	+7.986e+03	+3.500e+03	+1.092e+04	+0.305
160.900	+7.918e+03	+1.671e+03	+9.441e+03	+0.174
161.000	+7.663e+03	+3.014e+03	+8.142e+03	+0.282
161.100	+5.906e+03	+3.486e+03	+1.103e+04	+0.371
161.200	+7.129e+03	+3.379e+03	+8.924e+03	+0.322
161.300	+6.964e+03	+3.265e+03	+9.425e+03	+0.319
161.400	+6.735e+03	+2.925e+03	+8.909e+03	+0.303
161.500	+6.577e+03	+4.356e+03	+1.002e+04	+0.398
161.600	+7.550e+03	+1.470e+03	+9.724e+03	+0.163
161.700	+7.014e+03	+3.044e+03	+1.033e+04	+0.303
161.800	+6.760e+03	+3.412e+03	+1.013e+04	+0.335
161.900	+7.686e+03	+3.833e+03	+8.759e+03	+0.333
162.000	+7.724e+03	+3.704e+03	+9.984e+03	+0.324
162.100	+7.037e+03	+3.378e+03	+1.084e+04	+0.324
162.200	+6.373e+03	+2.921e+03	+9.334e+03	+0.314
162.300	+7.845e+03	+2.893e+03	+9.928e+03	+0.269
162.400	+8.369e+03	+2.737e+03	+1.206e+04	+0.246
162.500	+7.107e+03	+3.259e+03	+1.022e+04	+0.314
162.600	+7.565e+03	+3.116e+03	+1.091e+04	+0.292
162.700	+7.127e+03	+1.804e+03	+9.800e+03	+0.202
162.800	+7.686e+03	+2.436e+03	+1.005e+04	+0.241
162.900	+7.043e+03	+3.659e+03	+1.027e+04	+0.342
163.000	+6.382e+03	+1.537e+03	+1.126e+04	+0.194
163.100	+7.314e+03	+3.294e+03	+9.511e+03	+0.311
163.200	+8.741e+03	+2.479e+03	+9.609e+03	+0.221
163.300	+5.039e+03	+4.758e+03	+9.937e+03	+0.486
163.400	+2.730e+03	+7.021e+03	+9.499e+03	+0.720
163.500	+2.973e+03	+7.257e+03	+9.999e+03	+0.709
163.600	+4.189e+03	+6.590e+03	+8.698e+03	+0.611
163.700	+1.823e+03	+7.763e+03	+1.038e+04	+0.810
163.800	+1.688e+03	+7.520e+03	+1.121e+04	+0.817
163.900	+3.056e+03	+6.156e+03	+8.982e+03	+0.668
164.000	+4.541e+03	+8.092e+03	+9.802e+03	+0.641
164.100	+3.479e+03	+8.314e+03	+9.241e+03	+0.705
164.200	+3.508e+03	+7.347e+03	+1.031e+04	+0.677
164.300	+3.727e+03	+6.544e+03	+9.158e+03	+0.637
164.400	+3.699e+03	+6.935e+03	+1.028e+04	+0.652
164.500	+2.123e+03	+7.477e+03	+1.029e+04	+0.779
164.600	+2.826e+03	+6.224e+03	+1.003e+04	+0.688
164.700	+4.639e+03	+6.333e+03	+1.100e+04	+0.577
164.800	+7.432e+03	+3.523e+03	+9.250e+03	+0.322
164.900	+7.809e+03	+3.497e+03	+9.229e+03	+0.309
165.000	+6.306e+03	+3.829e+03	+1.161e+04	+0.378
165.100	+6.979e+03	+1.550e+03	+1.143e+04	+0.182
165.200	+7.718e+03	+4.450e+03	+1.019e+04	+0.366
165.300	+7.770e+03	+3.202e+03	+1.083e+04	+0.292
165.400	+6.522e+03	+6.206e+02	+9.998e+03	+0.087
165.500	+5.256e+03	+3.356e+03	+1.206e+04	+0.390
165.600	+4.562e+03	+5.035e+03	+9.598e+03	+0.525
165.700	+3.575e+03	+7.144e+03	+1.046e+04	+0.667
165.800	+2.711e+03	+7.837e+03	+1.175e+04	+0.743
165.900	+2.572e+03	+6.858e+03	+1.016e+04	+0.727
166.000	+2.106e+03	+5.906e+03	+9.284e+03	+0.737
166.100	+3.141e+03	+6.437e+03	+1.183e+04	+0.672
166.200	+2.574e+03	+7.448e+03	+1.073e+04	+0.743
166.300	+4.060e+03	+7.665e+03	+1.035e+04	+0.654
166.400	+6.846e+02	+7.550e+03	+1.087e+04	+0.917
166.500	+4.155e+03	+8.174e+03	+9.716e+03	+0.663
166.600	+4.196e+03	+7.501e+03	+1.022e+04	+0.641
166.700	+3.438e+03	+7.806e+03	+9.525e+03	+0.694
166.800	+2.188e+03	+7.241e+03	+8.689e+03	+0.768
166.900	+3.673e+03	+6.600e+03	+7.871e+03	+0.642
167.000	+2.742e+03	+7.627e+03	+1.069e+04	+0.736
167.100	+1.836e+03	+8.007e+03	+1.020e+04	+0.813
167.200	+5.573e+03	+5.032e+03	+9.381e+03	+0.474
167.300	+3.479e+03	+5.712e+03	+1.002e+04	+0.621
167.400	+3.118e+03	+8.339e+03	+9.297e+03	+0.728
167.500	+2.305e+03	+7.619e+03	+1.045e+04	+0.768
167.600	+5.219e+03	+7.448e+03	+1.077e+04	+0.588
167.700	+3.043e+03	+7.285e+03	+1.174e+04	+0.705
167.800	+3.082e+03	+6.774e+03	+9.863e+03	+0.687
167.900	+2.024e+03	+6.486e+03	+8.833e+03	+0.762
168.000	+1.285e+03	+7.117e+03	+1.026e+04	+0.847
168.100	+3.428e+03	+7.340e+03	+1.004e+04	+0.682
168.200	+2.658e+03	+7.410e+03	+1.011e+04	+0.736
168.300	+1.348e+03	+7.510e+03	+9.142e+03	+0.848
168.400	+2.944e+03	+7.258e+03	+8.775e+03	+0.711
168.500	+3.014e+03	+6.754e+03	+9.881e+03	+0.691
168.600	+6.348e+03	+4.106e+03	+1.038e+04	+0.393
168.700	+7.577e+03	+2.461e+03	+8.884e+03	+0.245
168.800	+7.307e+03	+3.039e+03	+1.025e+04	+0.294
168.900	+5.853e+03	+2.713e+03	+9.783e+03	+0.317
169.000	+7.869e+03	+3.637e+03	+9.950e+03	+0.316
169.100	+5.430e+03	+3.305e+03	+1.059e+04	+0.378
169.200	+7.440e+03	+3.449e+03	+9.905e+03	+0.317
169.300	+5.693e+03	+2.572e+03	+9.497e+03	+0.311
169.400	+8.360e+03	+3.360e+03	+9.773e+03	+0.287
169.500	+6.720e+03	+1.468e+03	+9.335e+03	+0.179
169.600	+6.382e+03	+2.991e+03	+1.072e+04	+0.319
169.700	+8.074e+03	+1.655e+03	+9.256e+03	+0.170
169.800	+7.432e+03	+1.546e+03	+9.487e+03	+0.172
169.900	+8.345e+03	+2.158e+03	+9.994e+03	+0.205
170.000	+7.492e+03	+2.871e+03	+9.677e+03	+0.277
170.100	+8.373e+03	+3.677e+03	+1.010e+04	+0.305
170.200	+7.343e+03	+3.348e+03	+8.828e+03	+0.313
170.300	+6.846e+03	+2.505e+03	+9.577e+03	+0.268
170.400	+8.021e+03	+1.302e+03	+9.605e+03	+0.140
170.500	+7.359e+03	+2.576e+03	+9.624e+03	+0.259
170.600	+6.564e+03	+1.615e+03	+7.924e+03	+0.197
170.700	+6.241e+03	+3.654e+03	+1.043e+04	+0.369
170.800	+7.616e+03	+2.696e+03	+1.094e+04	+0.261
170.900	+7.546e+03	+2.957e+03	+1.093e+04	+0.282
171.000	+8.641e+03	+1.842e+03	+9.759e+03	+0.176
171.100	+7.311e+03	+1.613e+03	+1.064e+04	+0.181
171.200	+6.786e+03	+3.640e+03	+9.253e+03	+0.349
171.300	+6.910e+03	+4.542e+03	+1.023e+04	+0.397
171.400	+8.149e+03	+3.128e+03	+9.067e+03	+0.277
171.500	+7.451e+03	+3.107e+03	+9.946e+03	+0.294
171.600	+7.887e+03	+1.517e+03	+9.882e+03	+0.161
171.700	+6.328e+03	+2.822e+03	+9.630e+03	+0.308
171.800	+7.587e+03	+3.720e+03	+1.036e+04	+0.329
171.900	+6.181e+03	+3.777e+03	+9.804e+03	+0.379
172.000	+5.117e+03	+1.781e+03	+1.099e+04	+0.258
172.100	+3.276e+03	+6.900e+03	+9.785e+03	+0.678
172.200	+1.907e+03	+7.654e+03	+1.066e+04	+0.801
172.300	+2.992e+03	+7.180e+03	+8.444e+03	+0.706
172.400	+2.808e+03	+7.407e+03	+1.148e+04	+0.725
172.500	+3.629e+03	+6.839e+03	+8.782e+03	+0.653
172.600	+4.642e+03	+6.976e+03	+1.003e+04	+0.600
172.700	+3.301e+03	+6.691e+03	+9.288e+03	+0.670
172.800	+3.839e+03	+7.190e+03	+9.964e+03	+0.652
172.900	+7.778e+03	+1.707e+03	+1.021e+04	+0.180
173.000	+6.635e+03	+4.061e+03	+1.138e+04	+0.380
173.100	+6.536e+03	+2.863e+03	+9.463e+03	+0.305
173.200	+7.791e+03	+2.057e+03	+1.108e+04	+0.209
173.300	+4.418e+03	+2.716e+03	+1.109e+04	+0.381
173.400	+9.210e+03	+3.573e+03	+1.041e+04	+0.280
173.500	+6.531e+03	+4.029e+03	+9.705e+03	+0.382
173.600	+6.762e+03	+2.759e+03	+9.191e+03	+0.290
173.700	+8.681e+03	+2.935e+03	+9.266e+03	+0.253
173.800	+7.334e+03	+3.691e+03	+1.016e+04	+0.335
173.900	+3.224e+03	+6.761e+03	+9.031e+03	+0.677
174.000	+2.154e+03	+7.241e+03	+9.833e+03	+0.771
174.100	+2.513e+03	+6.354e+03	+9.378e+03	+0.717
174.200	+3.183e+03	+6.172e+03	+1.070e+04	+0.660
174.300	+3.523e+03	+7.145e+03	+9.165e+03	+0.670
174.400	+2.242e+03	+7.185e+03	+8.442e+03	+0.762
174.500	+2.034e+03	+7.360e+03	+1.096e+04	+0.783
174.600	+4.318e+03	+6.537e+03	+9.108e+03	+0.602
174.700	+2.795e+03	+6.906e+03	+1.142e+04	+0.712
174.800	+3.599e+03	+5.549e+03	+8.735e+03	+0.607
174.900	+2.550e+03	+6.488e+03	+1.010e+04	+0.718
175.000	+3.548e+03	+6.983e+03	+7.065e+03	+0.663
175.100	+6.531e+03	+3.349e+03	+1.094e+04	+0.339
175.200	+8.316e+03	+3.620e+03	+1.080e+04	+0.303
175.300	+8.041e+03	+3.945e+03	+1.066e+04	+0.329
175.400	+6.504e+03	+3.816e+03	+9.420e+03	+0.370
175.500	+7.420e+03	+3.520e+03	+1.055e+04	+0.322
175.600	+8.051e+03	+3.553e+03	+9.872e+03	+0.306
175.700	+7.319e+03	+3.053e+03	+1.058e+04	+0.294
175.800	+6.409e+03	+3.306e+03	+9.493e+03	+0.340
175.900	+6.607e+03	+4.445e+03	+9.715e+03	+0.402
176.000	+6.160e+03	+3.841e+03	+9.686e+03	+0.384
176.100	+6.931e+03	+2.441e+03	+1.000e+04	+0.260
176.200	+6.895e+03	+1.768e+03	+1.052e+04	+0.204
176.300	+7.223e+03	+3.832e+03	+9.064e+03	+0.347
176.400	+6.454e+03	+4.205e+03	+1.097e+04	+0.395
176.500	+7.250e+03	+3.039e+03	+1.004e+04	+0.295
176.600	+6.898e+03	+1.092e+03	+1.047e+04	+0.137
176.700	+7.127e+03	+2.546e+03	+9.570e+03	+0.263
176.800	+7.125e+03	+3.369e+03	+9.817e+03	+0.321
176.900	+6.550e+03	+2.304e+03	+1.124e+04	+0.260
177.000	+7.262e+03	+2.355e+03	+1.071e+04	+0.245
177.100	+7.431e+03	+2.343e+03	+9.992e+03	+0.240
177.200	+4.680e+03	+2.871e+03	+1.009e+04	+0.380
177.300	+7.478e+03	+3.439e+03	+1.112e+04	+0.315
177.400	+6.167e+03	+2.660e+03	+1.003e+04	+0.301
177.500	+6.504e+03	+3.574e+03	+9.493e+03	+0.355
177.600	+4.601e+03	+6.095e+03	+1.046e+04	+0.570
177.700	+1.486e+03	+6.217e+03	+1.151e+04	+0.807
177.800	+3.146e+03	+7.211e+03	+9.761e+03	+0.696
177.900	+2.138e+03	+6.427e+03	+1.013e+04	+0.750
178.000	+2.490e+03	+7.415e+03	+1.147e+04	+0.749
178.100	+2.925e+03	+5.840e+03	+1.110e+04	+0.666
178.200	+1.765e+03	+7.777e+03	+7.960e+03	+0.815
178.300	+2.157e+03	+7.099e+03	+1.044e+04	+0.767
178.400	+3.486e+03	+6.168e+03	+9.327e+03	+0.639
178.500	+1.937e+03	+8.936e+03	+9.653e+03	+0.822
178.600	+2.652e+03	+7.212e+03	+1.013e+04	+0.731
178.700	+4.540e+03	+5.937e+03	+1.040e+04	+0.567
178.800	+6.847e+03	+2.748e+03	+9.771e+03	+0.286
178.900	+7.099e+03	+3.023e+03	+9.376e+03	+0.299
179.000	+7.243e+03	+3.381e+03	+1.096e+04	+0.318
179.100	+6.281e+03	+3.730e+03	+1.053e+04	+0.373
179.200	+6.354e+03	+4.355e+03	+9.197e+03	+0.407
179.300	+7.591e+03	+2.856e+03	+1.090e+04	+0.273
179.400	+5.888e+03	+2.020e+03	+1.091e+04	+0.255
179.500	+7.315e+03	+4.517e+03	+1.076e+04	+0.382
179.600	+3.366e+03	+7.232e+03	+1.014e+04	+0.682
179.700	+4.282e+03	+8.243e+03	+9.232e+03	+0.658
179.800	+1.873e+03	+7.693e+03	+1.137e+04	+0.804
179.900	+2.750e+03	+8.966e+03	+8.940e+03	+0.765
180.000	+3.860e+03	+7.126e+03	+1.009e+04	+0.649
180.100	+2.545e+03	+6.288e+03	+9.439e+03	+0.712
180.200	+6.051e+03	+3.798e+03	+9.033e+03	+0.386
180.300	+4.887e+03	+5.309e+03	+9.472e+03	+0.521
180.400	+2.554e+03	+6.354e+03	+1.019e+04	+0.713
180.500	+3.729e+03	+6.323e+03	+8.796e+03	+0.629
180.600	+2.646e+03	+7.493e+03	+9.680e+03	+0.739
180.700	+3.178e+03	+7.943e+03	+1.157e+04	+0.714
180.800	+3.608e+03	+6.170e+03	+8.866e+03	+0.631
180.900	+2.641e+03	+7.361e+03	+9.599e+03	+0.736
181.000	+2.509e+03	+7.900e+03	+1.038e+04	+0.759
181.100	+3.337e+03	+5.840e+03	+9.736e+03	+0.636
181.200	+2.119e+03	+7.049e+03	+9.830e+03	+0.769
181.300	+2.447e+03	+6.530e+03	+9.816e+03	+0.727
181.400	+3.127e+03	+6.446e+03	+1.046e+04	+0.673
181.500	+2.835e+03	+7.963e+03	+8.928e+03	+0.737
181.600	+4.027e+03	+5.534e+03	+1.197e+04	+0.579
181.700	+2.680e+03	+6.955e+03	+9.816e+03	+0.722
181.800	+1.324e+03	+5.769e+03	+1.131e+04	+0.813
181.900	+2.252e+03	+7.552e+03	+1.082e+04	+0.770
182.000	+3.769e+03	+7.233e+03	+1.136e+04	+0.657
182.100	+4.296e+03	+7.171e+03	+9.553e+03	+0.625
182.200	+4.357e+03	+6.935e+03	+1.153e+04	+0.614
182.300	+3.609e+03	+6.327e+03	+9.946e+03	+0.637
182.400	+3.369e+03	+5.768e+03	+9.927e+03	+0.631
182.500	+3.116e+03	+5.250e+03	+1.087e+04	+0.628
182.600	+1.867e+03	+6.764e+03	+1.025e+04	+0.784
182.700	+3.505e+03	+6.498e+03	+1.082e+04	+0.650
182.800	+2.885e+03	+6.234e+03	+1.068e+04	+0.684
182.900	+2.885e+03	+7.469e+03	+1.061e+04	+0.721
183.000	+6.831e+03	+2.047e+03	+1.006e+04	+0.231
183.100	+6.892e+03	+3.292e+03	+1.021e+04	+0.323
183.200	+7.636e+03	+3.509e+03	+8.996e+03	+0.315
183.300	+7.332e+03	+3.008e+03	+1.132e+04	+0.291
183.400	+6.911e+03	+3.238e+03	+8.343e+03	+0.319
183.500	+7.626e+03	+3.663e+03	+1.088e+04	+0.324
183.600	+6.527e+03	+1.416e+03	+9.762e+03	+0.178
183.700	+7.837e+03	+4.164e+03	+1.030e+04	+0.347
183.800	+7.764e+03	+2.171e+03	+1.021e+04	+0.219
183.900	+7.477e+03	+2.491e+03	+9.713e+03	+0.250
184.000	+6.878e+03	+1.893e+03	+9.949e+03	+0.216
184.100	+6.608e+03	+9.765e+02	+1.070e+04	+0.129
184.200	+8.032e+03	+2.500e+03	+1.060e+04	+0.237
184.300	+6.755e+03	+3.170e+03	+9.094e+03	+0.319
184.400	+7.601e+03	+5.011e+03	+9.833e+03	+0.397
184.500	+5.893e+03	+4.187e+03	+1.045e+04	+0.415
184.600	+7.776e+03	+4.480e+03	+1.042e+04	+0.366
184.700	+5.215e+03	+4.817e+03	+9.489e+03	+0.480
184.800	+1.575e+03	+5.500e+03	+9.190e+03	+0.777
184.900	+4.095e+03	+6.159e+03	+1.020e+04	+0.601
185.000	+3.158e+03	+7.893e+03	+9.618e+03	+0.714
185.100	+4.574e+03	+6.909e+03	+1.057e+04	+0.602
185.200	+2.513e+03	+7.293e+03	+9.312e+03	+0.744
185.300	+2.889e+03	+7.477e+03	+8.942e+03	+0.721
185.400	+4.850e+03	+6.607e+03	+1.047e+04	+0.577
185.500	+3.005e+03	+6.807e+03	+1.073e+04	+0.694
185.600	+3.901e+03	+6.634e+03	+1.034e+04	+0.630
185.700	+2.102e+03	+5.363e+03	+9.837e+03	+0.718
185.800	+2.639e+03	+6.005e+03	+9.634e+03	+0.695
185.900	+1.291e+03	+6.987e+03	+9.193e+03	+0.844
186.000	+3.392e+03	+6.600e+03	+1.045e+04	+0.661
186.100	+2.655e+03	+6.358e+03	+1.160e+04	+0.705
186.200	+3.282e+03	+5.432e+03	+9.794e+03	+0.623
186.300	+7.875e+03	+4.153e+03	+1.080e+04	+0.345
186.400	+6.867e+03	+5.399e+02	+9.903e+03	+0.073
186.500	+7.700e+03	+2.207e+03	+9.344e+03	+0.223
186.600	+6.914e+03	+2.253e+03	+1.159e+04	+0.246
186.700	+5.909e+03	+2.300e+03	+1.086e+04	+0.280
186.800	+6.539e+03	+3.308e+03	+1.014e+04	+0.336
186.900	+6.751e+03	+3.912e+03	+1.018e+04	+0.367
187.000	+5.806e+03	+3.115e+03	+9.660e+03	+0.349
187.100	+5.710e+03	+3.275e+03	+1.004e+04	+0.364
187.200	+7.773e+03	+2.872e+03	+1.041e+04	+0.270
187.300	+7.993e+03	+3.013e+03	+9.303e+03	+0.274
187.400	+8.338e+03	+3.364e+03	+1.036e+04	+0.287
187.500	+4.266e+03	+5.924e+03	+1.049e+04	+0.581
187.600	+3.152e+03	+6.327e+03	+9.840e+03	+0.667
187.700	+2.824e+03	+8.896e+03	+9.986e+03	+0.759
187.800	+2.362e+03	+8.033e+03	+1.016e+04	+0.773
187.900	+2.982e+03	+6.519e+03	+1.077e+04	+0.686
188.000	+3.714e+03	+7.173e+03	+1.110e+04	+0.659
188.100	+2.979e+03	+6.541e+03	+9.787e+03	+0.687
188.200	+2.622e+03	+6.656e+03	+9.699e+03	+0.717
188.300	+2.449e+03	+7.357e+03	+1.090e+04	+0.750
188.400	+2.388e+03	+7.732e+03	+1.026e+04	+0.764
188.500	+3.699e+03	+7.023e+03	+9.966e+03	+0.655
188.600	+3.539e+03	+6.311e+03	+9.339e+03	+0.641
188.700	+3.240e+03	+7.882e+03	+9.792e+03	+0.709
188.800	+2.389e+03	+7.601e+03	+7.304e+03	+0.761
188.900	+4.067e+03	+8.485e+03	+9.960e+03	+0.676
189.000	+4.813e+03	+7.241e+03	+1.012e+04	+0.601
189.100	+2.986e+03	+6.835e+03	+9.120e+03	+0.696
189.200	+4.473e+03	+6.270e+03	+9.667e+03	+0.584
189.300	+6.868e+03	+3.605e+03	+9.368e+03	+0.344
189.400	+8.762e+03	+2.769e+03	+1.060e+04	+0.240
189.500	+9.480e+03	+2.035e+03	+1.020e+04	+0.177
189.600	+6.192e+03	+2.595e+03	+9.267e+03	+0.295
189.700	+7.646e+03	+3.603e+03	+8.049e+03	+0.320
189.800	+7.303e+03	+2.600e+03	+1.067e+04	+0.263
189.900	+6.432e+03	+3.630e+03	+1.098e+04	+0.361
190.000	+7.829e+03	+2.171e+03	+9.044e+03	+0.217
190.100	+7.664e+03	+2.803e+03	+1.075e+04	+0.268
190.200	+4.900e+03	+4.710e+03	+9.897e+03	+0.490
190.300	+2.120e+03	+7.033e+03	+9.858e+03	+0.768
190.400	+3.927e+03	+6.647e+03	+9.559e+03	+0.629
190.500	+2.472e+03	+8.483e+03	+1.092e+04	+0.774
190.600	+3.972e+03	+7.005e+03	+1.116e+04	+0.638
190.700	+2.833e+03	+8.394e+03	+1.065e+04	+0.748
190.800	+3.414e+03	+7.328e+03	+1.162e+04	+0.682
190.900	+5.195e+03	+4.260e+03	+9.673e+03	+0.451
191.000	+2.132e+03	+7.889e+03	+9.654e+03	+0.787
191.100	+3.014e+03	+6.813e+03	+1.046e+04	+0.693
191.200	+2.415e+03	+6.743e+03	+1.015e+04	+0.736
191.300	+2.922e+03	+6.649e+03	+1.022e+04	+0.695
191.400	+3.758e+03	+5.823e+03	+1.107e+04	+0.608
191.500	+3.130e+03	+6.428e+03	+1.053e+04	+0.673
191.600	+2.731e+03	+7.970e+03	+1.035e+04	+0.745
191.700	+2.861e+03	+6.561e+03	+1.000e+04	+0.696
191.800	+3.172e+03	+7.652e+03	+9.941e+03	+0.707
191.900	+3.909e+03	+7.970e+03	+1.070e+04	+0.671
192.000	+3.002e+03	+7.234e+03	+9.524e+03	+0.707
192.100	+2.317e+03	+8.487e+03	+9.445e+03	+0.786
192.200	+2.759e+03	+5.610e+03	+9.902e+03	+0.670
192.300	+3.736e+03	+6.941e+03	+1.022e+04	+0.650
192.400	+1.779e+03	+7.142e+03	+1.027e+04	+0.801
192.500	+2.830e+03	+5.743e+03	+7.736e+03	+0.670
192.600	+3.635e+03	+6.345e+03	+9.614e+03	+0.636
192.700	+3.625e+03	+7.293e+03	+9.330e+03	+0.668
192.800	+3.084e+03	+8.462e+03	+1.010e+04	+0.733
192.900	+3.863e+03	+6.525e+03	+1.081e+04	+0.628
193.000	+3.575e+03	+6.413e+03	+1.105e+04	+0.642
193.100	+3.226e+03	+8.114e+03	+9.093e+03	+0.716
193.200	+2.981e+03	+7.670e+03	+1.081e+04	+0.720
193.300	+2.271e+03	+5.922e+03	+9.489e+03	+0.723
193.400	+3.461e+03	+6.959e+03	+9.006e+03	+0.668
193.500	+3.400e+03	+5.709e+03	+9.623e+03	+0.627
193.600	+2.235e+03	+6.514e+03	+1.230e+04	+0.745
193.700	+3.694e+03	+7.228e+03	+1.173e+04	+0.662
193.800	+2.347e+03	+6.418e+03	+8.808e+03	+0.732
193.900	+3.256e+03	+8.473e+03	+1.043e+04	+0.722
194.000	+3.438e+03	+6.545e+03	+1.017e+04	+0.656
194.100	+6.126e+03	+3.351e+03	+8.812e+03	+0.354
194.200	+6.239e+03	+3.868e+03	+1.073e+04	+0.383
194.300	+6.406e+03	+2.866e+03	+9.904e+03	+0.309
194.400	+3.512e+03	+6.206e+03	+1.023e+04	+0.639
194.500	+3.925e+03	+5.205e+03	+8.213e+03	+0.570
194.600	+3.753e+03	+6.118e+03	+1.065e+04	+0.620
194.700	+3.658e+03	+7.998e+03	+1.125e+04	+0.686
194.800	+3.000e+03	+6.968e+03	+1.030e+04	+0.699
194.900	+3.669e+03	+6.094e+03	+1.049e+04	+0.624
195.000	+2.964e+03	+6.626e+03	+9.029e+03	+0.691
195.100	+3.356e+03	+6.575e+03	+1.035e+04	+0.662
195.200	+2.782e+03	+6.710e+03	+1.080e+04	+0.707
