%t (s)	Idd (a.u.)	Ida (a.u.)	Iaa (a.u.)	FRET E
0.000	+3.741e+03	+8.560e+03	+1.022e+04	+0.696
0.100	+2.892e+03	+7.919e+03	+1.066e+04	+0.732
0.200	+3.518e+03	+7.237e+03	+9.006e+03	+0.673
0.300	+2.075e+03	+7.424e+03	+9.963e+03	+0.782
0.400	+2.427e+03	+7.173e+03	+1.066e+04	+0.747
0.500	+2.377e+03	+7.714e+03	+1.030e+04	+0.764
0.600	+4.457e+03	+5.889e+03	+1.104e+04	+0.569
0.700	+2.888e+03	+7.862e+03	+9.504e+03	+0.731
0.800	+2.636e+03	+5.467e+03	+8.899e+03	+0.675
0.900	+3.524e+03	+7.661e+03	+9.953e+03	+0.685
1.000	+1.888e+03	+7.043e+03	+9.860e+03	+0.789
1.100	+1.870e+03	+6.501e+03	+9.385e+03	+0.777
1.200	+2.659e+03	+7.523e+03	+1.195e+04	+0.739
1.300	+1.870e+03	+6.346e+03	+1.106e+04	+0.772
1.400	+3.230e+03	+7.016e+03	+9.275e+03	+0.685
1.500	+6.220e+03	+3.748e+03	+1.039e+04	+0.376
1.600	+8.142e+03	+2.859e+03	+9.752e+03	+0.260
1.700	+6.644e+03	+3.682e+03	+1.116e+04	+0.357
1.800	+7.689e+03	+2.723e+03	+9.480e+03	+0.262
1.900	+6.041e+03	+3.351e+03	+9.894e+03	+0.357
2.000	+7.176e+03	+2.174e+03	+1.075e+04	+0.233
2.100	+7.665e+03	+3.244e+03	+1.096e+04	+0.297
2.200	+7.344e+03	+3.159e+03	+1.038e+04	+0.301
2.300	+7.694e+03	+1.892e+03	+9.614e+03	+0.197
2.400	+7.878e+03	+3.100e+03	+1.025e+04	+0.282
2.500	+7.725e+03	+3.639e+03	+1.057e+04	+0.320
2.600	+6.481e+03	+4.455e+03	+9.386e+03	+0.407
2.700	+3.220e+03	+5.263e+03	+1.039e+04	+0.620
2.800	+4.478e+03	+5.781e+03	+1.040e+04	+0.563
2.900	+3.641e+03	+6.837e+03	+9.365e+03	+0.653
3.000	+1.978e+03	+5.101e+03	+7.776e+03	+0.721
3.100	+2.477e+03	+7.175e+03	+1.010e+04	+0.743
3.200	+2.165e+03	+6.383e+03	+8.896e+03	+0.747
3.300	+2.326e+03	+6.699e+03	+8.779e+03	+0.742
3.400	+3.163e+03	+6.216e+03	+9.282e+03	+0.663
3.500	+1.911e+03	+5.841e+03	+9.271e+03	+0.754
3.600	+3.310e+03	+6.097e+03	+1.093e+04	+0.648
3.700	+4.048e+03	+6.675e+03	+9.389e+03	+0.622
3.800	+2.133e+03	+5.764e+03	+9.370e+03	+0.730
3.900	+4.193e+03	+7.576e+03	+1.055e+04	+0.644
4.000	+9.485e+02	+7.221e+03	+1.012e+04	+0.884
4.100	+3.428e+03	+6.370e+03	+9.580e+03	+0.650
4.200	+2.689e+03	+8.475e+03	+9.750e+03	+0.759
4.300	+3.688e+03	+7.173e+03	+9.798e+03	+0.660
4.400	+3.320e+03	+5.610e+03	+1.016e+04	+0.628
4.500	+5.843e+02	+7.189e+03	+9.389e+03	+0.925
4.600	+2.375e+03	+7.737e+03	+9.767e+03	+0.765
4.700	+2.604e+03	+7.260e+03	+9.974e+03	+0.736
4.800	+1.745e+03	+6.895e+03	+9.364e+03	+0.798
4.900	+7.338e+03	+2.776e+03	+1.077e+04	+0.274
5.000	+6.293e+03	+3.911e+03	+1.005e+04	+0.383
5.100	+4.405e+03	+6.613e+03	+9.218e+03	+0.600
5.200	+2.448e+03	+7.646e+03	+1.056e+04	+0.757
5.300	+2.588e+03	+7.115e+03	+9.735e+03	+0.733
5.400	+2.969e+03	+5.137e+03	+9.831e+03	+0.634
5.500	+6.854e+03	+1.777e+03	+1.091e+04	+0.206
5.600	+6.502e+03	+1.689e+03	+9.744e+03	+0.206
5.700	+7.948e+03	+3.606e+03	+8.499e+03	+0.312
5.800	+7.526e+03	+2.827e+03	+1.117e+04	+0.273
5.900	+5.248e+03	+3.510e+03	+9.534e+03	+0.401
6.000	+7.865e+03	+2.846e+03	+9.485e+03	+0.266
6.100	+3.437e+03	+5.950e+03	+9.677e+03	+0.634
6.200	+2.408e+03	+7.021e+03	+1.039e+04	+0.745
6.300	+1.744e+03	+6.820e+03	+1.064e+04	+0.796
6.400	+2.339e+03	+7.525e+03	+1.016e+04	+0.763
6.500	+1.943e+03	+6.765e+03	+9.395e+03	+0.777
6.600	+3.832e+03	+5.848e+03	+9.173e+03	+0.604
6.700	+1.423e+03	+7.817e+03	+9.230e+03	+0.846
6.800	+1.660e+03	+6.365e+03	+9.830e+03	+0.793
6.900	+2.841e+03	+6.247e+03	+9.752e+03	+0.687
7.000	+2.387e+03	+7.300e+03	+1.069e+04	+0.754
7.100	+3.826e+03	+7.634e+03	+1.085e+04	+0.666
7.200	+2.868e+03	+7.467e+03	+8.593e+03	+0.722
7.300	+3.073e+03	+5.336e+03	+9.946e+03	+0.635
7.400	+2.243e+03	+7.250e+03	+9.076e+03	+0.764
7.500	+2.304e+03	+6.548e+03	+8.708e+03	+0.740
7.600	+3.427e+03	+8.360e+03	+1.086e+04	+0.709
7.700	+3.743e+03	+6.549e+03	+9.956e+03	+0.636
7.800	+4.091e+03	+7.304e+03	+1.084e+04	+0.641
7.900	+3.738e+03	+7.122e+03	+9.767e+03	+0.656
8.000	+1.308e+03	+7.386e+03	+9.549e+03	+0.850
8.100	+3.775e+03	+7.819e+03	+1.108e+04	+0.674
8.200	+3.238e+03	+8.936e+03	+9.085e+03	+0.734
8.300	+2.355e+03	+6.303e+03	+9.824e+03	+0.728
8.400	+1.752e+03	+6.892e+03	+1.004e+04	+0.797
8.500	+3.189e+03	+4.589e+03	+1.002e+04	+0.590
8.600	+2.038e+03	+5.744e+03	+9.108e+03	+0.738
8.700	+2.740e+03	+6.348e+03	+1.007e+04	+0.699
8.800	+2.111e+03	+6.931e+03	+9.185e+03	+0.767
8.900	+4.107e+03	+7.576e+03	+9.833e+03	+0.648
9.000	+2.830e+03	+8.788e+03	+1.032e+04	+0.756
9.100	+2.329e+03	+7.711e+03	+1.047e+04	+0.768
9.200	+2.139e+03	+6.696e+03	+1.106e+04	+0.758
9.300	+1.896e+03	+7.441e+03	+9.208e+03	+0.797
9.400	+2.866e+03	+5.773e+03	+9.975e+03	+0.668
9.500	+2.131e+03	+6.534e+03	+9.798e+03	+0.754
9.600	+3.228e+03	+7.760e+03	+9.500e+03	+0.706
9.700	+3.395e+03	+5.601e+03	+9.975e+03	+0.623
9.800	+2.812e+03	+6.646e+03	+9.818e+03	+0.703
9.900	+2.461e+03	+6.067e+03	+9.529e+03	+0.711
10.000	+3.250e+03	+7.979e+03	+1.100e+04	+0.711
10.100	+3.638e+03	+8.341e+03	+8.447e+03	+0.696
10.200	+2.538e+03	+7.009e+03	+1.130e+04	+0.734
10.300	+3.495e+03	+8.795e+03	+9.658e+03	+0.716
10.400	+2.836e+03	+6.822e+03	+1.010e+04	+0.706
10.500	+3.250e+03	+7.925e+03	+8.729e+03	+0.709
10.600	+2.361e+03	+7.487e+03	+1.078e+04	+0.760
10.700	+3.146e+03	+8.677e+03	+1.017e+04	+0.734
10.800	+3.376e+03	+5.444e+03	+1.041e+04	+0.617
10.900	+3.109e+03	+8.090e+03	+9.971e+03	+0.722
11.000	+3.047e+03	+6.310e+03	+1.068e+04	+0.674
11.100	+2.710e+03	+7.040e+03	+1.018e+04	+0.722
11.200	+2.253e+03	+6.964e+03	+9.714e+03	+0.756
11.300	+1.708e+03	+6.702e+03	+1.123e+04	+0.797
11.400	+3.486e+03	+6.458e+03	+9.411e+03	+0.649
11.500	+2.023e+03	+5.859e+03	+1.061e+04	+0.743
11.600	+9.105e+02	+6.663e+03	+8.325e+03	+0.880
11.700	+3.795e+03	+5.625e+03	+1.023e+04	+0.597
11.800	+6.916e+03	+2.666e+03	+1.021e+04	+0.278
11.900	+6.163e+03	+3.698e+03	+1.000e+04	+0.375
12.000	+7.021e+03	+3.831e+03	+9.903e+03	+0.353
12.100	+6.869e+03	+2.212e+03	+9.401e+03	+0.244
12.200	+5.072e+03	+5.259e+03	+1.069e+04	+0.509
12.300	+3.474e+03	+4.129e+03	+8.644e+03	+0.543
12.400	+2.069e+03	+7.175e+03	+9.917e+03	+0.776
12.500	+1.676e+03	+6.562e+03	+1.136e+04	+0.797
12.600	+1.985e+03	+6.996e+03	+1.121e+04	+0.779
12.700	+1.516e+03	+7.391e+03	+9.994e+03	+0.830
12.800	+1.985e+03	+7.416e+03	+8.367e+03	+0.789
12.900	+3.613e+03	+7.650e+03	+9.829e+03	+0.679
13.000	+1.930e+03	+7.987e+03	+1.018e+04	+0.805
13.100	+3.685e+03	+7.232e+03	+1.087e+04	+0.662
13.200	+3.015e+03	+8.100e+03	+9.171e+03	+0.729
13.300	+3.258e+03	+8.074e+03	+1.032e+04	+0.712
13.400	+3.068e+03	+7.876e+03	+1.003e+04	+0.720
13.500	+2.456e+03	+5.546e+03	+1.072e+04	+0.693
13.600	+3.024e+03	+6.643e+03	+1.027e+04	+0.687
13.700	+1.947e+03	+8.181e+03	+9.858e+03	+0.808
13.800	+2.530e+03	+5.314e+03	+1.066e+04	+0.677
13.900	+1.729e+03	+7.427e+03	+1.093e+04	+0.811
14.000	+3.026e+03	+6.827e+03	+1.037e+04	+0.693
14.100	+3.406e+03	+6.876e+03	+8.563e+03	+0.669
14.200	+2.491e+03	+8.151e+03	+9.604e+03	+0.766
14.300	+3.680e+03	+6.965e+03	+8.964e+03	+0.654
14.400	+2.144e+03	+7.022e+03	+1.073e+04	+0.766
14.500	+3.349e+03	+6.753e+03	+9.692e+03	+0.668
14.600	+5.987e+03	+4.412e+03	+9.974e+03	+0.424
14.700	+6.083e+03	+2.243e+03	+1.024e+04	+0.269
14.800	+6.670e+03	+3.317e+03	+9.891e+03	+0.332
14.900	+7.045e+03	+3.899e+03	+1.124e+04	+0.356
15.000	+8.088e+03	+2.303e+03	+1.003e+04	+0.222
15.100	+6.489e+03	+3.736e+03	+1.011e+04	+0.365
15.200	+5.609e+03	+5.283e+03	+9.246e+03	+0.485
15.300	+3.333e+03	+6.383e+03	+1.001e+04	+0.657
15.400	+4.535e+03	+6.809e+03	+8.965e+03	+0.600
15.500	+2.806e+03	+7.467e+03	+9.993e+03	+0.727
15.600	+1.950e+03	+5.090e+03	+9.906e+03	+0.723
15.700	+2.839e+03	+6.891e+03	+1.072e+04	+0.708
15.800	+2.787e+03	+6.507e+03	+1.025e+04	+0.700
15.900	+2.759e+03	+6.458e+03	+9.805e+03	+0.701
16.000	+2.839e+03	+7.401e+03	+1.088e+04	+0.723
16.100	+5.131e+03	+4.259e+03	+9.370e+03	+0.454
16.200	+7.822e+03	+2.971e+03	+9.286e+03	+0.275
16.300	+1.762e+03	+7.998e+03	+1.017e+04	+0.819
16.400	+1.605e+03	+5.856e+03	+8.734e+03	+0.785
16.500	+3.054e+03	+7.205e+03	+9.608e+03	+0.702
16.600	+2.349e+03	+8.557e+03	+9.933e+03	+0.785
16.700	+2.615e+03	+5.921e+03	+1.068e+04	+0.694
16.800	+4.897e+03	+6.282e+03	+9.334e+03	+0.562
16.900	+1.896e+03	+6.893e+03	+1.052e+04	+0.784
17.000	+2.649e+03	+5.430e+03	+1.011e+04	+0.672
17.100	+2.018e+03	+6.890e+03	+9.640e+03	+0.773
17.200	+2.598e+03	+7.703e+03	+9.303e+03	+0.748
17.300	+4.478e+03	+7.950e+03	+8.797e+03	+0.640
17.400	+3.161e+03	+7.498e+03	+1.045e+04	+0.703
17.500	+4.323e+03	+6.539e+03	+9.309e+03	+0.602
17.600	+2.744e+03	+7.500e+03	+1.044e+04	+0.732
17.700	+3.521e+03	+7.337e+03	+9.436e+03	+0.676
17.800	+1.875e+03	+8.425e+03	+8.867e+03	+0.818
17.900	+2.762e+03	+4.903e+03	+9.967e+03	+0.640
18.000	+3.451e+03	+7.466e+03	+9.413e+03	+0.684
18.100	+2.097e+03	+6.361e+03	+9.932e+03	+0.752
18.200	+2.122e+03	+6.560e+03	+1.110e+04	+0.756
18.300	+1.482e+03	+5.895e+03	+1.006e+04	+0.799
18.400	+1.540e+03	+4.273e+03	+9.451e+03	+0.735
18.500	+3.371e+03	+7.612e+03	+9.028e+03	+0.693
18.600	+2.599e+03	+7.666e+03	+1.009e+04	+0.747
18.700	+3.736e+03	+6.429e+03	+1.048e+04	+0.632
18.800	+2.421e+03	+7.325e+03	+1.071e+04	+0.752
18.900	+5.156e+03	+3.806e+03	+1.001e+04	+0.425
19.000	+3.887e+03	+6.435e+03	+9.335e+03	+0.623
19.100	+2.891e+03	+6.876e+03	+1.039e+04	+0.704
19.200	+2.859e+03	+7.483e+03	+1.010e+04	+0.724
19.300	+3.514e+03	+7.810e+03	+9.739e+03	+0.690
19.400	+2.072e+03	+8.183e+03	+9.192e+03	+0.798
19.500	+2.625e+03	+5.384e+03	+9.659e+03	+0.672
19.600	+4.836e+03	+7.082e+03	+1.069e+04	+0.594
19.700	+2.775e+03	+7.782e+03	+9.563e+03	+0.737
19.800	+3.675e+03	+7.231e+03	+8.849e+03	+0.663
19.900	+2.155e+03	+7.324e+03	+1.031e+04	+0.773
20.000	+3.707e+03	+5.926e+03	+1.103e+04	+0.615
20.100	+3.428e+03	+8.386e+03	+1.028e+04	+0.710
20.200	+3.040e+03	+7.159e+03	+9.039e+03	+0.702
20.300	+2.300e+03	+6.690e+03	+1.166e+04	+0.744
20.400	+2.706e+03	+7.475e+03	+1.044e+04	+0.734
20.500	+4.200e+03	+6.577e+03	+1.055e+04	+0.610
20.600	+4.881e+03	+7.746e+03	+9.066e+03	+0.613
20.700	+2.273e+03	+7.517e+03	+1.079e+04	+0.768
20.800	+4.328e+03	+7.029e+03	+1.056e+04	+0.619
20.900	+1.374e+03	+6.441e+03	+9.975e+03	+0.824
21.000	+2.392e+03	+7.176e+03	+9.097e+03	+0.750
21.100	+4.164e+03	+5.016e+03	+9.189e+03	+0.546
21.200	+6.488e+03	+2.084e+03	+9.232e+03	+0.243
21.300	+6.935e+03	+4.148e+03	+9.572e+03	+0.374
21.400	+6.493e+03	+1.618e+03	+1.056e+04	+0.199
21.500	+8.766e+03	+1.940e+03	+7.616e+03	+0.181
21.600	+6.715e+03	+3.691e+03	+9.257e+03	+0.355
21.700	+6.310e+03	+3.943e+03	+9.346e+03	+0.385
21.800	+5.478e+03	+2.098e+03	+1.008e+04	+0.277
21.900	+6.552e+03	+3.533e+03	+1.031e+04	+0.350
22.000	+5.598e+03	+2.837e+03	+8.538e+03	+0.336
22.100	+2.608e+03	+8.053e+03	+1.041e+04	+0.755
22.200	+4.152e+03	+7.781e+03	+1.073e+04	+0.652
22.300	+2.075e+03	+5.773e+03	+9.247e+03	+0.736
22.400	+3.864e+03	+7.785e+03	+1.019e+04	+0.668
22.500	+3.795e+03	+7.627e+03	+1.001e+04	+0.668
22.600	+4.333e+03	+5.602e+03	+8.668e+03	+0.564
22.700	+3.849e+03	+7.421e+03	+1.066e+04	+0.658
22.800	+3.311e+03	+6.238e+03	+8.610e+03	+0.653
22.900	+3.627e+03	+7.375e+03	+1.048e+04	+0.670
23.000	+4.346e+03	+7.397e+03	+1.040e+04	+0.630
23.100	+2.378e+03	+7.056e+03	+1.076e+04	+0.748
23.200	+3.813e+03	+6.270e+03	+1.085e+04	+0.622
23.300	+2.711e+03	+6.528e+03	+9.379e+03	+0.707
23.400	+6.022e+03	+4.812e+03	+1.041e+04	+0.444
23.500	+7.564e+03	+1.818e+03	+1.009e+04	+0.194
23.600	+4.610e+03	+4.832e+03	+1.041e+04	+0.512
23.700	+3.589e+03	+7.754e+03	+1.107e+04	+0.684
23.800	+3.738e+03	+5.748e+03	+1.127e+04	+0.606
23.900	+2.723e+03	+6.800e+03	+8.778e+03	+0.714
24.000	+3.550e+03	+6.542e+03	+9.970e+03	+0.648
24.100	+2.711e+03	+6.742e+03	+1.015e+04	+0.713
24.200	+3.750e+03	+6.787e+03	+8.740e+03	+0.644
24.300	+3.208e+03	+6.541e+03	+1.068e+04	+0.671
24.400	+2.844e+03	+6.899e+03	+9.438e+03	+0.708
24.500	+3.072e+03	+6.870e+03	+1.095e+04	+0.691
24.600	+3.478e+03	+7.494e+03	+9.564e+03	+0.683
24.700	+1.693e+03	+7.351e+03	+1.079e+04	+0.813
24.800	+1.737e+03	+7.481e+03	+9.865e+03	+0.812
24.900	+3.960e+03	+7.565e+03	+1.079e+04	+0.656
25.000	+4.245e+03	+7.112e+03	+1.007e+04	+0.626
25.100	+2.435e+03	+6.478e+03	+1.018e+04	+0.727
25.200	+3.941e+03	+6.135e+03	+1.036e+04	+0.609
25.300	+3.188e+03	+5.885e+03	+8.985e+03	+0.649
25.400	+3.012e+03	+7.104e+03	+1.119e+04	+0.702
25.500	+3.479e+03	+7.323e+03	+1.023e+04	+0.678
25.600	+3.337e+03	+7.368e+03	+9.781e+03	+0.688
25.700	+3.381e+03	+7.439e+03	+9.671e+03	+0.688
25.800	+2.782e+03	+7.320e+03	+1.121e+04	+0.725
25.900	+3.236e+03	+6.417e+03	+9.903e+03	+0.665
26.000	+3.337e+03	+6.227e+03	+9.739e+03	+0.651
26.100	+3.892e+03	+7.904e+03	+9.702e+03	+0.670
26.200	+3.213e+03	+6.486e+03	+1.032e+04	+0.669
26.300	+3.636e+03	+6.842e+03	+9.617e+03	+0.653
26.400	+3.424e+03	+7.470e+03	+9.935e+03	+0.686
26.500	+2.304e+03	+7.967e+03	+9.867e+03	+0.776
26.600	+3.903e+03	+7.025e+03	+1.006e+04	+0.643
26.700	+4.483e+03	+5.178e+03	+9.465e+03	+0.536
26.800	+3.294e+03	+6.242e+03	+1.089e+04	+0.655
26.900	+3.632e+03	+8.323e+03	+1.061e+04	+0.696
27.000	+2.773e+03	+6.858e+03	+1.100e+04	+0.712
27.100	+6.002e+03	+3.678e+03	+9.985e+03	+0.380
27.200	+7.030e+03	+2.754e+03	+1.015e+04	+0.282
27.300	+6.510e+03	+3.395e+03	+8.817e+03	+0.343
27.400	+6.925e+03	+3.248e+03	+9.976e+03	+0.319
27.500	+6.930e+03	+2.534e+03	+1.068e+04	+0.268
27.600	+8.963e+03	+2.211e+03	+9.309e+03	+0.198
27.700	+7.176e+03	+3.088e+03	+8.903e+03	+0.301
27.800	+7.521e+03	+2.372e+03	+1.015e+04	+0.240
27.900	+7.292e+03	+3.137e+03	+9.541e+03	+0.301
28.000	+7.334e+03	+3.672e+03	+1.037e+04	+0.334
28.100	+6.098e+03	+2.764e+03	+1.031e+04	+0.312
28.200	+6.337e+03	+4.148e+03	+1.127e+04	+0.396
28.300	+7.791e+03	+1.764e+03	+9.162e+03	+0.185
28.400	+6.117e+03	+2.879e+03	+1.002e+04	+0.320
28.500	+6.984e+03	+2.017e+03	+1.035e+04	+0.224
28.600	+7.573e+03	+2.721e+03	+1.077e+04	+0.264
28.700	+7.460e+03	+2.850e+03	+9.631e+03	+0.276
28.800	+7.231e+03	+2.292e+03	+1.161e+04	+0.241
28.900	+8.149e+03	+4.166e+03	+9.544e+03	+0.338
29.000	+7.228e+03	+4.089e+03	+9.506e+03	+0.361
29.100	+3.591e+03	+8.051e+03	+1.043e+04	+0.692
29.200	+6.368e+03	+2.536e+03	+9.872e+03	+0.285
29.300	+6.302e+03	+1.838e+03	+1.122e+04	+0.226
29.400	+7.627e+03	+2.581e+03	+1.025e+04	+0.253
29.500	+8.005e+03	+2.251e+03	+1.034e+04	+0.220
29.600	+6.728e+03	+4.057e+03	+1.097e+04	+0.376
29.700	+6.450e+03	+4.217e+03	+1.028e+04	+0.395
29.800	+6.650e+03	+1.901e+03	+1.013e+04	+0.222
29.900	+7.099e+03	+2.409e+03	+9.284e+03	+0.253
30.000	+7.126e+03	+2.648e+03	+1.177e+04	+0.271
30.100	+6.807e+03	+4.656e+03	+9.533e+03	+0.406
30.200	+6.369e+03	+4.586e+03	+1.014e+04	+0.419
30.300	+7.972e+03	+1.731e+03	+1.139e+04	+0.178
30.400	+7.663e+03	+2.475e+03	+1.027e+04	+0.244
30.500	+7.504e+03	+3.937e+03	+9.008e+03	+0.344
30.600	+6.188e+03	+3.185e+03	+9.537e+03	+0.340
30.700	+7.321e+03	+2.902e+03	+7.849e+03	+0.284
30.800	+7.708e+03	+4.852e+03	+9.102e+03	+0.386
30.900	+6.758e+03	+2.959e+03	+1.067e+04	+0.305
31.000	+6.749e+03	+4.178e+03	+1.057e+04	+0.382
31.100	+5.732e+03	+2.829e+03	+1.022e+04	+0.330
31.200	+7.123e+03	+3.260e+03	+1.052e+04	+0.314
31.300	+7.611e+03	+4.302e+03	+1.045e+04	+0.361
31.400	+8.049e+03	+3.597e+03	+1.135e+04	+0.309
31.500	+6.213e+03	+2.398e+03	+1.015e+04	+0.278
31.600	+6.208e+03	+3.507e+03	+1.107e+04	+0.361
31.700	+7.076e+03	+1.657e+03	+1.037e+04	+0.190
31.800	+6.259e+03	+2.287e+03	+1.116e+04	+0.268
31.900	+5.117e+03	+5.813e+03	+9.320e+03	+0.532
32.000	+2.709e+03	+6.077e+03	+1.073e+04	+0.692
32.100	+3.741e+03	+7.438e+03	+1.024e+04	+0.665
32.200	+3.504e+03	+7.802e+03	+7.676e+03	+0.690
32.300	+2.951e+03	+7.240e+03	+9.825e+03	+0.710
32.400	+2.216e+03	+6.394e+03	+9.797e+03	+0.743
32.500	+2.208e+03	+8.518e+03	+9.535e+03	+0.794
32.600	+3.434e+03	+5.583e+03	+8.865e+03	+0.619
32.700	+3.706e+03	+6.862e+03	+9.596e+03	+0.649
32.800	+3.150e+03	+6.890e+03	+1.070e+04	+0.686
32.900	+3.275e+03	+7.466e+03	+1.027e+04	+0.695
33.000	+3.004e+03	+6.598e+03	+8.113e+03	+0.687
33.100	+2.115e+03	+5.538e+03	+1.026e+04	+0.724
33.200	+3.453e+03	+7.936e+03	+1.086e+04	+0.697
33.300	+2.815e+03	+7.831e+03	+1.062e+04	+0.736
33.400	+3.420e+03	+6.865e+03	+1.103e+04	+0.667
33.500	+4.018e+03	+6.725e+03	+9.859e+03	+0.626
33.600	+3.047e+03	+7.691e+03	+9.025e+03	+0.716
33.700	+2.504e+03	+8.626e+03	+9.404e+03	+0.775
33.800	+2.274e+03	+7.720e+03	+9.231e+03	+0.772
33.900	+2.423e+03	+6.710e+03	+1.007e+04	+0.735
34.000	+4.484e+03	+7.041e+03	+9.524e+03	+0.611
34.100	+2.315e+03	+7.592e+03	+1.035e+04	+0.766
34.200	+2.585e+03	+6.669e+03	+1.072e+04	+0.721
34.300	+2.200e+03	+6.506e+03	+1.090e+04	+0.747
34.400	+2.163e+03	+6.736e+03	+9.834e+03	+0.757
34.500	+1.584e+03	+6.753e+03	+9.384e+03	+0.810
34.600	+4.958e+03	+4.767e+03	+9.895e+03	+0.490
34.700	+5.044e+03	+5.188e+03	+9.296e+03	+0.507
34.800	+2.990e+03	+7.740e+03	+1.038e+04	+0.721
34.900	+2.549e+03	+6.641e+03	+1.016e+04	+0.723
35.000	+3.084e+03	+7.127e+03	+9.491e+03	+0.698
35.100	+3.584e+03	+7.512e+03	+1.065e+04	+0.677
35.200	+2.652e+03	+6.215e+03	+9.436e+03	+0.701
35.300	+7.708e+02	+7.320e+03	+1.039e+04	+0.905
35.400	+3.033e+03	+5.252e+03	+9.888e+03	+0.634
35.500	+3.456e+03	+8.204e+03	+9.438e+03	+0.704
35.600	+3.370e+03	+6.500e+03	+8.939e+03	+0.659
35.700	+3.605e+03	+7.213e+03	+9.362e+03	+0.667
35.800	+3.204e+03	+7.246e+03	+1.093e+04	+0.693
35.900	+3.009e+03	+7.006e+03	+1.102e+04	+0.700
36.000	+2.574e+03	+7.505e+03	+8.892e+03	+0.745
36.100	+1.849e+03	+7.027e+03	+1.107e+04	+0.792
36.200	+2.886e+03	+7.593e+03	+1.007e+04	+0.725
36.300	+3.071e+03	+6.527e+03	+9.263e+03	+0.680
36.400	+3.980e+03	+6.878e+03	+1.031e+04	+0.633
36.500	+6.191e+03	+4.046e+03	+1.163e+04	+0.395
36.600	+6.726e+03	+3.374e+03	+8.995e+03	+0.334
36.700	+6.850e+03	+1.461e+03	+9.684e+03	+0.176
36.800	+5.035e+03	+3.842e+03	+1.012e+04	+0.433
36.900	+2.824e+03	+5.903e+03	+1.066e+04	+0.676
37.000	+3.301e+03	+6.660e+03	+1.059e+04	+0.669
37.100	+2.355e+03	+6.469e+03	+1.017e+04	+0.733
37.200	+2.702e+03	+7.029e+03	+1.242e+04	+0.722
37.300	+3.799e+03	+5.884e+03	+1.082e+04	+0.608
37.400	+3.133e+03	+7.596e+03	+1.040e+04	+0.708
37.500	+2.473e+03	+7.157e+03	+1.100e+04	+0.743
37.600	+3.124e+03	+7.489e+03	+9.668e+03	+0.706
37.700	+3.589e+03	+8.349e+03	+1.008e+04	+0.699
37.800	+3.595e+03	+5.581e+03	+9.567e+03	+0.608
37.900	+5.817e+03	+3.729e+03	+9.221e+03	+0.391
38.000	+7.215e+03	+3.880e+03	+8.897e+03	+0.350
38.100	+6.566e+03	+2.563e+03	+9.783e+03	+0.281
38.200	+6.627e+03	+3.940e+03	+1.016e+04	+0.373
38.300	+8.015e+03	+3.610e+03	+9.664e+03	+0.311
38.400	+6.624e+03	+3.679e+03	+9.684e+03	+0.357
38.500	+6.841e+03	+2.410e+03	+9.846e+03	+0.261
38.600	+6.437e+03	+3.546e+03	+1.176e+04	+0.355
38.700	+6.651e+03	+3.451e+03	+1.064e+04	+0.342
38.800	+6.150e+03	+2.712e+03	+1.009e+04	+0.306
38.900	+8.197e+03	+1.806e+03	+1.116e+04	+0.181
39.000	+6.668e+03	+3.009e+03	+9.322e+03	+0.311
39.100	+7.310e+03	+2.928e+03	+9.821e+03	+0.286
39.200	+7.267e+03	+3.387e+03	+8.818e+03	+0.318
39.300	+3.645e+03	+5.910e+03	+1.035e+04	+0.619
39.400	+3.499e+03	+6.217e+03	+1.060e+04	+0.640
39.500	+1.861e+03	+6.652e+03	+8.421e+03	+0.781
39.600	+1.937e+03	+6.680e+03	+9.927e+03	+0.775
39.700	+5.102e+03	+6.415e+03	+9.063e+03	+0.557
39.800	+3.075e+03	+5.920e+03	+9.927e+03	+0.658
39.900	+2.122e+03	+6.976e+03	+9.846e+03	+0.767
40.000	+2.052e+03	+6.383e+03	+9.942e+03	+0.757
40.100	+2.703e+03	+6.152e+03	+9.330e+03	+0.695
40.200	+3.189e+03	+7.144e+03	+1.043e+04	+0.691
40.300	+2.717e+03	+6.599e+03	+1.005e+04	+0.708
40.400	+1.363e+03	+8.084e+03	+1.150e+04	+0.856
40.500	+3.840e+03	+7.807e+03	+1.038e+04	+0.670
40.600	+2.584e+03	+6.542e+03	+1.078e+04	+0.717
40.700	+3.112e+03	+5.452e+03	+9.413e+03	+0.637
40.800	+4.325e+03	+7.728e+03	+8.655e+03	+0.641
40.900	+3.132e+03	+6.910e+03	+9.901e+03	+0.688
41.000	+3.348e+03	+9.244e+03	+1.070e+04	+0.734
41.100	+3.715e+03	+7.384e+03	+1.034e+04	+0.665
41.200	+2.807e+03	+6.080e+03	+9.135e+03	+0.684
41.300	+3.285e+03	+6.747e+03	+9.903e+03	+0.673
41.400	+2.148e+03	+9.391e+03	+1.106e+04	+0.814
41.500	+3.625e+03	+6.971e+03	+1.024e+04	+0.658
41.600	+3.704e+03	+7.827e+03	+1.082e+04	+0.679
41.700	+3.547e+03	+6.392e+03	+1.080e+04	+0.643
41.800	+3.951e+03	+7.377e+03	+1.035e+04	+0.651
41.900	+2.575e+03	+7.889e+03	+1.012e+04	+0.754
42.000	+2.495e+03	+7.095e+03	+1.067e+04	+0.740
42.100	+3.725e+03	+6.216e+03	+8.425e+03	+0.625
42.200	+1.851e+03	+7.196e+03	+1.062e+04	+0.795
42.300	+3.508e+03	+7.159e+03	+9.825e+03	+0.671
42.400	+3.813e+03	+7.106e+03	+1.054e+04	+0.651
42.500	+3.575e+03	+6.411e+03	+8.421e+03	+0.642
42.600	+2.480e+03	+6.216e+03	+1.170e+04	+0.715
42.700	+4.358e+03	+5.931e+03	+1.020e+04	+0.576
42.800	+3.035e+03	+6.697e+03	+1.123e+04	+0.688
42.900	+3.028e+03	+6.673e+03	+1.102e+04	+0.688
43.000	+2.865e+03	+6.164e+03	+1.075e+04	+0.683
43.100	+3.211e+03	+8.048e+03	+9.196e+03	+0.715
43.200	+3.522e+03	+6.925e+03	+9.698e+03	+0.663
43.300	+3.257e+03	+6.203e+03	+1.248e+04	+0.656
43.400	+2.853e+03	+6.848e+03	+9.415e+03	+0.706
43.500	+3.479e+03	+7.286e+03	+1.123e+04	+0.677
43.600	+3.960e+03	+6.166e+03	+9.712e+03	+0.609
43.700	+2.758e+03	+6.081e+03	+1.121e+04	+0.688
43.800	+2.454e+03	+6.681e+03	+1.157e+04	+0.731
43.900	+1.657e+03	+5.244e+03	+9.937e+03	+0.760
44.000	+3.625e+03	+6.812e+03	+1.066e+04	+0.653
44.100	+2.864e+03	+7.927e+03	+9.633e+03	+0.735
44.200	+2.745e+03	+6.831e+03	+8.538e+03	+0.713
44.300	+3.043e+03	+7.344e+03	+1.036e+04	+0.707
44.400	+3.670e+03	+6.561e+03	+1.123e+04	+0.641
44.500	+2.730e+03	+7.306e+03	+1.026e+04	+0.728
44.600	+2.091e+03	+6.570e+03	+8.670e+03	+0.759
44.700	+3.863e+03	+7.392e+03	+1.115e+04	+0.657
44.800	+4.767e+03	+7.681e+03	+8.883e+03	+0.617
44.900	+2.624e+03	+7.502e+03	+8.583e+03	+0.741
45.000	+2.334e+03	+7.604e+03	+9.600e+03	+0.765
45.100	+2.449e+03	+6.964e+03	+1.047e+04	+0.740
45.200	+3.207e+03	+6.679e+03	+1.057e+04	+0.676
45.300	+2.748e+03	+7.654e+03	+1.046e+04	+0.736
45.400	+3.560e+03	+7.213e+03	+9.112e+03	+0.670
45.500	+3.202e+03	+7.925e+03	+9.569e+03	+0.712
45.600	+2.554e+03	+6.401e+03	+9.406e+03	+0.715
45.700	+2.957e+03	+6.293e+03	+9.470e+03	+0.680
45.800	+2.281e+03	+6.975e+03	+1.010e+04	+0.754
45.900	+2.615e+03	+6.198e+03	+8.344e+03	+0.703
46.000	+3.173e+03	+6.163e+03	+8.553e+03	+0.660
46.100	+4.012e+03	+5.242e+03	+1.034e+04	+0.566
46.200	+4.013e+03	+6.355e+03	+1.012e+04	+0.613
46.300	+2.359e+03	+6.892e+03	+1.031e+04	+0.745
46.400	+5.698e+02	+6.782e+03	+9.709e+03	+0.922
46.500	+3.626e+03	+8.715e+03	+1.031e+04	+0.706
46.600	+3.894e+03	+6.890e+03	+8.833e+03	+0.639
46.700	+3.403e+03	+7.420e+03	+1.060e+04	+0.686
46.800	+2.763e+03	+8.363e+03	+8.974e+03	+0.752
46.900	+2.857e+03	+8.313e+03	+1.090e+04	+0.744
47.000	+2.607e+03	+8.160e+03	+1.024e+04	+0.758
47.100	+3.038e+03	+6.702e+03	+1.160e+04	+0.688
47.200	+1.975e+03	+6.939e+03	+9.878e+03	+0.778
47.300	+2.179e+03	+6.770e+03	+1.076e+04	+0.756
47.400	+2.504e+03	+6.825e+03	+9.455e+03	+0.732
47.500	+2.968e+03	+7.126e+03	+9.875e+03	+0.706
47.600	+2.227e+03	+6.474e+03	+8.763e+03	+0.744
47.700	+4.175e+03	+5.719e+03	+1.023e+04	+0.578
47.800	+5.648e+03	+8.305e+02	+9.349e+03	+0.128
47.900	+6.157e+03	+3.705e+03	+1.073e+04	+0.376
48.000	+7.110e+03	+2.490e+03	+1.103e+04	+0.259
48.100	+5.158e+03	+5.873e+03	+1.140e+04	+0.532
48.200	+2.682e+03	+8.591e+03	+9.537e+03	+0.762
48.300	+3.757e+03	+6.751e+03	+9.888e+03	+0.642
48.400	+3.801e+03	+7.453e+03	+1.066e+04	+0.662
48.500	+3.776e+03	+6.217e+03	+9.481e+03	+0.622
48.600	+3.805e+03	+7.080e+03	+1.060e+04	+0.650
48.700	+2.920e+03	+6.800e+03	+9.083e+03	+0.700
48.800	+2.560e+03	+6.962e+03	+9.428e+03	+0.731
48.900	+1.697e+03	+6.216e+03	+8.711e+03	+0.786
49.000	+4.016e+03	+8.430e+03	+9.622e+03	+0.677
49.100	+2.156e+03	+6.110e+03	+9.922e+03	+0.739
49.200	+2.184e+03	+7.574e+03	+9.481e+03	+0.776
49.300	+2.993e+03	+6.834e+03	+1.133e+04	+0.695
49.400	+2.195e+03	+6.427e+03	+9.170e+03	+0.745
49.500	+2.950e+03	+7.653e+03	+1.046e+04	+0.722
49.600	+1.858e+03	+7.153e+03	+1.072e+04	+0.794
49.700	+1.896e+03	+8.095e+03	+1.026e+04	+0.810
49.800	+3.484e+03	+6.893e+03	+1.092e+04	+0.664
49.900	+2.620e+03	+6.831e+03	+8.944e+03	+0.723
50.000	+2.494e+03	+7.287e+03	+1.025e+04	+0.745
50.100	+3.440e+03	+6.354e+03	+1.074e+04	+0.649
50.200	+3.213e+03	+7.468e+03	+9.959e+03	+0.699
50.300	+1.162e+03	+6.423e+03	+1.040e+04	+0.847
50.400	+1.976e+03	+6.128e+03	+1.132e+04	+0.756
50.500	+2.069e+03	+7.290e+03	+1.029e+04	+0.779
50.600	+4.354e+03	+5.283e+03	+9.947e+03	+0.548
50.700	+3.018e+03	+7.389e+03	+8.813e+03	+0.710
50.800	+5.125e+03	+5.225e+03	+1.008e+04	+0.505
50.900	+7.003e+03	+2.183e+03	+1.011e+04	+0.238
51.000	+6.040e+03	+2.149e+03	+1.124e+04	+0.262
51.100	+7.791e+03	+3.102e+03	+1.046e+04	+0.285
51.200	+2.871e+03	+6.015e+03	+9.596e+03	+0.677
51.300	+3.581e+03	+7.049e+03	+9.609e+03	+0.663
51.400	+4.050e+03	+6.671e+03	+1.055e+04	+0.622
51.500	+3.189e+03	+7.579e+03	+9.759e+03	+0.704
51.600	+2.478e+03	+5.419e+03	+9.841e+03	+0.686
51.700	+2.839e+03	+6.137e+03	+1.041e+04	+0.684
51.800	+3.692e+03	+7.567e+03	+1.021e+04	+0.672
51.900	+1.525e+03	+6.467e+03	+9.517e+03	+0.809
52.000	+3.281e+03	+7.485e+03	+9.505e+03	+0.695
52.100	+3.127e+03	+6.334e+03	+9.589e+03	+0.670
52.200	+2.454e+03	+7.209e+03	+9.447e+03	+0.746
52.300	+4.508e+03	+7.372e+03	+9.206e+03	+0.621
52.400	+2.571e+03	+6.548e+03	+1.141e+04	+0.718
52.500	+3.787e+03	+5.782e+03	+9.365e+03	+0.604
52.600	+7.921e+03	+2.649e+03	+9.141e+03	+0.251
52.700	+7.284e+03	+3.435e+03	+9.620e+03	+0.320
52.800	+5.511e+03	+4.787e+03	+9.689e+03	+0.465
52.900	+3.950e+03	+7.428e+03	+9.898e+03	+0.653
53.000	+2.864e+03	+7.586e+03	+9.348e+03	+0.726
53.100	+3.175e+03	+6.944e+03	+1.007e+04	+0.686
53.200	+3.069e+03	+6.822e+03	+1.093e+04	+0.690
53.300	+2.684e+03	+7.874e+03	+9.935e+03	+0.746
53.400	+3.068e+03	+7.076e+03	+8.674e+03	+0.698
53.500	+2.663e+03	+8.034e+03	+9.568e+03	+0.751
53.600	+1.869e+03	+7.066e+03	+1.116e+04	+0.791
53.700	+3.178e+03	+6.743e+03	+1.026e+04	+0.680
53.800	+1.728e+03	+5.802e+03	+1.066e+04	+0.771
53.900	+2.076e+03	+7.898e+03	+9.508e+03	+0.792
54.000	+4.209e+03	+8.335e+03	+9.580e+03	+0.664
54.100	+2.620e+03	+7.255e+03	+9.235e+03	+0.735
54.200	+2.885e+03	+6.863e+03	+9.597e+03	+0.704
54.300	+3.949e+03	+6.113e+03	+9.812e+03	+0.607
54.400	+3.591e+03	+6.194e+03	+1.046e+04	+0.633
54.500	+1.622e+03	+7.542e+03	+1.044e+04	+0.823
54.600	+1.539e+03	+6.376e+03	+9.420e+03	+0.806
54.700	+3.786e+03	+7.387e+03	+1.044e+04	+0.661
54.800	+2.271e+03	+6.760e+03	+1.073e+04	+0.749
54.900	+2.595e+03	+8.390e+03	+1.058e+04	+0.764
55.000	+4.084e+03	+7.352e+03	+9.434e+03	+0.643
55.100	+3.651e+03	+7.255e+03	+9.550e+03	+0.665
55.200	+2.444e+03	+7.731e+03	+1.031e+04	+0.760
55.300	+3.178e+03	+6.907e+03	+1.038e+04	+0.685
55.400	+3.553e+03	+6.152e+03	+9.593e+03	+0.634
55.500	+2.240e+03	+7.158e+03	+1.004e+04	+0.762
55.600	+1.342e+03	+6.283e+03	+1.067e+04	+0.824
55.700	+1.986e+03	+8.468e+03	+9.860e+03	+0.810
55.800	+1.820e+03	+6.220e+03	+1.122e+04	+0.774
55.900	+2.591e+03	+7.819e+03	+1.083e+04	+0.751
56.000	+2.115e+03	+8.792e+03	+1.046e+04	+0.806
56.100	+3.549e+03	+7.234e+03	+1.016e+04	+0.671
56.200	+3.287e+03	+6.853e+03	+8.394e+03	+0.676
56.300	+1.910e+03	+8.211e+03	+1.007e+04	+0.811
56.400	+3.012e+03	+5.959e+03	+9.504e+03	+0.664
56.500	+2.996e+03	+7.087e+03	+1.071e+04	+0.703
56.600	+2.958e+03	+4.786e+03	+1.099e+04	+0.618
56.700	+5.157e+03	+4.068e+03	+9.552e+03	+0.441
56.800	+6.652e+03	+2.315e+03	+9.259e+03	+0.258
56.900	+5.864e+03	+1.517e+03	+8.725e+03	+0.206
57.000	+7.230e+03	+2.208e+03	+8.841e+03	+0.234
57.100	+5.073e+03	+3.450e+03	+1.022e+04	+0.405
57.200	+1.921e+03	+7.362e+03	+9.020e+03	+0.793
57.300	+2.615e+03	+6.781e+03	+9.489e+03	+0.722
57.400	+3.436e+03	+8.258e+03	+9.642e+03	+0.706
57.500	+4.081e+03	+4.933e+03	+9.485e+03	+0.547
57.600	+2.418e+03	+7.868e+03	+7.255e+03	+0.765
57.700	+2.765e+03	+7.830e+03	+1.027e+04	+0.739
57.800	+2.538e+03	+7.422e+03	+9.294e+03	+0.745
57.900	+3.275e+03	+8.014e+03	+1.097e+04	+0.710
58.000	+4.010e+03	+7.232e+03	+9.425e+03	+0.643
58.100	+4.095e+03	+6.976e+03	+9.689e+03	+0.630
58.200	+4.119e+03	+9.173e+03	+9.923e+03	+0.690
58.300	+3.470e+03	+6.475e+03	+9.804e+03	+0.651
58.400	+3.244e+03	+6.928e+03	+8.827e+03	+0.681
58.500	+2.196e+03	+7.640e+03	+1.022e+04	+0.777
58.600	+3.616e+03	+6.996e+03	+1.135e+04	+0.659
58.700	+1.923e+03	+7.550e+03	+1.090e+04	+0.797
58.800	+3.028e+03	+5.709e+03	+9.808e+03	+0.653
58.900	+2.904e+03	+7.290e+03	+1.144e+04	+0.715
59.000	+2.854e+03	+6.871e+03	+9.834e+03	+0.707
59.100	+3.824e+03	+6.115e+03	+1.141e+04	+0.615
59.200	+2.090e+03	+6.386e+03	+1.015e+04	+0.753
59.300	+3.271e+03	+7.279e+03	+1.171e+04	+0.690
59.400	+3.443e+03	+7.892e+03	+8.847e+03	+0.696
59.500	+3.200e+03	+7.709e+03	+1.035e+04	+0.707
59.600	+2.894e+03	+7.647e+03	+9.885e+03	+0.725
59.700	+2.662e+03	+7.215e+03	+1.031e+04	+0.730
59.800	+2.577e+03	+8.345e+03	+8.430e+03	+0.764
59.900	+2.324e+03	+7.699e+03	+9.775e+03	+0.768
60.000	+3.899e+03	+7.314e+03	+9.649e+03	+0.652
60.100	+2.942e+03	+6.196e+03	+9.017e+03	+0.678
60.200	+2.224e+03	+7.072e+03	+9.997e+03	+0.761
60.300	+2.823e+03	+8.581e+03	+1.010e+04	+0.752
60.400	+2.941e+03	+7.894e+03	+9.085e+03	+0.729
60.500	+5.104e+03	+7.434e+03	+1.092e+04	+0.593
60.600	+2.599e+03	+6.662e+03	+9.677e+03	+0.719
60.700	+3.259e+03	+6.382e+03	+1.082e+04	+0.662
60.800	+4.220e+03	+6.478e+03	+1.080e+04	+0.606
60.900	+1.657e+03	+5.757e+03	+9.638e+03	+0.776
61.000	+2.844e+03	+7.123e+03	+9.840e+03	+0.715
61.100	+2.580e+03	+7.429e+03	+1.040e+04	+0.742
61.200	+3.749e+03	+6.513e+03	+9.328e+03	+0.635
61.300	+2.702e+03	+6.055e+03	+9.627e+03	+0.691
61.400	+1.509e+03	+5.904e+03	+1.098e+04	+0.796
61.500	+3.380e+03	+6.608e+03	+1.103e+04	+0.662
61.600	+2.725e+03	+7.378e+03	+1.050e+04	+0.730
61.700	+3.318e+03	+9.438e+03	+1.039e+04	+0.740
61.800	+4.221e+03	+6.348e+03	+9.618e+03	+0.601
61.900	+2.780e+03	+6.438e+03	+8.488e+03	+0.698
62.000	+1.841e+03	+5.403e+03	+1.084e+04	+0.746
62.100	+2.461e+03	+7.808e+03	+9.132e+03	+0.760
62.200	+6.801e+03	+4.047e+03	+1.104e+04	+0.373
62.300	+6.253e+03	+2.875e+03	+1.016e+04	+0.315
62.400	+8.328e+03	+2.476e+03	+9.650e+03	+0.229
62.500	+6.996e+03	+3.842e+03	+1.043e+04	+0.354
62.600	+7.170e+03	+2.451e+03	+1.059e+04	+0.255
62.700	+6.555e+03	+5.114e+03	+9.888e+03	+0.438
62.800	+4.013e+03	+6.214e+03	+9.909e+03	+0.608
62.900	+4.006e+03	+5.603e+03	+8.769e+03	+0.583
63.000	+3.269e+03	+6.590e+03	+1.029e+04	+0.668
63.100	+2.681e+03	+5.999e+03	+1.005e+04	+0.691
63.200	+1.185e+03	+6.872e+03	+1.058e+04	+0.853
63.300	+2.966e+03	+6.813e+03	+9.286e+03	+0.697
63.400	+1.983e+03	+7.905e+03	+8.633e+03	+0.799
63.500	+4.915e+03	+7.106e+03	+1.043e+04	+0.591
63.600	+3.128e+03	+7.563e+03	+8.850e+03	+0.707
63.700	+2.209e+03	+6.408e+03	+1.101e+04	+0.744
63.800	+3.459e+03	+6.030e+03	+1.062e+04	+0.635
63.900	+6.011e+03	+3.645e+03	+8.837e+03	+0.377
64.000	+7.651e+03	+2.870e+03	+9.881e+03	+0.273
64.100	+8.626e+03	+3.469e+03	+9.467e+03	+0.287
64.200	+6.616e+03	+3.807e+03	+9.716e+03	+0.365
64.300	+7.017e+03	+2.822e+03	+9.221e+03	+0.287
64.400	+7.084e+03	+2.349e+03	+1.065e+04	+0.249
64.500	+6.248e+03	+2.211e+03	+1.055e+04	+0.261
64.600	+4.962e+03	+4.116e+03	+9.321e+03	+0.453
64.700	+1.936e+03	+5.831e+03	+1.047e+04	+0.751
64.800	+3.031e+03	+6.711e+03	+1.026e+04	+0.689
64.900	+2.732e+03	+6.722e+03	+1.058e+04	+0.711
65.000	+2.915e+03	+8.345e+03	+9.379e+03	+0.741
65.100	+3.377e+03	+7.571e+03	+9.036e+03	+0.692
65.200	+2.949e+03	+6.685e+03	+9.000e+03	+0.694
65.300	+3.491e+03	+6.858e+03	+1.020e+04	+0.663
65.400	+2.403e+03	+5.468e+03	+1.042e+04	+0.695
65.500	+2.612e+03	+6.161e+03	+9.746e+03	+0.702
65.600	+2.357e+03	+7.007e+03	+8.992e+03	+0.748
65.700	+3.206e+03	+7.452e+03	+9.316e+03	+0.699
65.800	+4.189e+03	+7.545e+03	+1.165e+04	+0.643
65.900	+4.499e+03	+7.522e+03	+1.100e+04	+0.626
66.000	+3.143e+03	+5.457e+03	+1.162e+04	+0.635
66.100	+2.391e+03	+6.689e+03	+9.891e+03	+0.737
66.200	+2.631e+03	+6.883e+03	+9.115e+03	+0.723
66.300	+3.106e+03	+7.341e+03	+9.144e+03	+0.703
66.400	+3.698e+03	+6.126e+03	+9.694e+03	+0.624
66.500	+2.557e+03	+8.424e+03	+1.008e+04	+0.767
66.600	+3.597e+03	+6.883e+03	+9.090e+03	+0.657
66.700	+2.664e+03	+5.853e+03	+9.924e+03	+0.687
66.800	+2.868e+03	+7.770e+03	+9.164e+03	+0.730
66.900	+3.700e+03	+7.458e+03	+1.022e+04	+0.668
67.000	+2.681e+03	+8.235e+03	+1.121e+04	+0.754
67.100	+1.769e+03	+6.986e+03	+9.260e+03	+0.798
67.200	+3.085e+03	+7.073e+03	+9.886e+03	+0.696
67.300	+3.429e+03	+7.203e+03	+9.622e+03	+0.677
67.400	+2.893e+03	+6.206e+03	+1.124e+04	+0.682
67.500	+3.479e+03	+6.904e+03	+1.058e+04	+0.665
67.600	+2.393e+03	+5.633e+03	+1.104e+04	+0.702
67.700	+2.562e+03	+7.626e+03	+1.050e+04	+0.749
67.800	+3.543e+03	+6.135e+03	+1.097e+04	+0.634
67.900	+8.133e+03	+1.094e+03	+8.553e+03	+0.119
68.000	+8.670e+03	+3.547e+03	+9.798e+03	+0.290
68.100	+5.858e+03	+4.157e+03	+1.073e+04	+0.415
68.200	+4.510e+03	+6.563e+03	+8.959e+03	+0.593
68.300	+3.079e+03	+6.881e+03	+9.948e+03	+0.691
68.400	+2.955e+03	+5.665e+03	+1.115e+04	+0.657
68.500	+2.420e+03	+6.410e+03	+9.752e+03	+0.726
68.600	+1.896e+03	+8.134e+03	+9.045e+03	+0.811
68.700	+3.876e+03	+8.848e+03	+9.514e+03	+0.695
68.800	+4.478e+03	+8.087e+03	+1.064e+04	+0.644
68.900	+3.422e+03	+6.645e+03	+1.079e+04	+0.660
69.000	+2.771e+03	+8.009e+03	+1.001e+04	+0.743
69.100	+2.776e+03	+5.961e+03	+9.037e+03	+0.682
69.200	+3.720e+03	+7.788e+03	+1.024e+04	+0.677
69.300	+4.747e+03	+7.788e+03	+9.970e+03	+0.621
69.400	+1.959e+03	+6.141e+03	+1.002e+04	+0.758
69.500	+2.671e+03	+7.578e+03	+8.282e+03	+0.739
69.600	+3.031e+03	+8.754e+03	+9.029e+03	+0.743
69.700	+3.344e+03	+5.283e+03	+9.512e+03	+0.612
69.800	+2.271e+03	+6.583e+03	+9.692e+03	+0.743
69.900	+2.865e+03	+5.827e+03	+9.672e+03	+0.670
70.000	+4.210e+03	+6.869e+03	+9.591e+03	+0.620
70.100	+3.366e+03	+7.002e+03	+9.868e+03	+0.675
70.200	+3.938e+03	+5.922e+03	+8.911e+03	+0.601
70.300	+2.762e+03	+8.724e+03	+9.789e+03	+0.760
70.400	+2.300e+03	+6.977e+03	+1.036e+04	+0.752
70.500	+3.503e+03	+6.648e+03	+9.892e+03	+0.655
70.600	+3.809e+03	+7.501e+03	+1.152e+04	+0.663
70.700	+2.397e+03	+6.642e+03	+8.697e+03	+0.735
70.800	+2.179e+03	+7.122e+03	+1.036e+04	+0.766
70.900	+3.117e+03	+7.389e+03	+8.901e+03	+0.703
71.000	+3.150e+03	+6.132e+03	+1.149e+04	+0.661
71.100	+3.608e+03	+6.205e+03	+1.029e+04	+0.632
71.200	+3.803e+03	+7.094e+03	+1.096e+04	+0.651
71.300	+2.300e+03	+6.949e+03	+9.959e+03	+0.751
71.400	+3.152e+03	+6.476e+03	+1.076e+04	+0.673
71.500	+2.449e+03	+6.607e+03	+9.886e+03	+0.730
71.600	+2.282e+03	+6.815e+03	+1.028e+04	+0.749
71.700	+4.286e+03	+5.410e+03	+1.043e+04	+0.558
71.800	+3.909e+03	+5.397e+03	+1.004e+04	+0.580
71.900	+1.757e+03	+7.296e+03	+1.020e+04	+0.806
72.000	+1.895e+03	+7.289e+03	+7.516e+03	+0.794
72.100	+2.764e+03	+7.419e+03	+9.633e+03	+0.729
72.200	+1.989e+03	+6.878e+03	+1.021e+04	+0.776
72.300	+2.852e+03	+6.966e+03	+9.783e+03	+0.710
72.400	+2.851e+03	+8.057e+03	+1.052e+04	+0.739
72.500	+4.012e+03	+6.748e+03	+1.152e+04	+0.627
72.600	+1.621e+03	+8.170e+03	+9.765e+03	+0.834
72.700	+3.378e+03	+8.638e+03	+1.158e+04	+0.719
72.800	+3.103e+03	+6.609e+03	+1.029e+04	+0.680
72.900	+2.147e+03	+7.644e+03	+1.163e+04	+0.781
73.000	+2.629e+03	+6.175e+03	+1.015e+04	+0.701
73.100	+2.895e+03	+7.808e+03	+1.111e+04	+0.730
73.200	+2.569e+03	+5.286e+03	+9.798e+03	+0.673
73.300	+1.765e+03	+5.490e+03	+9.927e+03	+0.757
73.400	+2.841e+03	+7.736e+03	+9.406e+03	+0.731
73.500	+2.690e+03	+7.072e+03	+1.083e+04	+0.724
73.600	+1.915e+03	+8.336e+03	+1.084e+04	+0.813
73.700	+2.480e+03	+6.301e+03	+9.316e+03	+0.718
73.800	+2.828e+03	+6.385e+03	+1.042e+04	+0.693
73.900	+2.648e+03	+6.352e+03	+1.008e+04	+0.706
74.000	+3.368e+03	+7.125e+03	+1.066e+04	+0.679
74.100	+3.348e+03	+7.916e+03	+9.493e+03	+0.703
74.200	+4.476e+03	+7.309e+03	+1.002e+04	+0.620
74.300	+1.921e+03	+6.884e+03	+1.033e+04	+0.782
74.400	+3.177e+03	+6.930e+03	+9.349e+03	+0.686
74.500	+3.594e+03	+5.782e+03	+1.082e+04	+0.617
74.600	+2.185e+03	+5.270e+03	+1.016e+04	+0.707
74.700	+3.491e+03	+6.295e+03	+9.761e+03	+0.643
74.800	+3.471e+03	+6.876e+03	+1.095e+04	+0.665
74.900	+3.340e+03	+6.006e+03	+1.116e+04	+0.643
75.000	+3.074e+03	+8.011e+03	+1.042e+04	+0.723
75.100	+1.220e+03	+7.184e+03	+9.350e+03	+0.855
75.200	+3.739e+03	+5.623e+03	+9.842e+03	+0.601
75.300	+3.780e+03	+8.131e+03	+1.148e+04	+0.683
75.400	+3.657e+03	+6.935e+03	+9.487e+03	+0.655
75.500	+1.944e+03	+7.192e+03	+9.354e+03	+0.787
75.600	+2.558e+03	+5.218e+03	+1.107e+04	+0.671
75.700	+3.173e+03	+6.887e+03	+8.755e+03	+0.685
75.800	+4.815e+03	+7.068e+03	+9.580e+03	+0.595
75.900	+7.136e+03	+3.488e+03	+8.669e+03	+0.328
76.000	+6.789e+03	+1.355e+03	+1.037e+04	+0.166
76.100	+6.173e+03	+4.393e+03	+9.041e+03	+0.416
76.200	+7.030e+03	+2.072e+03	+1.015e+04	+0.228
76.300	+6.258e+03	+3.150e+03	+1.040e+04	+0.335
76.400	+7.859e+03	+2.719e+03	+9.930e+03	+0.257
76.500	+7.571e+03	+3.876e+03	+1.150e+04	+0.339
76.600	+6.353e+03	+2.800e+03	+9.172e+03	+0.306
76.700	+6.364e+03	+4.425e+03	+9.809e+03	+0.410
76.800	+7.904e+03	+2.345e+03	+1.008e+04	+0.229
76.900	+7.843e+03	+4.128e+03	+1.096e+04	+0.345
77.000	+6.577e+03	+3.916e+03	+1.027e+04	+0.373
77.100	+6.738e+03	+3.250e+03	+1.006e+04	+0.325
77.200	+6.704e+03	+3.165e+03	+9.933e+03	+0.321
77.300	+7.755e+03	+1.722e+03	+9.938e+03	+0.182
77.400	+6.640e+03	+2.216e+03	+1.124e+04	+0.250
77.500	+5.508e+03	+3.246e+03	+9.106e+03	+0.371
77.600	+3.931e+03	+5.536e+03	+1.063e+04	+0.585
77.700	+3.365e+03	+5.047e+03	+9.153e+03	+0.600
77.800	+3.305e+03	+6.556e+03	+9.634e+03	+0.665
77.900	+3.165e+03	+8.591e+03	+9.076e+03	+0.731
78.000	+2.827e+03	+7.318e+03	+1.017e+04	+0.721
78.100	+3.284e+03	+6.230e+03	+1.002e+04	+0.655
78.200	+2.517e+03	+6.994e+03	+1.051e+04	+0.735
78.300	+3.496e+03	+6.973e+03	+1.060e+04	+0.666
78.400	+3.793e+03	+8.294e+03	+9.945e+03	+0.686
78.500	+4.035e+03	+5.586e+03	+1.097e+04	+0.581
78.600	+2.471e+03	+7.029e+03	+9.545e+03	+0.740
78.700	+4.768e+03	+7.206e+03	+1.146e+04	+0.602
78.800	+3.620e+03	+6.412e+03	+1.051e+04	+0.639
78.900	+1.740e+03	+6.162e+03	+9.768e+03	+0.780
79.000	+2.664e+03	+7.194e+03	+9.708e+03	+0.730
79.100	+1.924e+03	+8.091e+03	+1.063e+04	+0.808
79.200	+3.999e+03	+7.618e+03	+1.020e+04	+0.656
79.300	+2.445e+03	+6.125e+03	+9.386e+03	+0.715
79.400	+3.630e+03	+5.839e+03	+8.058e+03	+0.617
79.500	+4.613e+03	+3.935e+03	+9.996e+03	+0.460
79.600	+6.685e+03	+3.819e+03	+1.072e+04	+0.364
79.700	+5.560e+03	+2.215e+03	+1.057e+04	+0.285
79.800	+6.410e+03	+2.747e+03	+9.404e+03	+0.300
79.900	+7.651e+03	+2.476e+03	+8.914e+03	+0.244
80.000	+6.743e+03	+1.797e+03	+1.019e+04	+0.210
80.100	+7.121e+03	+2.503e+03	+1.072e+04	+0.260
80.200	+7.896e+03	+4.139e+03	+1.106e+04	+0.344
80.300	+7.229e+03	+3.991e+03	+9.234e+03	+0.356
80.400	+8.484e+03	+1.219e+03	+1.035e+04	+0.126
80.500	+9.407e+03	+3.723e+03	+9.624e+03	+0.284
80.600	+6.245e+03	+2.511e+03	+9.844e+03	+0.287
80.700	+7.058e+03	+2.517e+03	+1.109e+04	+0.263
80.800	+7.033e+03	+2.211e+03	+8.654e+03	+0.239
80.900	+7.744e+03	+1.733e+03	+9.709e+03	+0.183
81.000	+7.737e+03	+2.063e+03	+9.934e+03	+0.211
81.100	+6.846e+03	+3.453e+03	+1.057e+04	+0.335
81.200	+7.032e+03	+3.398e+03	+9.358e+03	+0.326
81.300	+6.584e+03	+4.060e+03	+1.062e+04	+0.381
81.400	+2.837e+03	+6.678e+03	+9.047e+03	+0.702
81.500	+3.008e+03	+7.599e+03	+1.047e+04	+0.716
81.600	+2.427e+03	+5.861e+03	+1.102e+04	+0.707
81.700	+2.889e+03	+7.324e+03	+9.803e+03	+0.717
81.800	+2.987e+03	+6.466e+03	+9.954e+03	+0.684
81.900	+4.064e+03	+8.149e+03	+9.580e+03	+0.667
82.000	+3.047e+03	+5.932e+03	+9.510e+03	+0.661
82.100	+2.564e+03	+5.919e+03	+1.023e+04	+0.698
82.200	+2.546e+03	+8.590e+03	+9.977e+03	+0.771
82.300	+2.825e+03	+6.898e+03	+9.407e+03	+0.709
82.400	+1.463e+03	+7.486e+03	+9.261e+03	+0.837
82.500	+2.076e+03	+6.912e+03	+9.373e+03	+0.769
82.600	+2.246e+03	+7.831e+03	+9.355e+03	+0.777
82.700	+4.619e+03	+6.806e+03	+1.013e+04	+0.596
82.800	+3.805e+03	+7.406e+03	+9.519e+03	+0.661
82.900	+3.362e+03	+6.568e+03	+9.505e+03	+0.661
83.000	+2.964e+03	+6.537e+03	+1.037e+04	+0.688
83.100	+2.723e+03	+7.423e+03	+1.203e+04	+0.732
83.200	+1.966e+03	+7.406e+03	+9.585e+03	+0.790
83.300	+4.220e+03	+7.705e+03	+8.191e+03	+0.646
83.400	+4.215e+03	+6.062e+03	+9.638e+03	+0.590
83.500	+7.677e+03	+4.094e+03	+1.013e+04	+0.348
83.600	+7.394e+03	+2.232e+03	+8.979e+03	+0.232
83.700	+7.273e+03	+3.152e+03	+1.046e+04	+0.302
83.800	+7.331e+03	+2.269e+03	+9.231e+03	+0.236
83.900	+5.737e+03	+4.508e+03	+9.588e+03	+0.440
84.000	+7.219e+03	+3.003e+03	+9.483e+03	+0.294
84.100	+6.948e+03	+3.096e+03	+9.962e+03	+0.308
84.200	+7.054e+03	+4.734e+03	+1.230e+04	+0.402
84.300	+8.120e+03	+3.763e+03	+9.952e+03	+0.317
84.400	+7.793e+03	+3.810e+03	+9.844e+03	+0.328
84.500	+4.365e+03	+5.921e+03	+9.812e+03	+0.576
84.600	+1.703e+03	+8.264e+03	+9.175e+03	+0.829
84.700	+2.729e+03	+6.202e+03	+8.885e+03	+0.694
84.800	+2.567e+03	+7.180e+03	+1.078e+04	+0.737
84.900	+3.720e+03	+7.131e+03	+9.679e+03	+0.657
85.000	+3.794e+03	+7.673e+03	+1.063e+04	+0.669
85.100	+2.017e+03	+6.826e+03	+1.138e+04	+0.772
85.200	+3.709e+03	+6.627e+03	+9.431e+03	+0.641
85.300	+2.687e+03	+7.486e+03	+9.549e+03	+0.736
85.400	+2.564e+03	+7.046e+03	+9.593e+03	+0.733
85.500	+2.755e+03	+6.646e+03	+9.310e+03	+0.707
85.600	+5.817e+03	+4.459e+03	+1.039e+04	+0.434
85.700	+6.562e+03	+3.278e+03	+1.063e+04	+0.333
85.800	+6.971e+03	+3.374e+03	+9.881e+03	+0.326
85.900	+5.268e+03	+5.592e+03	+9.249e+03	+0.515
86.000	+2.358e+03	+7.811e+03	+9.983e+03	+0.768
86.100	+2.173e+03	+7.560e+03	+9.835e+03	+0.777
86.200	+4.316e+03	+7.098e+03	+9.194e+03	+0.622
86.300	+2.113e+03	+7.608e+03	+9.418e+03	+0.783
86.400	+1.952e+03	+7.307e+03	+9.644e+03	+0.789
86.500	+3.373e+03	+6.808e+03	+9.675e+03	+0.669
86.600	+2.853e+03	+6.897e+03	+9.847e+03	+0.707
86.700	+1.184e+03	+5.744e+03	+1.017e+04	+0.829
86.800	+2.623e+03	+6.999e+03	+9.780e+03	+0.727
86.900	+3.796e+03	+7.377e+03	+9.632e+03	+0.660
87.000	+3.380e+03	+6.564e+03	+1.063e+04	+0.660
87.100	+1.585e+03	+6.368e+03	+9.190e+03	+0.801
87.200	+3.681e+03	+6.626e+03	+9.758e+03	+0.643
87.300	+2.706e+03	+7.573e+03	+1.028e+04	+0.737
87.400	+2.850e+03	+8.628e+03	+1.187e+04	+0.752
87.500	+2.952e+03	+7.744e+03	+1.041e+04	+0.724
87.600	+2.766e+03	+8.368e+03	+8.912e+03	+0.752
87.700	+3.314e+03	+6.545e+03	+1.040e+04	+0.664
87.800	+2.789e+03	+8.000e+03	+1.042e+04	+0.742
87.900	+2.616e+03	+5.439e+03	+9.236e+03	+0.675
88.000	+1.646e+03	+7.166e+03	+1.042e+04	+0.813
88.100	+3.051e+03	+7.383e+03	+9.390e+03	+0.708
88.200	+1.855e+03	+6.007e+03	+1.079e+04	+0.764
88.300	+2.358e+03	+7.398e+03	+1.068e+04	+0.758
88.400	+3.905e+03	+6.895e+03	+9.352e+03	+0.638
88.500	+4.843e+03	+5.691e+03	+9.550e+03	+0.540
88.600	+2.716e+03	+6.087e+03	+9.820e+03	+0.691
88.700	+3.089e+03	+7.289e+03	+9.586e+03	+0.702
88.800	+3.182e+03	+7.536e+03	+9.806e+03	+0.703
88.900	+2.315e+03	+5.594e+03	+9.748e+03	+0.707
89.000	+5.436e+03	+4.088e+03	+1.054e+04	+0.429
89.100	+7.066e+03	+2.714e+03	+1.000e+04	+0.278
89.200	+6.259e+03	+2.820e+03	+1.061e+04	+0.311
89.300	+5.721e+03	+2.812e+03	+9.811e+03	+0.330
89.400	+3.346e+03	+5.248e+03	+9.813e+03	+0.611
89.500	+3.129e+03	+7.594e+03	+1.121e+04	+0.708
89.600	+5.410e+03	+3.772e+03	+1.017e+04	+0.411
89.700	+6.630e+03	+2.326e+03	+9.997e+03	+0.260
89.800	+7.209e+03	+2.098e+03	+1.010e+04	+0.225
89.900	+4.892e+03	+2.998e+03	+1.113e+04	+0.380
90.000	+6.845e+03	+3.307e+03	+9.812e+03	+0.326
90.100	+7.274e+03	+2.250e+03	+1.013e+04	+0.236
90.200	+4.625e+03	+3.508e+03	+8.939e+03	+0.431
90.300	+3.283e+03	+6.391e+03	+9.898e+03	+0.661
90.400	+2.806e+03	+5.569e+03	+1.175e+04	+0.665
90.500	+2.452e+03	+6.314e+03	+9.344e+03	+0.720
90.600	+2.560e+03	+6.289e+03	+1.146e+04	+0.711
90.700	+2.918e+03	+7.239e+03	+1.051e+04	+0.713
90.800	+2.389e+03	+6.713e+03	+9.965e+03	+0.738
90.900	+3.480e+03	+8.605e+03	+1.023e+04	+0.712
91.000	+3.621e+03	+6.069e+03	+1.090e+04	+0.626
91.100	+1.883e+03	+6.458e+03	+1.045e+04	+0.774
91.200	+3.105e+03	+6.253e+03	+1.075e+04	+0.668
91.300	+2.848e+03	+7.308e+03	+8.732e+03	+0.720
91.400	+3.509e+03	+8.693e+03	+1.118e+04	+0.712
91.500	+2.856e+03	+6.645e+03	+1.062e+04	+0.699
91.600	+4.655e+03	+6.858e+03	+1.009e+04	+0.596
91.700	+2.919e+03	+8.342e+03	+1.054e+04	+0.741
91.800	+2.719e+03	+7.155e+03	+1.054e+04	+0.725
91.900	+3.639e+03	+8.089e+03	+9.321e+03	+0.690
92.000	+2.679e+03	+7.365e+03	+1.080e+04	+0.733
92.100	+3.017e+03	+6.000e+03	+9.914e+03	+0.665
92.200	+3.493e+03	+7.779e+03	+9.661e+03	+0.690
92.300	+2.571e+03	+5.644e+03	+1.040e+04	+0.687
92.400	+3.165e+03	+5.550e+03	+1.000e+04	+0.637
92.500	+3.359e+03	+6.877e+03	+9.272e+03	+0.672
92.600	+3.358e+03	+7.193e+03	+1.111e+04	+0.682
92.700	+2.007e+03	+9.190e+03	+9.143e+03	+0.821
92.800	+2.914e+03	+5.610e+03	+1.004e+04	+0.658
92.900	+2.623e+03	+5.921e+03	+9.608e+03	+0.693
93.000	+2.823e+03	+8.972e+03	+9.583e+03	+0.761
93.100	+3.132e+03	+6.535e+03	+8.937e+03	+0.676
93.200	+2.904e+03	+7.666e+03	+1.039e+04	+0.725
93.300	+1.570e+03	+6.868e+03	+9.566e+03	+0.814
93.400	+4.999e+03	+5.343e+03	+1.035e+04	+0.517
93.500	+4.778e+03	+5.395e+03	+9.712e+03	+0.530
93.600	+3.919e+03	+7.432e+03	+1.009e+04	+0.655
93.700	+2.999e+03	+7.271e+03	+1.015e+04	+0.708
93.800	+4.036e+03	+6.916e+03	+8.929e+03	+0.631
93.900	+3.224e+03	+6.505e+03	+1.056e+04	+0.669
94.000	+6.441e+03	+4.519e+03	+9.843e+03	+0.412
94.100	+7.758e+03	+3.375e+03	+1.076e+04	+0.303
94.200	+2.252e+03	+7.371e+03	+1.035e+04	+0.766
94.300	+1.356e+03	+7.452e+03	+9.241e+03	+0.846
94.400	+2.746e+03	+7.333e+03	+9.458e+03	+0.728
94.500	+3.123e+03	+7.383e+03	+9.444e+03	+0.703
94.600	+1.863e+03	+8.717e+03	+1.038e+04	+0.824
94.700	+3.392e+03	+6.939e+03	+9.288e+03	+0.672
