%t (s)	Idd (a.u.)	Ida (a.u.)	Iaa (a.u.)	FRET E
0.000	+4.196e+03	+7.147e+03	+9.806e+03	+0.630
0.100	+2.613e+03	+6.267e+03	+9.827e+03	+0.706
0.200	+2.543e+03	+7.859e+03	+1.166e+04	+0.756
0.300	+3.349e+03	+7.840e+03	+1.002e+04	+0.701
0.400	+3.904e+03	+6.285e+03	+9.293e+03	+0.617
0.500	+4.676e+03	+5.642e+03	+9.884e+03	+0.547
0.600	+6.476e+03	+4.484e+03	+9.364e+03	+0.409
0.700	+7.835e+03	+3.377e+03	+1.129e+04	+0.301
0.800	+6.031e+03	+3.168e+03	+9.704e+03	+0.344
0.900	+5.460e+03	+3.493e+03	+9.938e+03	+0.390
1.000	+8.114e+03	+4.575e+03	+9.356e+03	+0.361
1.100	+5.809e+03	+4.406e+03	+8.800e+03	+0.431
1.200	+3.073e+03	+7.219e+03	+1.047e+04	+0.701
1.300	+1.248e+03	+8.048e+03	+1.030e+04	+0.866
1.400	+2.109e+03	+7.060e+03	+1.161e+04	+0.770
1.500	+3.761e+03	+7.622e+03	+9.939e+03	+0.670
1.600	+3.127e+03	+7.514e+03	+9.287e+03	+0.706
1.700	+2.874e+03	+6.649e+03	+7.686e+03	+0.698
1.800	+3.230e+03	+6.881e+03	+9.949e+03	+0.681
1.900	+2.715e+03	+7.284e+03	+1.042e+04	+0.728
2.000	+2.522e+03	+6.669e+03	+8.718e+03	+0.726
2.100	+5.958e+03	+5.233e+03	+9.956e+03	+0.468
2.200	+7.099e+03	+3.072e+03	+9.952e+03	+0.302
2.300	+6.948e+03	+2.867e+03	+9.657e+03	+0.292
2.400	+7.426e+03	+2.969e+03	+1.050e+04	+0.286
2.500	+5.913e+03	+3.412e+03	+8.895e+03	+0.366
2.600	+6.397e+03	+3.948e+03	+1.056e+04	+0.382
2.700	+7.382e+03	+3.069e+03	+9.946e+03	+0.294
2.800	+6.680e+03	+3.076e+03	+1.041e+04	+0.315
2.900	+8.038e+03	+3.704e+03	+9.451e+03	+0.315
3.000	+6.772e+03	+3.476e+03	+1.202e+04	+0.339
3.100	+6.407e+03	+2.625e+03	+1.060e+04	+0.291
3.200	+8.293e+03	+1.154e+03	+9.264e+03	+0.122
3.300	+6.117e+03	+3.262e+03	+1.101e+04	+0.348
3.400	+6.738e+03	+1.685e+03	+9.945e+03	+0.200
3.500	+5.683e+03	+1.672e+03	+1.001e+04	+0.227
3.600	+7.085e+03	+1.916e+03	+1.067e+04	+0.213
3.700	+7.181e+03	+3.471e+03	+9.499e+03	+0.326
3.800	+6.622e+03	+2.571e+03	+9.242e+03	+0.280
3.900	+6.488e+03	+3.293e+03	+1.054e+04	+0.337
4.000	+6.119e+03	+2.081e+03	+9.854e+03	+0.254
4.100	+6.172e+03	+4.580e+03	+9.898e+03	+0.426
4.200	+2.844e+03	+8.458e+03	+8.020e+03	+0.748
4.300	+2.073e+03	+7.675e+03	+8.281e+03	+0.787
4.400	+3.458e+03	+6.809e+03	+1.062e+04	+0.663
4.500	+2.822e+03	+6.916e+03	+9.456e+03	+0.710
4.600	+4.191e+03	+6.601e+03	+9.314e+03	+0.612
4.700	+4.051e+03	+6.556e+03	+1.012e+04	+0.618
4.800	+2.696e+03	+7.076e+03	+9.802e+03	+0.724
4.900	+2.009e+03	+7.413e+03	+9.018e+03	+0.787
5.000	+6.644e+03	+3.550e+03	+1.046e+04	+0.348
5.100	+6.556e+03	+3.421e+03	+1.044e+04	+0.343
5.200	+6.212e+03	+5.125e+03	+1.077e+04	+0.452
5.300	+7.615e+03	+2.504e+03	+1.212e+04	+0.247
5.400	+4.504e+03	+6.152e+03	+1.017e+04	+0.577
5.500	+2.312e+03	+6.135e+03	+1.079e+04	+0.726
5.600	+1.713e+03	+7.286e+03	+1.047e+04	+0.810
5.700	+1.436e+03	+5.515e+03	+9.364e+03	+0.793
5.800	+2.322e+03	+7.035e+03	+9.295e+03	+0.752
5.900	+3.976e+03	+7.500e+03	+1.025e+04	+0.654
6.000	+2.872e+03	+6.656e+03	+9.385e+03	+0.699
6.100	+1.413e+03	+8.468e+03	+9.587e+03	+0.857
6.200	+2.812e+03	+7.230e+03	+9.280e+03	+0.720
6.300	+4.606e+03	+6.705e+03	+9.038e+03	+0.593
6.400	+3.739e+03	+8.053e+03	+9.968e+03	+0.683
6.500	+2.955e+03	+6.408e+03	+1.116e+04	+0.684
6.600	+3.737e+03	+7.825e+03	+9.675e+03	+0.677
6.700	+4.050e+03	+7.115e+03	+1.087e+04	+0.637
6.800	+1.460e+03	+7.481e+03	+1.105e+04	+0.837
6.900	+3.654e+03	+8.326e+03	+1.081e+04	+0.695
7.000	+2.249e+03	+8.482e+03	+1.023e+04	+0.790
7.100	+3.373e+03	+6.636e+03	+1.004e+04	+0.663
7.200	+2.915e+03	+7.048e+03	+9.564e+03	+0.707
7.300	+3.379e+03	+7.768e+03	+9.923e+03	+0.697
7.400	+3.176e+03	+7.912e+03	+1.039e+04	+0.714
7.500	+2.172e+03	+8.005e+03	+8.407e+03	+0.787
7.600	+3.455e+03	+7.314e+03	+8.170e+03	+0.679
7.700	+3.698e+03	+6.965e+03	+1.057e+04	+0.653
7.800	+2.860e+03	+6.805e+03	+1.056e+04	+0.704
7.900	+5.835e+03	+6.734e+03	+9.747e+03	+0.536
8.000	+8.168e+03	+3.221e+03	+1.014e+04	+0.283
8.100	+5.587e+03	+2.286e+03	+1.022e+04	+0.290
8.200	+5.314e+03	+4.629e+03	+1.031e+04	+0.466
8.300	+2.475e+03	+7.187e+03	+1.163e+04	+0.744
8.400	+2.065e+03	+8.828e+03	+8.353e+03	+0.810
8.500	+3.521e+03	+7.783e+03	+8.681e+03	+0.689
8.600	+2.354e+03	+5.136e+03	+1.044e+04	+0.686
8.700	+3.628e+03	+6.876e+03	+1.019e+04	+0.655
8.800	+1.972e+03	+6.137e+03	+1.055e+04	+0.757
8.900	+3.602e+03	+6.615e+03	+1.125e+04	+0.647
9.000	+2.880e+03	+7.317e+03	+1.046e+04	+0.718
9.100	+1.846e+03	+5.698e+03	+1.021e+04	+0.755
9.200	+2.914e+03	+8.361e+03	+1.106e+04	+0.742
9.300	+1.613e+03	+7.437e+03	+9.573e+03	+0.822
9.400	+4.651e+03	+6.882e+03	+9.821e+03	+0.597
9.500	+3.568e+03	+6.673e+03	+1.006e+04	+0.652
9.600	+3.257e+03	+6.661e+03	+9.654e+03	+0.672
9.700	+7.030e+03	+4.079e+03	+1.070e+04	+0.367
9.800	+6.224e+03	+2.250e+03	+1.036e+04	+0.266
9.900	+8.490e+03	+3.792e+03	+1.020e+04	+0.309
10.000	+7.477e+03	+3.232e+03	+9.652e+03	+0.302
10.100	+7.560e+03	+2.903e+03	+9.725e+03	+0.277
10.200	+7.251e+03	+2.744e+03	+9.886e+03	+0.275
10.300	+6.617e+03	+2.566e+03	+1.141e+04	+0.279
10.400	+7.557e+03	+2.042e+03	+1.029e+04	+0.213
10.500	+6.999e+03	+3.231e+03	+9.968e+03	+0.316
10.600	+7.735e+03	+1.980e+03	+9.998e+03	+0.204
10.700	+6.195e+03	+4.176e+03	+8.477e+03	+0.403
10.800	+6.515e+03	+2.647e+03	+1.020e+04	+0.289
10.900	+6.979e+03	+2.811e+03	+1.032e+04	+0.287
11.000	+8.007e+03	+3.399e+03	+1.093e+04	+0.298
11.100	+6.954e+03	+2.606e+03	+1.011e+04	+0.273
11.200	+7.583e+03	+2.568e+03	+9.452e+03	+0.253
11.300	+3.535e+03	+5.648e+03	+9.057e+03	+0.615
11.400	+2.454e+03	+7.983e+03	+9.216e+03	+0.765
11.500	+7.017e+03	+3.023e+03	+1.047e+04	+0.301
11.600	+7.463e+03	+2.609e+03	+1.047e+04	+0.259
11.700	+7.704e+03	+2.485e+03	+1.119e+04	+0.244
11.800	+7.456e+03	+4.022e+03	+8.995e+03	+0.350
11.900	+5.781e+03	+3.139e+03	+9.704e+03	+0.352
12.000	+7.370e+03	+2.252e+03	+1.066e+04	+0.234
12.100	+6.282e+03	+2.136e+03	+9.092e+03	+0.254
12.200	+3.993e+03	+6.742e+03	+1.017e+04	+0.628
12.300	+3.139e+03	+6.925e+03	+8.936e+03	+0.688
12.400	+6.407e+03	+2.535e+03	+8.635e+03	+0.284
12.500	+5.535e+03	+4.234e+03	+1.010e+04	+0.433
12.600	+3.564e+03	+7.047e+03	+9.038e+03	+0.664
12.700	+1.723e+03	+8.384e+03	+8.237e+03	+0.830
12.800	+3.252e+03	+6.344e+03	+1.051e+04	+0.661
12.900	+2.747e+03	+7.030e+03	+9.182e+03	+0.719
13.000	+2.095e+03	+7.036e+03	+9.122e+03	+0.771
13.100	+3.032e+03	+5.470e+03	+9.843e+03	+0.643
13.200	+3.412e+03	+7.356e+03	+1.118e+04	+0.683
13.300	+2.754e+03	+7.130e+03	+8.897e+03	+0.721
13.400	+4.484e+03	+6.514e+03	+9.090e+03	+0.592
13.500	+6.499e+03	+3.409e+03	+1.025e+04	+0.344
13.600	+5.075e+03	+4.085e+03	+1.048e+04	+0.446
13.700	+6.255e+03	+3.653e+03	+1.034e+04	+0.369
13.800	+7.214e+03	+2.616e+03	+9.589e+03	+0.266
13.900	+6.529e+03	+4.037e+03	+9.682e+03	+0.382
14.000	+6.376e+03	+3.282e+03	+9.975e+03	+0.340
14.100	+8.032e+03	+3.319e+03	+9.965e+03	+0.292
14.200	+7.469e+03	+2.072e+03	+9.074e+03	+0.217
14.300	+7.061e+03	+3.090e+03	+8.626e+03	+0.304
14.400	+7.995e+03	+1.939e+03	+9.204e+03	+0.195
14.500	+7.252e+03	+3.921e+03	+1.022e+04	+0.351
14.600	+5.722e+03	+1.874e+03	+1.123e+04	+0.247
14.700	+7.208e+03	+4.131e+03	+9.949e+03	+0.364
14.800	+8.182e+03	+2.359e+03	+8.776e+03	+0.224
14.900	+5.485e+03	+2.182e+03	+1.003e+04	+0.285
15.000	+7.365e+03	+3.796e+03	+9.943e+03	+0.340
15.100	+5.147e+03	+5.210e+03	+8.747e+03	+0.503
15.200	+2.343e+03	+6.500e+03	+1.011e+04	+0.735
15.300	+1.099e+03	+8.044e+03	+1.066e+04	+0.880
15.400	+2.808e+03	+6.005e+03	+1.109e+04	+0.681
15.500	+2.605e+03	+7.503e+03	+9.390e+03	+0.742
15.600	+3.561e+03	+6.558e+03	+1.157e+04	+0.648
15.700	+2.748e+03	+4.873e+03	+1.109e+04	+0.639
15.800	+3.273e+03	+6.924e+03	+9.659e+03	+0.679
15.900	+3.703e+03	+7.740e+03	+9.600e+03	+0.676
16.000	+4.490e+03	+5.742e+03	+9.565e+03	+0.561
16.100	+3.633e+03	+6.891e+03	+9.984e+03	+0.655
16.200	+2.976e+03	+7.082e+03	+1.055e+04	+0.704
16.300	+3.412e+03	+6.123e+03	+9.782e+03	+0.642
16.400	+2.655e+03	+7.092e+03	+9.371e+03	+0.728
16.500	+3.895e+03	+7.052e+03	+9.271e+03	+0.644
16.600	+3.448e+03	+6.788e+03	+9.958e+03	+0.663
16.700	+4.226e+03	+7.351e+03	+1.001e+04	+0.635
16.800	+3.192e+03	+6.573e+03	+8.275e+03	+0.673
16.900	+3.367e+03	+7.036e+03	+1.047e+04	+0.676
17.000	+8.173e+02	+6.130e+03	+1.127e+04	+0.882
17.100	+2.986e+03	+7.153e+03	+1.040e+04	+0.706
17.200	+3.172e+03	+7.211e+03	+8.934e+03	+0.695
17.300	+6.566e+03	+5.582e+03	+1.039e+04	+0.460
17.400	+7.117e+03	+3.797e+03	+1.014e+04	+0.348
17.500	+5.817e+03	+3.633e+03	+9.716e+03	+0.384
17.600	+7.983e+03	+3.113e+03	+9.865e+03	+0.281
17.700	+3.383e+03	+6.232e+03	+9.334e+03	+0.648
17.800	+3.559e+03	+8.178e+03	+9.843e+03	+0.697
17.900	+3.238e+03	+7.052e+03	+9.322e+03	+0.685
18.000	+3.579e+03	+8.146e+03	+1.062e+04	+0.695
18.100	+2.275e+03	+7.416e+03	+1.008e+04	+0.765
18.200	+1.327e+03	+7.354e+03	+1.121e+04	+0.847
18.300	+2.614e+03	+6.419e+03	+9.698e+03	+0.711
18.400	+3.794e+03	+7.190e+03	+9.689e+03	+0.655
18.500	+2.369e+03	+8.151e+03	+1.115e+04	+0.775
18.600	+3.372e+03	+6.090e+03	+1.021e+04	+0.644
18.700	+2.983e+03	+7.927e+03	+1.027e+04	+0.727
18.800	+2.488e+03	+6.616e+03	+1.038e+04	+0.727
18.900	+3.303e+03	+6.824e+03	+9.053e+03	+0.674
19.000	+2.336e+03	+6.451e+03	+9.752e+03	+0.734
19.100	+3.299e+03	+7.702e+03	+1.083e+04	+0.700
19.200	+2.265e+03	+6.511e+03	+9.533e+03	+0.742
19.300	+2.889e+03	+7.534e+03	+1.089e+04	+0.723
19.400	+3.309e+03	+7.288e+03	+9.425e+03	+0.688
19.500	+3.660e+03	+6.561e+03	+9.384e+03	+0.642
19.600	+4.420e+03	+7.197e+03	+9.723e+03	+0.620
19.700	+5.806e+03	+1.937e+03	+9.359e+03	+0.250
19.800	+6.917e+03	+3.216e+03	+9.787e+03	+0.317
19.900	+5.778e+03	+2.240e+03	+8.639e+03	+0.279
20.000	+2.930e+03	+7.521e+03	+1.029e+04	+0.720
20.100	+3.413e+03	+6.101e+03	+9.805e+03	+0.641
20.200	+2.009e+03	+7.050e+03	+9.841e+03	+0.778
20.300	+3.328e+03	+7.296e+03	+9.383e+03	+0.687
20.400	+2.338e+03	+7.163e+03	+1.079e+04	+0.754
20.500	+2.197e+03	+8.065e+03	+9.046e+03	+0.786
20.600	+4.081e+03	+6.431e+03	+1.068e+04	+0.612
20.700	+4.236e+03	+5.789e+03	+9.054e+03	+0.577
20.800	+7.492e+03	+3.079e+03	+9.929e+03	+0.291
20.900	+5.480e+03	+2.527e+03	+9.885e+03	+0.316
21.000	+7.203e+03	+4.030e+03	+1.030e+04	+0.359
21.100	+7.924e+03	+2.955e+03	+9.614e+03	+0.272
21.200	+6.816e+03	+2.072e+03	+1.195e+04	+0.233
21.300	+8.297e+03	+2.764e+03	+1.122e+04	+0.250
21.400	+6.748e+03	+3.532e+03	+9.601e+03	+0.344
21.500	+6.570e+03	+2.598e+03	+1.027e+04	+0.283
21.600	+6.773e+03	+1.448e+03	+1.016e+04	+0.176
21.700	+6.817e+03	+4.457e+03	+9.609e+03	+0.395
21.800	+7.257e+03	+3.391e+03	+9.866e+03	+0.318
21.900	+4.788e+03	+2.571e+03	+9.877e+03	+0.349
22.000	+6.158e+03	+3.355e+03	+1.041e+04	+0.353
22.100	+7.765e+03	+1.684e+03	+1.050e+04	+0.178
22.200	+6.957e+03	+3.370e+03	+9.000e+03	+0.326
22.300	+7.247e+03	+2.326e+03	+1.028e+04	+0.243
22.400	+6.989e+03	+3.389e+03	+1.164e+04	+0.327
22.500	+6.236e+03	+3.972e+03	+8.899e+03	+0.389
22.600	+6.742e+03	+2.618e+03	+8.180e+03	+0.280
22.700	+7.273e+03	+4.227e+03	+9.938e+03	+0.368
22.800	+8.048e+03	+3.599e+03	+1.012e+04	+0.309
22.900	+6.659e+03	+3.208e+03	+1.048e+04	+0.325
23.000	+7.300e+03	+2.430e+03	+1.050e+04	+0.250
23.100	+7.884e+03	+4.083e+03	+1.141e+04	+0.341
23.200	+7.009e+03	+3.020e+03	+9.659e+03	+0.301
23.300	+7.698e+03	+2.718e+03	+9.983e+03	+0.261
23.400	+6.859e+03	+3.704e+03	+9.442e+03	+0.351
23.500	+5.721e+03	+4.240e+03	+1.023e+04	+0.426
23.600	+6.141e+03	+3.390e+03	+1.075e+04	+0.356
23.700	+6.829e+03	+2.586e+03	+1.017e+04	+0.275
23.800	+6.310e+03	+4.390e+03	+1.016e+04	+0.410
23.900	+2.651e+03	+4.951e+03	+1.011e+04	+0.651
24.000	+3.138e+03	+6.251e+03	+9.320e+03	+0.666
24.100	+3.502e+03	+5.112e+03	+1.099e+04	+0.593
24.200	+2.888e+03	+7.524e+03	+1.036e+04	+0.723
24.300	+3.021e+03	+8.780e+03	+1.152e+04	+0.744
24.400	+1.759e+03	+7.764e+03	+9.358e+03	+0.815
24.500	+3.864e+03	+6.253e+03	+9.196e+03	+0.618
24.600	+1.863e+03	+6.181e+03	+1.091e+04	+0.768
24.700	+2.026e+03	+6.874e+03	+9.497e+03	+0.772
24.800	+3.306e+03	+5.352e+03	+1.044e+04	+0.618
24.900	+2.549e+03	+6.637e+03	+1.034e+04	+0.722
25.000	+2.078e+03	+6.160e+03	+1.110e+04	+0.748
25.100	+2.811e+03	+8.146e+03	+9.505e+03	+0.743
25.200	+3.549e+03	+7.056e+03	+1.133e+04	+0.665
25.300	+3.945e+03	+5.714e+03	+1.020e+04	+0.592
25.400	+3.367e+03	+8.438e+03	+9.636e+03	+0.715
25.500	+1.615e+03	+6.816e+03	+9.099e+03	+0.808
25.600	+3.182e+03	+4.993e+03	+9.890e+03	+0.611
25.700	+3.078e+03	+8.321e+03	+9.776e+03	+0.730
25.800	+2.664e+03	+7.601e+03	+8.858e+03	+0.740
25.900	+3.787e+03	+7.116e+03	+1.135e+04	+0.653
26.000	+2.318e+03	+7.575e+03	+1.057e+04	+0.766
26.100	+1.576e+03	+6.073e+03	+1.045e+04	+0.794
26.200	+2.917e+03	+5.822e+03	+9.988e+03	+0.666
26.300	+2.449e+03	+6.389e+03	+9.934e+03	+0.723
26.400	+2.636e+03	+7.134e+03	+1.073e+04	+0.730
26.500	+2.289e+03	+6.738e+03	+1.134e+04	+0.746
26.600	+3.973e+03	+7.084e+03	+9.612e+03	+0.641
26.700	+1.181e+03	+8.905e+03	+1.022e+04	+0.883
26.800	+4.504e+03	+7.527e+03	+1.036e+04	+0.626
26.900	+3.888e+03	+7.419e+03	+9.827e+03	+0.656
27.000	+2.609e+03	+6.045e+03	+9.431e+03	+0.698
27.100	+2.039e+03	+7.627e+03	+9.304e+03	+0.789
27.200	+2.208e+03	+6.972e+03	+9.884e+03	+0.760
27.300	+1.641e+03	+7.464e+03	+1.012e+04	+0.820
27.400	+4.465e+03	+6.321e+03	+1.012e+04	+0.586
27.500	+8.026e+03	+1.917e+03	+1.025e+04	+0.193
27.600	+5.753e+03	+3.523e+03	+9.189e+03	+0.380
27.700	+7.523e+03	+3.147e+03	+1.057e+04	+0.295
27.800	+6.909e+03	+2.291e+03	+1.163e+04	+0.249
27.900	+6.165e+03	+2.837e+03	+1.029e+04	+0.315
28.000	+7.458e+03	+3.122e+03	+1.027e+04	+0.295
28.100	+7.932e+03	+2.489e+03	+1.045e+04	+0.239
28.200	+6.765e+03	+3.153e+03	+9.115e+03	+0.318
28.300	+6.572e+03	+2.972e+03	+9.464e+03	+0.311
28.400	+5.414e+03	+2.164e+03	+8.826e+03	+0.286
28.500	+7.441e+03	+2.419e+03	+1.073e+04	+0.245
28.600	+6.554e+03	+3.263e+03	+9.629e+03	+0.332
28.700	+7.347e+03	+2.399e+03	+1.037e+04	+0.246
28.800	+7.731e+03	+2.572e+03	+1.025e+04	+0.250
28.900	+7.954e+03	+2.000e+03	+1.104e+04	+0.201
29.000	+5.803e+03	+2.227e+03	+1.065e+04	+0.277
29.100	+7.759e+03	+2.056e+03	+8.988e+03	+0.209
29.200	+6.024e+03	+2.921e+03	+9.512e+03	+0.327
29.300	+6.221e+03	+4.009e+03	+1.021e+04	+0.392
29.400	+6.310e+03	+2.785e+03	+1.140e+04	+0.306
29.500	+7.330e+03	+3.310e+03	+9.370e+03	+0.311
29.600	+6.387e+03	+2.621e+03	+1.032e+04	+0.291
29.700	+8.025e+03	+3.619e+03	+9.126e+03	+0.311
29.800	+6.341e+03	+3.452e+03	+9.427e+03	+0.353
29.900	+6.158e+03	+2.300e+03	+1.147e+04	+0.272
30.000	+4.446e+03	+5.068e+03	+1.085e+04	+0.533
30.100	+3.164e+03	+7.692e+03	+8.719e+03	+0.709
30.200	+2.048e+03	+7.109e+03	+9.070e+03	+0.776
30.300	+2.734e+03	+5.883e+03	+1.016e+04	+0.683
30.400	+4.495e+03	+6.588e+03	+9.499e+03	+0.594
30.500	+1.628e+03	+7.543e+03	+9.900e+03	+0.823
30.600	+2.516e+03	+8.169e+03	+9.678e+03	+0.765
30.700	+2.993e+03	+6.144e+03	+1.035e+04	+0.672
30.800	+2.984e+03	+6.891e+03	+1.015e+04	+0.698
30.900	+2.428e+03	+6.053e+03	+9.378e+03	+0.714
31.000	+1.461e+03	+4.892e+03	+1.145e+04	+0.770
31.100	+3.342e+03	+6.790e+03	+9.605e+03	+0.670
31.200	+2.181e+03	+6.555e+03	+9.443e+03	+0.750
31.300	+1.957e+03	+5.571e+03	+1.026e+04	+0.740
31.400	+1.760e+03	+6.231e+03	+1.041e+04	+0.780
31.500	+2.962e+03	+6.776e+03	+1.046e+04	+0.696
31.600	+2.666e+03	+7.464e+03	+9.259e+03	+0.737
31.700	+2.860e+03	+5.733e+03	+9.875e+03	+0.667
31.800	+1.716e+03	+6.969e+03	+1.099e+04	+0.802
31.900	+2.531e+03	+7.461e+03	+1.029e+04	+0.747
32.000	+2.107e+03	+7.555e+03	+9.074e+03	+0.782
32.100	+2.406e+03	+7.906e+03	+9.679e+03	+0.767
32.200	+3.038e+03	+6.582e+03	+9.658e+03	+0.684
32.300	+2.511e+03	+6.145e+03	+1.044e+04	+0.710
32.400	+1.516e+03	+6.955e+03	+1.109e+04	+0.821
32.500	+2.230e+03	+8.018e+03	+9.852e+03	+0.782
32.600	+3.707e+03	+6.658e+03	+1.036e+04	+0.642
32.700	+3.361e+03	+7.658e+03	+1.076e+04	+0.695
32.800	+2.902e+03	+8.149e+03	+9.265e+03	+0.737
32.900	+3.460e+03	+6.678e+03	+1.018e+04	+0.659
33.000	+4.032e+03	+5.629e+03	+1.026e+04	+0.583
33.100	+3.661e+03	+7.813e+03	+9.100e+03	+0.681
33.200	+3.155e+03	+6.151e+03	+1.086e+04	+0.661
33.300	+5.828e+03	+3.692e+03	+1.059e+04	+0.388
33.400	+7.300e+03	+3.071e+03	+8.961e+03	+0.296
33.500	+7.985e+03	+3.817e+03	+1.109e+04	+0.323
33.600	+6.600e+03	+3.174e+03	+8.160e+03	+0.325
33.700	+4.481e+03	+4.129e+03	+1.010e+04	+0.480
33.800	+2.572e+03	+6.751e+03	+1.130e+04	+0.724
33.900	+3.487e+03	+7.309e+03	+9.438e+03	+0.677
34.000	+5.199e+03	+6.533e+03	+9.512e+03	+0.557
34.100	+3.408e+03	+7.995e+03	+1.095e+04	+0.701
34.200	+2.630e+03	+6.174e+03	+1.083e+04	+0.701
34.300	+2.383e+03	+7.027e+03	+1.078e+04	+0.747
34.400	+2.452e+03	+4.865e+03	+9.274e+03	+0.665
34.500	+3.160e+03	+5.795e+03	+9.270e+03	+0.647
34.600	+2.815e+03	+8.027e+03	+9.937e+03	+0.740
34.700	+3.393e+03	+7.939e+03	+9.888e+03	+0.701
34.800	+2.755e+03	+6.391e+03	+9.729e+03	+0.699
34.900	+2.411e+03	+6.996e+03	+1.032e+04	+0.744
35.000	+3.101e+03	+7.512e+03	+1.063e+04	+0.708
35.100	+3.325e+03	+5.966e+03	+1.039e+04	+0.642
35.200	+4.760e+03	+4.761e+03	+8.934e+03	+0.500
35.300	+7.076e+03	+2.911e+03	+1.015e+04	+0.292
35.400	+8.231e+03	+1.780e+03	+8.834e+03	+0.178
35.500	+6.703e+03	+2.692e+03	+1.056e+04	+0.287
35.600	+6.242e+03	+1.983e+03	+9.808e+03	+0.241
35.700	+7.066e+03	+3.083e+03	+9.776e+03	+0.304
35.800	+5.355e+03	+4.963e+03	+1.003e+04	+0.481
35.900	+2.396e+03	+5.307e+03	+8.735e+03	+0.689
36.000	+3.690e+03	+6.575e+03	+1.043e+04	+0.641
36.100	+2.815e+03	+6.928e+03	+1.044e+04	+0.711
36.200	+2.812e+03	+6.145e+03	+9.242e+03	+0.686
36.300	+2.275e+03	+6.893e+03	+1.023e+04	+0.752
36.400	+3.014e+03	+6.711e+03	+1.195e+04	+0.690
36.500	+4.101e+03	+7.716e+03	+8.197e+03	+0.653
36.600	+3.545e+03	+8.346e+03	+9.305e+03	+0.702
36.700	+3.091e+03	+6.353e+03	+8.652e+03	+0.673
36.800	+4.235e+03	+7.361e+03	+8.537e+03	+0.635
36.900	+3.647e+03	+5.644e+03	+8.999e+03	+0.607
37.000	+4.414e+03	+7.401e+03	+9.451e+03	+0.626
37.100	+2.563e+03	+6.994e+03	+1.203e+04	+0.732
37.200	+4.207e+03	+6.503e+03	+1.118e+04	+0.607
37.300	+2.301e+03	+7.629e+03	+8.858e+03	+0.768
37.400	+6.634e+03	+3.786e+03	+9.630e+03	+0.363
37.500	+6.872e+03	+2.572e+03	+9.926e+03	+0.272
37.600	+7.034e+03	+3.184e+03	+9.692e+03	+0.312
37.700	+8.112e+03	+3.193e+03	+9.966e+03	+0.282
37.800	+6.553e+03	+3.722e+03	+1.019e+04	+0.362
37.900	+6.744e+03	+2.958e+03	+9.711e+03	+0.305
38.000	+6.898e+03	+2.643e+03	+9.922e+03	+0.277
38.100	+6.783e+03	+3.755e+03	+9.273e+03	+0.356
38.200	+6.861e+03	+2.912e+03	+1.040e+04	+0.298
38.300	+5.323e+03	+4.779e+03	+9.804e+03	+0.473
38.400	+2.727e+03	+5.335e+03	+1.022e+04	+0.662
38.500	+2.205e+03	+5.562e+03	+9.658e+03	+0.716
38.600	+1.700e+03	+5.688e+03	+8.932e+03	+0.770
38.700	+2.646e+03	+7.553e+03	+9.863e+03	+0.741
38.800	+3.815e+03	+6.401e+03	+9.475e+03	+0.627
38.900	+2.541e+03	+6.554e+03	+1.049e+04	+0.721
39.000	+4.334e+03	+6.601e+03	+9.664e+03	+0.604
39.100	+6.790e+03	+2.494e+03	+9.794e+03	+0.269
39.200	+6.140e+03	+1.845e+03	+1.011e+04	+0.231
39.300	+7.557e+03	+2.841e+03	+1.049e+04	+0.273
39.400	+6.325e+03	+1.774e+03	+9.788e+03	+0.219
39.500	+7.501e+03	+4.399e+03	+1.039e+04	+0.370
39.600	+7.314e+03	+2.269e+03	+1.019e+04	+0.237
39.700	+6.837e+03	+2.897e+03	+1.125e+04	+0.298
39.800	+7.054e+03	+2.909e+03	+9.889e+03	+0.292
39.900	+7.125e+03	+2.350e+03	+1.065e+04	+0.248
40.000	+6.170e+03	+3.459e+03	+9.538e+03	+0.359
40.100	+6.427e+03	+1.793e+03	+1.081e+04	+0.218
40.200	+6.705e+03	+2.390e+03	+9.098e+03	+0.263
40.300	+6.871e+03	+3.720e+03	+1.079e+04	+0.351
40.400	+8.162e+03	+2.930e+03	+1.043e+04	+0.264
40.500	+8.504e+03	+2.720e+03	+9.294e+03	+0.242
40.600	+6.643e+03	+2.575e+03	+9.366e+03	+0.279
40.700	+5.484e+03	+4.566e+03	+1.053e+04	+0.454
40.800	+6.498e+03	+1.861e+03	+1.081e+04	+0.223
40.900	+6.511e+03	+3.698e+03	+9.504e+03	+0.362
41.000	+7.979e+03	+3.889e+03	+8.603e+03	+0.328
41.100	+4.188e+03	+5.941e+03	+9.760e+03	+0.586
41.200	+1.420e+03	+8.650e+03	+1.053e+04	+0.859
41.300	+3.411e+03	+8.278e+03	+9.946e+03	+0.708
41.400	+2.949e+03	+6.371e+03	+1.027e+04	+0.684
41.500	+6.239e+03	+4.715e+03	+9.915e+03	+0.430
41.600	+6.171e+03	+3.719e+03	+9.798e+03	+0.376
41.700	+6.689e+03	+3.373e+03	+1.142e+04	+0.335
41.800	+7.649e+03	+2.883e+03	+1.023e+04	+0.274
41.900	+6.655e+03	+3.048e+03	+1.011e+04	+0.314
42.000	+7.688e+03	+3.500e+03	+9.958e+03	+0.313
42.100	+7.070e+03	+1.744e+03	+1.054e+04	+0.198
42.200	+7.962e+03	+4.347e+03	+1.097e+04	+0.353
42.300	+5.248e+03	+2.048e+03	+9.559e+03	+0.281
42.400	+7.393e+03	+2.679e+03	+9.601e+03	+0.266
42.500	+6.089e+03	+2.637e+03	+9.983e+03	+0.302
42.600	+4.946e+03	+4.938e+03	+1.050e+04	+0.500
42.700	+3.495e+03	+7.769e+03	+1.000e+04	+0.690
42.800	+2.817e+03	+8.128e+03	+9.815e+03	+0.743
42.900	+2.270e+03	+5.414e+03	+9.646e+03	+0.705
43.000	+2.328e+03	+7.381e+03	+9.475e+03	+0.760
43.100	+3.371e+03	+7.652e+03	+1.026e+04	+0.694
43.200	+1.730e+03	+5.787e+03	+1.028e+04	+0.770
43.300	+4.342e+03	+5.581e+03	+1.029e+04	+0.562
43.400	+1.524e+03	+6.096e+03	+9.545e+03	+0.800
43.500	+2.366e+03	+8.463e+03	+9.394e+03	+0.782
43.600	+3.058e+03	+7.456e+03	+9.649e+03	+0.709
43.700	+2.584e+03	+7.118e+03	+1.166e+04	+0.734
43.800	+3.072e+03	+8.195e+03	+9.946e+03	+0.727
43.900	+4.086e+03	+6.447e+03	+8.809e+03	+0.612
44.000	+3.664e+03	+7.342e+03	+1.009e+04	+0.667
44.100	+4.115e+03	+6.732e+03	+1.036e+04	+0.621
44.200	+6.688e+03	+3.134e+03	+1.058e+04	+0.319
44.300	+5.566e+03	+2.418e+03	+9.937e+03	+0.303
44.400	+8.434e+03	+2.667e+03	+9.672e+03	+0.240
44.500	+7.716e+03	+1.507e+03	+9.517e+03	+0.163
44.600	+6.515e+03	+2.003e+03	+1.213e+04	+0.235
44.700	+6.969e+03	+3.442e+03	+9.694e+03	+0.331
44.800	+6.939e+03	+3.236e+03	+1.098e+04	+0.318
44.900	+6.489e+03	+4.329e+03	+9.785e+03	+0.400
45.000	+7.205e+03	+2.441e+03	+1.063e+04	+0.253
45.100	+6.859e+03	+3.291e+03	+9.857e+03	+0.324
45.200	+7.069e+03	+2.177e+03	+1.000e+04	+0.235
45.300	+7.469e+03	+2.630e+03	+9.476e+03	+0.260
45.400	+7.328e+03	+3.699e+03	+8.989e+03	+0.335
45.500	+6.504e+03	+4.179e+03	+9.965e+03	+0.391
45.600	+6.978e+03	+3.574e+03	+9.494e+03	+0.339
45.700	+7.689e+03	+3.568e+03	+1.099e+04	+0.317
45.800	+5.907e+03	+3.086e+03	+1.050e+04	+0.343
45.900	+7.479e+03	+3.568e+03	+9.326e+03	+0.323
46.000	+7.876e+03	+3.774e+03	+1.050e+04	+0.324
46.100	+8.735e+03	+3.856e+03	+9.899e+03	+0.306
46.200	+7.557e+03	+2.107e+03	+1.075e+04	+0.218
46.300	+5.844e+03	+2.999e+03	+9.130e+03	+0.339
46.400	+7.804e+03	+3.964e+03	+1.110e+04	+0.337
46.500	+7.055e+03	+3.832e+03	+9.666e+03	+0.352
46.600	+7.362e+03	+3.236e+03	+9.815e+03	+0.305
46.700	+7.075e+03	+3.448e+03	+1.026e+04	+0.328
46.800	+6.512e+03	+2.605e+03	+9.526e+03	+0.286
46.900	+5.698e+03	+3.912e+03	+9.742e+03	+0.407
47.000	+8.349e+03	+4.193e+03	+1.072e+04	+0.334
47.100	+7.403e+03	+3.928e+03	+1.015e+04	+0.347
47.200	+7.430e+03	+2.898e+03	+1.005e+04	+0.281
47.300	+6.061e+03	+3.278e+03	+1.042e+04	+0.351
47.400	+6.370e+03	+3.100e+03	+1.077e+04	+0.327
47.500	+7.537e+03	+2.252e+03	+1.255e+04	+0.230
47.600	+7.169e+03	+1.947e+03	+9.485e+03	+0.214
47.700	+6.893e+03	+1.991e+03	+8.195e+03	+0.224
47.800	+6.250e+03	+2.032e+03	+7.796e+03	+0.245
47.900	+6.743e+03	+3.401e+03	+9.181e+03	+0.335
48.000	+6.582e+03	+2.267e+03	+1.044e+04	+0.256
48.100	+7.688e+03	+3.521e+03	+9.961e+03	+0.314
48.200	+8.093e+03	+3.442e+03	+9.854e+03	+0.298
48.300	+6.129e+03	+2.377e+03	+9.165e+03	+0.279
48.400	+3.572e+03	+6.601e+03	+1.119e+04	+0.649
48.500	+2.357e+03	+7.811e+03	+1.100e+04	+0.768
48.600	+4.712e+03	+6.589e+03	+9.424e+03	+0.583
48.700	+3.998e+03	+7.372e+03	+1.021e+04	+0.648
48.800	+1.366e+03	+7.299e+03	+9.612e+03	+0.842
48.900	+6.102e+03	+3.762e+03	+9.204e+03	+0.381
49.000	+5.242e+03	+3.095e+03	+9.527e+03	+0.371
49.100	+6.476e+03	+3.776e+03	+9.635e+03	+0.368
49.200	+2.366e+03	+7.723e+03	+1.082e+04	+0.766
49.300	+3.061e+03	+8.496e+03	+8.448e+03	+0.735
49.400	+2.793e+03	+7.373e+03	+9.413e+03	+0.725
49.500	+4.892e+03	+3.322e+03	+9.676e+03	+0.404
49.600	+6.506e+03	+2.314e+03	+1.074e+04	+0.262
49.700	+4.297e+03	+5.042e+03	+9.362e+03	+0.540
49.800	+3.894e+03	+6.738e+03	+1.075e+04	+0.634
49.900	+2.568e+03	+7.640e+03	+1.004e+04	+0.748
50.000	+3.058e+03	+6.183e+03	+9.377e+03	+0.669
50.100	+4.462e+03	+6.746e+03	+1.174e+04	+0.602
50.200	+3.100e+03	+8.247e+03	+1.029e+04	+0.727
50.300	+2.647e+03	+6.970e+03	+9.941e+03	+0.725
50.400	+3.562e+03	+8.189e+03	+9.575e+03	+0.697
50.500	+3.735e+03	+6.405e+03	+9.932e+03	+0.632
50.600	+3.003e+03	+6.303e+03	+9.851e+03	+0.677
50.700	+2.338e+03	+7.620e+03	+9.303e+03	+0.765
50.800	+4.291e+03	+7.876e+03	+9.029e+03	+0.647
50.900	+3.378e+03	+6.115e+03	+9.270e+03	+0.644
51.000	+5.898e+03	+3.557e+03	+9.778e+03	+0.376
51.100	+7.212e+03	+3.509e+03	+1.068e+04	+0.327
51.200	+8.252e+03	+5.251e+03	+9.579e+03	+0.389
51.300	+6.330e+03	+3.267e+03	+1.186e+04	+0.340
51.400	+6.886e+03	+2.448e+03	+1.150e+04	+0.262
51.500	+6.466e+03	+2.130e+03	+8.865e+03	+0.248
51.600	+6.687e+03	+1.912e+03	+1.157e+04	+0.222
51.700	+8.255e+03	+4.391e+03	+1.183e+04	+0.347
51.800	+7.244e+03	+2.543e+03	+8.808e+03	+0.260
51.900	+7.023e+03	+3.236e+03	+1.025e+04	+0.315
52.000	+7.495e+03	+1.346e+03	+1.007e+04	+0.152
52.100	+7.821e+03	+3.233e+03	+1.064e+04	+0.292
52.200	+6.511e+03	+2.273e+03	+9.686e+03	+0.259
52.300	+6.942e+03	+3.231e+03	+9.427e+03	+0.318
52.400	+7.260e+03	+3.657e+03	+9.615e+03	+0.335
52.500	+4.903e+03	+3.402e+03	+9.574e+03	+0.410
52.600	+6.941e+03	+3.284e+03	+9.513e+03	+0.321
52.700	+5.532e+03	+3.664e+03	+9.836e+03	+0.398
52.800	+4.070e+03	+6.096e+03	+9.979e+03	+0.600
52.900	+1.836e+03	+7.511e+03	+9.090e+03	+0.804
53.000	+2.688e+03	+8.001e+03	+9.726e+03	+0.749
53.100	+3.437e+03	+6.966e+03	+9.818e+03	+0.670
53.200	+2.764e+03	+7.222e+03	+1.074e+04	+0.723
53.300	+3.142e+03	+7.252e+03	+9.087e+03	+0.698
53.400	+3.234e+03	+5.949e+03	+9.458e+03	+0.648
53.500	+1.405e+03	+6.738e+03	+1.008e+04	+0.827
53.600	+4.024e+03	+8.014e+03	+1.013e+04	+0.666
53.700	+3.176e+03	+7.052e+03	+1.072e+04	+0.690
53.800	+3.216e+03	+5.972e+03	+1.025e+04	+0.650
53.900	+3.025e+03	+6.399e+03	+1.113e+04	+0.679
54.000	+3.645e+03	+6.817e+03	+1.050e+04	+0.652
54.100	+2.454e+03	+7.143e+03	+9.651e+03	+0.744
54.200	+1.644e+03	+7.745e+03	+9.802e+03	+0.825
54.300	+1.831e+03	+7.452e+03	+9.979e+03	+0.803
54.400	+3.299e+03	+6.638e+03	+1.068e+04	+0.668
54.500	+4.339e+03	+7.085e+03	+1.039e+04	+0.620
54.600	+2.821e+03	+8.043e+03	+9.494e+03	+0.740
54.700	+2.133e+03	+7.675e+03	+9.249e+03	+0.783
54.800	+2.421e+02	+7.195e+03	+9.674e+03	+0.967
54.900	+4.612e+03	+6.722e+03	+1.072e+04	+0.593
55.000	+2.957e+03	+8.518e+03	+9.968e+03	+0.742
55.100	+2.515e+03	+7.409e+03	+9.868e+03	+0.747
55.200	+2.646e+03	+8.455e+03	+1.007e+04	+0.762
55.300	+3.560e+03	+6.809e+03	+9.243e+03	+0.657
55.400	+3.342e+03	+6.143e+03	+9.640e+03	+0.648
55.500	+4.128e+03	+6.164e+03	+1.026e+04	+0.599
55.600	+3.037e+03	+5.728e+03	+1.071e+04	+0.654
55.700	+2.380e+03	+6.987e+03	+9.858e+03	+0.746
55.800	+1.809e+03	+7.720e+03	+1.087e+04	+0.810
55.900	+3.341e+03	+6.152e+03	+1.027e+04	+0.648
56.000	+2.158e+03	+8.125e+03	+9.714e+03	+0.790
56.100	+4.396e+03	+4.854e+03	+1.001e+04	+0.525
56.200	+3.158e+03	+8.359e+03	+1.114e+04	+0.726
56.300	+4.202e+03	+5.870e+03	+9.534e+03	+0.583
56.400	+2.811e+03	+6.687e+03	+1.064e+04	+0.704
56.500	+1.679e+03	+7.317e+03	+8.970e+03	+0.813
56.600	+2.018e+03	+6.735e+03	+9.660e+03	+0.769
56.700	+2.666e+03	+6.495e+03	+7.867e+03	+0.709
56.800	+3.321e+03	+7.856e+03	+8.249e+03	+0.703
56.900	+3.312e+03	+9.056e+03	+1.037e+04	+0.732
57.000	+3.131e+03	+6.075e+03	+9.070e+03	+0.660
57.100	+3.534e+03	+5.585e+03	+1.045e+04	+0.612
57.200	+3.230e+03	+6.946e+03	+9.673e+03	+0.683
57.300	+2.711e+03	+6.680e+03	+9.058e+03	+0.711
57.400	+4.316e+03	+6.766e+03	+1.056e+04	+0.611
57.500	+3.210e+03	+7.121e+03	+9.535e+03	+0.689
57.600	+3.244e+03	+7.751e+03	+1.162e+04	+0.705
57.700	+4.497e+03	+7.131e+03	+1.088e+04	+0.613
57.800	+3.000e+03	+5.639e+03	+1.034e+04	+0.653
57.900	+3.141e+03	+8.109e+03	+1.024e+04	+0.721
58.000	+4.015e+03	+6.436e+03	+8.633e+03	+0.616
58.100	+1.119e+03	+5.980e+03	+1.007e+04	+0.842
58.200	+4.318e+03	+5.271e+03	+1.022e+04	+0.550
58.300	+7.452e+03	+2.952e+03	+8.834e+03	+0.284
58.400	+6.688e+03	+3.383e+03	+9.755e+03	+0.336
58.500	+7.323e+03	+1.884e+03	+1.086e+04	+0.205
58.600	+6.675e+03	+3.714e+03	+9.789e+03	+0.357
58.700	+7.271e+03	+3.389e+03	+9.240e+03	+0.318
58.800	+6.794e+03	+2.257e+03	+9.457e+03	+0.249
58.900	+7.152e+03	+3.137e+03	+1.024e+04	+0.305
59.000	+6.515e+03	+1.752e+03	+9.620e+03	+0.212
59.100	+2.340e+03	+7.479e+03	+1.001e+04	+0.762
59.200	+3.017e+03	+5.804e+03	+1.131e+04	+0.658
59.300	+3.600e+03	+6.753e+03	+1.137e+04	+0.652
59.400	+2.438e+03	+7.809e+03	+8.729e+03	+0.762
59.500	+2.990e+03	+6.628e+03	+1.050e+04	+0.689
59.600	+2.957e+03	+7.362e+03	+9.041e+03	+0.713
59.700	+3.749e+03	+7.232e+03	+1.088e+04	+0.659
59.800	+2.906e+03	+7.612e+03	+1.083e+04	+0.724
59.900	+2.333e+03	+7.788e+03	+8.155e+03	+0.770
60.000	+3.129e+03	+6.868e+03	+9.675e+03	+0.687
60.100	+3.523e+03	+6.786e+03	+9.496e+03	+0.658
60.200	+3.525e+03	+6.587e+03	+1.146e+04	+0.651
60.300	+2.417e+03	+7.170e+03	+1.008e+04	+0.748
60.400	+3.324e+03	+6.089e+03	+8.784e+03	+0.647
60.500	+3.527e+03	+6.833e+03	+9.884e+03	+0.660
60.600	+2.612e+03	+5.771e+03	+9.801e+03	+0.688
60.700	+3.867e+03	+7.868e+03	+1.057e+04	+0.670
60.800	+4.291e+03	+6.935e+03	+1.004e+04	+0.618
60.900	+2.167e+03	+7.892e+03	+9.972e+03	+0.785
61.000	+2.141e+03	+5.413e+03	+1.016e+04	+0.717
61.100	+3.342e+03	+7.277e+03	+1.095e+04	+0.685
61.200	+2.450e+03	+5.912e+03	+1.068e+04	+0.707
61.300	+2.820e+03	+6.599e+03	+1.074e+04	+0.701
61.400	+1.671e+03	+6.557e+03	+1.015e+04	+0.797
61.500	+3.661e+03	+6.961e+03	+1.096e+04	+0.655
61.600	+3.507e+03	+7.453e+03	+1.111e+04	+0.680
61.700	+4.605e+03	+6.789e+03	+9.718e+03	+0.596
61.800	+2.415e+03	+7.315e+03	+9.559e+03	+0.752
61.900	+3.509e+03	+6.851e+03	+1.046e+04	+0.661
62.000	+3.695e+03	+8.335e+03	+9.821e+03	+0.693
62.100	+2.877e+03	+7.851e+03	+8.965e+03	+0.732
62.200	+4.453e+03	+6.240e+03	+1.062e+04	+0.584
62.300	+7.285e+03	+2.593e+03	+1.015e+04	+0.262
62.400	+8.229e+03	+3.422e+03	+1.008e+04	+0.294
62.500	+7.396e+03	+3.961e+03	+1.080e+04	+0.349
62.600	+6.550e+03	+5.020e+03	+1.006e+04	+0.434
62.700	+6.544e+03	+3.337e+03	+1.148e+04	+0.338
62.800	+6.853e+03	+1.551e+03	+9.789e+03	+0.185
62.900	+7.711e+03	+2.923e+03	+9.459e+03	+0.275
63.000	+7.575e+03	+2.869e+03	+1.007e+04	+0.275
63.100	+7.159e+03	+3.966e+03	+9.731e+03	+0.356
63.200	+7.883e+03	+2.057e+03	+1.051e+04	+0.207
63.300	+7.369e+03	+4.074e+03	+9.752e+03	+0.356
63.400	+7.726e+03	+6.288e+02	+1.043e+04	+0.075
63.500	+7.132e+03	+1.868e+03	+1.043e+04	+0.208
63.600	+6.639e+03	+2.039e+03	+9.769e+03	+0.235
63.700	+8.071e+03	+1.893e+03	+9.465e+03	+0.190
63.800	+6.898e+03	+1.783e+03	+1.027e+04	+0.205
63.900	+7.405e+03	+2.832e+03	+9.914e+03	+0.277
64.000	+7.237e+03	+2.996e+03	+8.857e+03	+0.293
64.100	+7.202e+03	+1.930e+03	+1.055e+04	+0.211
64.200	+7.144e+03	+3.487e+03	+9.430e+03	+0.328
64.300	+6.870e+03	+3.067e+03	+9.453e+03	+0.309
64.400	+6.796e+03	+2.093e+03	+1.005e+04	+0.235
64.500	+6.728e+03	+2.401e+03	+1.075e+04	+0.263
64.600	+6.036e+03	+3.920e+03	+9.688e+03	+0.394
64.700	+6.944e+03	+1.769e+03	+9.217e+03	+0.203
64.800	+7.073e+03	+3.110e+03	+9.058e+03	+0.305
64.900	+7.129e+03	+4.644e+03	+1.042e+04	+0.394
65.000	+8.235e+03	+3.511e+03	+1.113e+04	+0.299
65.100	+5.452e+03	+3.482e+03	+9.435e+03	+0.390
65.200	+7.524e+03	+2.294e+03	+9.670e+03	+0.234
65.300	+8.306e+03	+3.358e+03	+1.023e+04	+0.288
65.400	+6.329e+03	+3.461e+03	+1.073e+04	+0.354
65.500	+7.294e+03	+2.508e+03	+1.064e+04	+0.256
65.600	+8.218e+03	+2.515e+03	+1.164e+04	+0.234
65.700	+7.205e+03	+2.990e+03	+7.386e+03	+0.293
65.800	+6.813e+03	+2.469e+03	+8.871e+03	+0.266
65.900	+6.448e+03	+1.644e+03	+9.909e+03	+0.203
66.000	+6.665e+03	+2.846e+03	+9.761e+03	+0.299
66.100	+4.905e+03	+2.500e+03	+7.896e+03	+0.338
66.200	+7.820e+03	+2.060e+03	+1.058e+04	+0.209
66.300	+8.153e+03	+2.335e+03	+1.106e+04	+0.223
66.400	+8.327e+03	+3.162e+03	+8.871e+03	+0.275
66.500	+8.447e+03	+2.667e+03	+9.594e+03	+0.240
66.600	+7.515e+03	+2.600e+03	+8.219e+03	+0.257
66.700	+6.577e+03	+1.552e+03	+1.009e+04	+0.191
66.800	+7.422e+03	+1.959e+03	+1.073e+04	+0.209
66.900	+6.345e+03	+3.429e+03	+9.193e+03	+0.351
67.000	+7.080e+03	+1.997e+03	+9.824e+03	+0.220
67.100	+7.340e+03	+3.623e+03	+1.044e+04	+0.331
67.200	+7.024e+03	+4.101e+03	+1.024e+04	+0.369
67.300	+7.326e+03	+2.492e+03	+9.845e+03	+0.254
67.400	+8.007e+03	+3.051e+03	+8.654e+03	+0.276
67.500	+6.569e+03	+2.354e+03	+8.356e+03	+0.264
67.600	+6.415e+03	+2.818e+03	+8.703e+03	+0.305
67.700	+5.663e+03	+3.049e+03	+9.246e+03	+0.350
67.800	+7.375e+03	+1.995e+03	+9.447e+03	+0.213
67.900	+3.074e+03	+7.054e+03	+9.332e+03	+0.696
68.000	+3.376e+03	+6.223e+03	+1.071e+04	+0.648
68.100	+3.348e+03	+8.066e+03	+9.798e+03	+0.707
68.200	+2.429e+03	+5.783e+03	+1.078e+04	+0.704
68.300	+5.268e+03	+6.802e+03	+1.038e+04	+0.564
68.400	+1.818e+03	+6.287e+03	+9.746e+03	+0.776
68.500	+4.134e+03	+6.416e+03	+1.036e+04	+0.608
68.600	+3.695e+03	+6.923e+03	+1.013e+04	+0.652
68.700	+3.054e+03	+6.561e+03	+1.067e+04	+0.682
68.800	+3.047e+03	+7.500e+03	+1.039e+04	+0.711
68.900	+2.944e+03	+7.373e+03	+1.041e+04	+0.715
69.000	+2.574e+03	+6.935e+03	+1.003e+04	+0.729
69.100	+3.649e+03	+7.271e+03	+1.116e+04	+0.666
69.200	+4.082e+03	+5.758e+03	+1.015e+04	+0.585
69.300	+7.882e+03	+3.181e+03	+1.017e+04	+0.288
69.400	+5.819e+03	+2.472e+03	+9.218e+03	+0.298
69.500	+6.308e+03	+3.325e+03	+1.029e+04	+0.345
69.600	+6.947e+03	+4.478e+03	+1.068e+04	+0.392
69.700	+8.318e+03	+3.326e+03	+1.071e+04	+0.286
69.800	+6.366e+03	+5.496e+03	+1.078e+04	+0.463
69.900	+8.640e+03	+2.338e+03	+8.821e+03	+0.213
70.000	+7.475e+03	+3.167e+03	+1.017e+04	+0.298
70.100	+3.696e+03	+5.605e+03	+9.095e+03	+0.603
70.200	+3.670e+03	+6.871e+03	+1.067e+04	+0.652
70.300	+6.403e+03	+4.833e+03	+1.003e+04	+0.430
70.400	+6.142e+03	+2.944e+03	+8.329e+03	+0.324
70.500	+3.576e+03	+7.251e+03	+9.886e+03	+0.670
70.600	+6.665e+03	+3.766e+03	+1.037e+04	+0.361
70.700	+6.989e+03	+2.539e+03	+1.117e+04	+0.266
70.800	+7.013e+03	+2.448e+03	+1.010e+04	+0.259
70.900	+6.988e+03	+4.224e+03	+1.032e+04	+0.377
71.000	+7.612e+03	+1.585e+03	+9.676e+03	+0.172
71.100	+6.220e+03	+3.125e+03	+9.998e+03	+0.334
71.200	+7.389e+03	+2.766e+03	+9.015e+03	+0.272
71.300	+7.449e+03	+1.767e+03	+1.075e+04	+0.192
71.400	+5.690e+03	+4.326e+03	+9.624e+03	+0.432
71.500	+3.806e+03	+8.141e+03	+9.731e+03	+0.681
71.600	+1.368e+03	+7.911e+03	+1.014e+04	+0.853
71.700	+2.998e+03	+6.624e+03	+9.725e+03	+0.688
71.800	+2.821e+03	+7.096e+03	+1.045e+04	+0.716
71.900	+4.130e+03	+5.580e+03	+1.009e+04	+0.575
72.000	+1.537e+03	+6.510e+03	+9.221e+03	+0.809
72.100	+3.233e+03	+7.079e+03	+9.385e+03	+0.686
72.200	+2.764e+03	+7.095e+03	+8.827e+03	+0.720
72.300	+2.855e+03	+6.412e+03	+1.087e+04	+0.692
72.400	+2.212e+03	+7.549e+03	+9.540e+03	+0.773
72.500	+2.291e+03	+6.672e+03	+9.398e+03	+0.744
72.600	+4.009e+03	+7.042e+03	+9.762e+03	+0.637
72.700	+3.010e+03	+6.977e+03	+9.127e+03	+0.699
72.800	+1.738e+03	+6.766e+03	+1.051e+04	+0.796
72.900	+3.143e+03	+7.310e+03	+9.897e+03	+0.699
73.000	+2.849e+03	+7.693e+03	+9.635e+03	+0.730
73.100	+2.806e+03	+5.984e+03	+1.101e+04	+0.681
73.200	+4.433e+03	+7.826e+03	+1.060e+04	+0.638
73.300	+2.831e+03	+6.301e+03	+9.873e+03	+0.690
73.400	+3.771e+03	+7.781e+03	+1.014e+04	+0.674
73.500	+4.173e+03	+7.834e+03	+9.858e+03	+0.652
73.600	+2.567e+03	+7.389e+03	+8.815e+03	+0.742
73.700	+2.815e+03	+7.657e+03	+9.460e+03	+0.731
73.800	+3.094e+03	+6.030e+03	+1.020e+04	+0.661
73.900	+3.584e+03	+7.610e+03	+1.117e+04	+0.680
74.000	+2.111e+03	+7.915e+03	+1.020e+04	+0.789
74.100	+3.596e+03	+6.979e+03	+1.096e+04	+0.660
74.200	+2.299e+03	+7.553e+03	+8.800e+03	+0.767
74.300	+2.417e+03	+5.303e+03	+9.787e+03	+0.687
74.400	+2.233e+03	+6.448e+03	+9.737e+03	+0.743
74.500	+8.069e+03	+2.889e+03	+9.784e+03	+0.264
74.600	+6.800e+03	+3.258e+03	+1.078e+04	+0.324
74.700	+6.103e+03	+2.738e+03	+9.867e+03	+0.310
74.800	+7.310e+03	+3.362e+03	+1.141e+04	+0.315
74.900	+7.110e+03	+3.215e+03	+9.316e+03	+0.311
75.000	+7.224e+03	+5.074e+03	+9.888e+03	+0.413
75.100	+7.827e+03	+2.135e+03	+9.899e+03	+0.214
75.200	+7.220e+03	+1.686e+03	+1.080e+04	+0.189
75.300	+5.250e+03	+3.328e+03	+1.098e+04	+0.388
75.400	+7.645e+03	+2.173e+03	+8.875e+03	+0.221
75.500	+7.679e+03	+2.830e+03	+1.004e+04	+0.269
75.600	+6.843e+03	+2.725e+03	+1.029e+04	+0.285
75.700	+5.482e+03	+3.981e+03	+1.003e+04	+0.421
75.800	+6.599e+03	+2.247e+03	+9.870e+03	+0.254
75.900	+6.127e+03	+2.966e+03	+1.097e+04	+0.326
76.000	+4.629e+03	+2.264e+03	+1.036e+04	+0.328
76.100	+6.455e+03	+2.385e+03	+1.029e+04	+0.270
76.200	+6.691e+03	+4.574e+03	+9.840e+03	+0.406
76.300	+3.449e+03	+7.090e+03	+9.722e+03	+0.673
76.400	+2.025e+03	+7.089e+03	+1.017e+04	+0.778
76.500	+3.114e+03	+7.372e+03	+1.070e+04	+0.703
76.600	+3.580e+03	+7.070e+03	+1.092e+04	+0.664
76.700	+2.792e+03	+5.480e+03	+1.061e+04	+0.662
76.800	+4.230e+03	+7.319e+03	+1.063e+04	+0.634
76.900	+7.677e+03	+3.980e+03	+9.144e+03	+0.341
77.000	+8.264e+03	+1.896e+03	+1.032e+04	+0.187
77.100	+3.931e+03	+6.250e+03	+9.920e+03	+0.614
77.200	+4.151e+03	+6.679e+03	+1.038e+04	+0.617
77.300	+2.185e+03	+7.338e+03	+9.208e+03	+0.771
77.400	+3.057e+03	+7.380e+03	+1.082e+04	+0.707
77.500	+2.076e+03	+7.187e+03	+9.855e+03	+0.776
77.600	+3.588e+03	+6.445e+03	+9.892e+03	+0.642
77.700	+1.724e+03	+7.168e+03	+1.103e+04	+0.806
77.800	+4.076e+03	+6.124e+03	+1.068e+04	+0.600
77.900	+2.972e+03	+6.112e+03	+9.318e+03	+0.673
78.000	+2.659e+03	+6.925e+03	+1.154e+04	+0.723
78.100	+2.974e+03	+6.982e+03	+9.030e+03	+0.701
78.200	+5.778e+03	+4.168e+03	+1.034e+04	+0.419
78.300	+6.454e+03	+2.485e+03	+1.017e+04	+0.278
78.400	+4.824e+03	+4.846e+03	+1.038e+04	+0.501
78.500	+2.926e+03	+5.670e+03	+9.246e+03	+0.660
78.600	+2.937e+03	+6.829e+03	+1.008e+04	+0.699
78.700	+2.879e+03	+6.778e+03	+1.050e+04	+0.702
78.800	+4.102e+02	+8.431e+03	+9.688e+03	+0.954
78.900	+2.241e+03	+6.310e+03	+9.035e+03	+0.738
79.000	+3.880e+03	+6.983e+03	+1.068e+04	+0.643
79.100	+2.479e+03	+6.139e+03	+1.152e+04	+0.712
79.200	+2.812e+03	+5.766e+03	+9.934e+03	+0.672
79.300	+1.181e+03	+6.639e+03	+9.697e+03	+0.849
79.400	+5.026e+03	+7.538e+03	+9.218e+03	+0.600
79.500	+3.428e+03	+6.832e+03	+1.020e+04	+0.666
79.600	+4.121e+03	+8.701e+03	+1.015e+04	+0.679
79.700	+1.848e+03	+5.975e+03	+1.030e+04	+0.764
79.800	+1.505e+03	+8.294e+03	+9.701e+03	+0.846
79.900	+2.054e+03	+7.682e+03	+8.952e+03	+0.789
80.000	+3.127e+03	+8.049e+03	+8.641e+03	+0.720
80.100	+3.709e+03	+5.584e+03	+1.059e+04	+0.601
80.200	+2.961e+03	+8.291e+03	+1.118e+04	+0.737
80.300	+4.472e+03	+6.929e+03	+1.052e+04	+0.608
80.400	+4.824e+03	+6.218e+03	+1.013e+04	+0.563
80.500	+3.594e+03	+7.153e+03	+1.031e+04	+0.666
80.600	+2.794e+03	+7.332e+03	+9.732e+03	+0.724
80.700	+3.601e+03	+6.075e+03	+1.062e+04	+0.628
80.800	+2.190e+03	+6.904e+03	+8.955e+03	+0.759
80.900	+4.879e+03	+6.603e+03	+9.918e+03	+0.575
81.000	+4.193e+03	+6.567e+03	+1.077e+04	+0.610
81.100	+4.007e+03	+5.701e+03	+1.015e+04	+0.587
81.200	+7.866e+03	+2.792e+03	+9.076e+03	+0.262
81.300	+4.295e+03	+5.502e+03	+1.077e+04	+0.562
81.400	+3.277e+03	+9.585e+03	+1.095e+04	+0.745
81.500	+3.192e+03	+7.037e+03	+9.464e+03	+0.688
81.600	+3.325e+03	+7.277e+03	+1.106e+04	+0.686
81.700	+2.403e+03	+7.975e+03	+1.056e+04	+0.768
81.800	+1.725e+03	+7.346e+03	+1.051e+04	+0.810
81.900	+2.718e+03	+8.019e+03	+9.867e+03	+0.747
82.000	+2.428e+03	+7.964e+03	+1.101e+04	+0.766
82.100	+2.040e+03	+6.146e+03	+1.073e+04	+0.751
82.200	+3.078e+03	+6.407e+03	+1.071e+04	+0.676
82.300	+5.745e+03	+4.917e+03	+8.817e+03	+0.461
82.400	+8.890e+03	+2.604e+03	+1.014e+04	+0.227
82.500	+6.379e+03	+4.511e+03	+1.057e+04	+0.414
82.600	+3.269e+03	+5.744e+03	+1.070e+04	+0.637
82.700	+3.166e+03	+7.949e+03	+1.036e+04	+0.715
82.800	+2.436e+03	+7.254e+03	+9.562e+03	+0.749
82.900	+5.072e+03	+5.542e+03	+1.005e+04	+0.522
83.000	+6.218e+03	+2.321e+03	+1.111e+04	+0.272
83.100	+7.884e+03	+4.517e+03	+8.047e+03	+0.364
83.200	+6.483e+03	+2.704e+03	+9.066e+03	+0.294
83.300	+7.887e+03	+3.919e+03	+1.004e+04	+0.332
83.400	+7.956e+03	+3.222e+03	+1.028e+04	+0.288
83.500	+3.598e+03	+4.837e+03	+8.907e+03	+0.573
83.600	+3.741e+03	+8.191e+03	+1.181e+04	+0.686
83.700	+4.797e+03	+5.228e+03	+1.061e+04	+0.522
83.800	+6.635e+03	+4.110e+03	+1.057e+04	+0.382
83.900	+7.158e+03	+3.156e+03	+1.042e+04	+0.306
84.000	+7.391e+03	+4.806e+03	+1.017e+04	+0.394
84.100	+6.802e+03	+3.562e+03	+8.645e+03	+0.344
84.200	+6.600e+03	+3.176e+03	+8.971e+03	+0.325
84.300	+4.003e+03	+5.742e+03	+1.076e+04	+0.589
84.400	+2.963e+03	+6.547e+03	+1.041e+04	+0.688
84.500	+3.294e+03	+6.312e+03	+1.039e+04	+0.657
84.600	+3.882e+03	+6.350e+03	+1.155e+04	+0.621
84.700	+7.281e+03	+2.671e+03	+1.031e+04	+0.268
84.800	+6.312e+03	+4.186e+03	+9.063e+03	+0.399
84.900	+7.595e+03	+2.215e+03	+1.108e+04	+0.226
85.000	+6.277e+03	+3.668e+03	+9.390e+03	+0.369
85.100	+7.123e+03	+4.273e+03	+1.092e+04	+0.375
85.200	+6.604e+03	+3.448e+03	+1.029e+04	+0.343
85.300	+7.802e+03	+3.763e+03	+9.065e+03	+0.325
85.400	+6.564e+03	+2.912e+03	+9.939e+03	+0.307
85.500	+6.166e+03	+2.916e+03	+9.294e+03	+0.321
85.600	+7.091e+03	+3.332e+03	+1.059e+04	+0.320
85.700	+6.775e+03	+2.369e+03	+1.085e+04	+0.259
85.800	+6.857e+03	+3.577e+03	+1.076e+04	+0.343
85.900	+7.063e+03	+1.969e+03	+9.832e+03	+0.218
86.000	+6.666e+03	+2.098e+03	+8.485e+03	+0.239
86.100	+4.518e+03	+4.875e+03	+9.646e+03	+0.519
86.200	+2.534e+03	+7.357e+03	+9.587e+03	+0.744
86.300	+3.216e+03	+6.299e+03	+9.651e+03	+0.662
86.400	+2.154e+03	+7.778e+03	+9.525e+03	+0.783
86.500	+4.362e+03	+7.172e+03	+9.478e+03	+0.622
86.600	+3.418e+03	+7.221e+03	+1.067e+04	+0.679
86.700	+3.265e+03	+7.301e+03	+1.024e+04	+0.691
86.800	+3.600e+03	+7.380e+03	+1.053e+04	+0.672
86.900	+4.375e+03	+7.643e+03	+9.611e+03	+0.636
87.000	+2.313e+03	+7.074e+03	+1.033e+04	+0.754
87.100	+2.641e+03	+6.423e+03	+9.119e+03	+0.709
87.200	+2.863e+03	+6.348e+03	+1.094e+04	+0.689
87.300	+2.857e+03	+7.448e+03	+1.088e+04	+0.723
87.400	+2.539e+03	+8.022e+03	+9.341e+03	+0.760
87.500	+3.264e+03	+7.998e+03	+1.014e+04	+0.710
87.600	+2.703e+03	+7.544e+03	+1.043e+04	+0.736
87.700	+3.964e+03	+6.959e+03	+9.881e+03	+0.637
87.800	+3.241e+03	+6.927e+03	+1.085e+04	+0.681
87.900	+2.279e+03	+7.436e+03	+9.219e+03	+0.765
88.000	+1.929e+03	+7.892e+03	+9.891e+03	+0.804
88.100	+2.664e+03	+6.799e+03	+1.068e+04	+0.718
88.200	+4.431e+03	+7.001e+03	+1.010e+04	+0.612
88.300	+4.407e+03	+4.536e+03	+1.063e+04	+0.507
88.400	+7.869e+03	+1.962e+03	+1.024e+04	+0.200
88.500	+7.278e+03	+2.179e+03	+8.939e+03	+0.230
88.600	+7.649e+03	+2.434e+03	+1.086e+04	+0.241
88.700	+2.390e+03	+6.520e+03	+1.165e+04	+0.732
88.800	+2.477e+03	+5.067e+03	+1.127e+04	+0.672
88.900	+4.757e+03	+7.901e+03	+1.059e+04	+0.624
89.000	+3.496e+03	+6.034e+03	+9.756e+03	+0.633
89.100	+3.308e+03	+5.796e+03	+1.030e+04	+0.637
89.200	+3.104e+03	+5.553e+03	+1.051e+04	+0.641
89.300	+3.343e+03	+6.248e+03	+9.539e+03	+0.651
89.400	+1.813e+03	+7.021e+03	+9.083e+03	+0.795
89.500	+2.163e+03	+7.333e+03	+8.203e+03	+0.772
89.600	+2.890e+03	+8.267e+03	+1.060e+04	+0.741
89.700	+2.343e+03	+7.368e+03	+1.145e+04	+0.759
89.800	+3.410e+03	+6.763e+03	+1.168e+04	+0.665
89.900	+2.242e+03	+8.240e+03	+9.510e+03	+0.786
90.000	+2.259e+03	+6.597e+03	+1.032e+04	+0.745
90.100	+1.779e+03	+8.517e+03	+9.170e+03	+0.827
90.200	+4.002e+03	+6.615e+03	+1.084e+04	+0.623
90.300	+3.220e+03	+6.342e+03	+8.755e+03	+0.663
90.400	+2.678e+03	+7.584e+03	+1.066e+04	+0.739
90.500	+3.019e+03	+6.521e+03	+9.605e+03	+0.684
90.600	+2.690e+03	+6.833e+03	+9.813e+03	+0.718
90.700	+2.195e+03	+7.276e+03	+9.588e+03	+0.768
90.800	+4.392e+03	+5.153e+03	+9.924e+03	+0.540
90.900	+7.776e+03	+2.648e+03	+9.840e+03	+0.254
91.000	+7.893e+03	+3.798e+03	+1.054e+04	+0.325
91.100	+5.257e+03	+1.313e+03	+9.821e+03	+0.200
91.200	+7.779e+03	+3.680e+03	+8.617e+03	+0.321
91.300	+6.530e+03	+2.991e+03	+1.037e+04	+0.314
91.400	+6.860e+03	+2.635e+03	+9.326e+03	+0.277
91.500	+5.153e+03	+3.071e+03	+1.002e+04	+0.373
91.600	+4.056e+03	+7.099e+03	+1.141e+04	+0.636
91.700	+3.001e+03	+7.211e+03	+1.041e+04	+0.706
91.800	+3.723e+03	+6.529e+03	+9.977e+03	+0.637
91.900	+2.914e+03	+7.300e+03	+9.690e+03	+0.715
92.000	+4.082e+03	+6.555e+03	+1.014e+04	+0.616
92.100	+3.524e+03	+7.145e+03	+9.516e+03	+0.670
92.200	+2.331e+03	+6.607e+03	+9.717e+03	+0.739
92.300	+3.048e+03	+7.717e+03	+9.980e+03	+0.717
92.400	+2.322e+03	+6.994e+03	+9.920e+03	+0.751
92.500	+2.044e+03	+6.808e+03	+1.003e+04	+0.769
92.600	+2.636e+03	+6.115e+03	+9.944e+03	+0.699
92.700	+3.534e+03	+7.648e+03	+9.017e+03	+0.684
92.800	+2.325e+03	+5.590e+03	+1.049e+04	+0.706
92.900	+2.780e+03	+6.592e+03	+1.088e+04	+0.703
93.000	+2.508e+03	+7.200e+03	+1.054e+04	+0.742
93.100	+2.475e+03	+6.297e+03	+1.011e+04	+0.718
93.200	+2.294e+03	+7.740e+03	+1.013e+04	+0.771
93.300	+1.769e+03	+7.306e+03	+1.042e+04	+0.805
93.400	+2.361e+03	+7.828e+03	+8.994e+03	+0.768
93.500	+3.185e+03	+8.584e+03	+1.085e+04	+0.729
93.600	+3.400e+03	+8.549e+03	+9.319e+03	+0.715
93.700	+2.445e+03	+7.873e+03	+9.372e+03	+0.763
93.800	+3.331e+03	+7.130e+03	+9.078e+03	+0.682
93.900	+2.709e+03	+6.380e+03	+1.017e+04	+0.702
94.000	+2.670e+03	+7.144e+03	+1.022e+04	+0.728
94.100	+3.534e+03	+6.746e+03	+8.908e+03	+0.656
94.200	+2.486e+03	+7.127e+03	+9.338e+03	+0.741
94.300	+2.595e+03	+7.068e+03	+1.134e+04	+0.731
94.400	+5.750e+03	+3.924e+03	+1.001e+04	+0.406
94.500	+7.968e+03	+1.795e+03	+1.036e+04	+0.184
94.600	+6.490e+03	+3.427e+03	+1.005e+04	+0.346
94.700	+6.117e+03	+4.229e+03	+1.015e+04	+0.409
94.800	+4.763e+03	+3.985e+03	+1.123e+04	+0.456
94.900	+7.256e+03	+1.865e+03	+9.653e+03	+0.204
95.000	+7.172e+03	+2.296e+03	+9.309e+03	+0.243
95.100	+6.538e+03	+3.782e+03	+9.309e+03	+0.366
95.200	+7.920e+03	+2.914e+03	+1.036e+04	+0.269
95.300	+6.761e+03	+1.986e+03	+1.066e+04	+0.227
95.400	+7.097e+03	+4.563e+03	+1.048e+04	+0.391
95.500	+6.420e+03	+4.857e+03	+1.128e+04	+0.431
95.600	+7.425e+03	+2.142e+03	+8.056e+03	+0.224
95.700	+6.796e+03	+3.890e+03	+1.078e+04	+0.364
95.800	+7.042e+03	+2.317e+03	+1.079e+04	+0.248
95.900	+5.726e+03	+2.984e+03	+1.161e+04	+0.343
96.000	+6.918e+03	+1.120e+03	+1.106e+04	+0.139
96.100	+6.355e+03	+3.421e+03	+1.211e+04	+0.350
96.200	+7.147e+03	+3.382e+03	+9.644e+03	+0.321
96.300	+6.646e+03	+4.408e+03	+9.825e+03	+0.399
96.400	+6.841e+03	+2.469e+03	+7.996e+03	+0.265
96.500	+7.876e+03	+3.204e+03	+1.115e+04	+0.289
96.600	+4.954e+03	+3.587e+03	+9.353e+03	+0.420
96.700	+5.896e+03	+1.832e+03	+9.650e+03	+0.237
96.800	+6.254e+03	+1.558e+03	+1.160e+04	+0.199
96.900	+7.723e+03	+2.678e+03	+9.662e+03	+0.257
97.000	+9.115e+03	+2.924e+03	+9.109e+03	+0.243
97.100	+7.965e+03	+3.208e+03	+1.088e+04	+0.287
97.200	+7.387e+03	+1.575e+03	+9.504e+03	+0.176
97.300	+8.467e+03	+2.771e+03	+9.355e+03	+0.247
97.400	+6.841e+03	+3.388e+03	+1.070e+04	+0.331
97.500	+7.259e+03	+3.825e+03	+9.783e+03	+0.345
97.600	+7.433e+03	+2.749e+03	+9.652e+03	+0.270
97.700	+6.695e+03	+2.880e+03	+1.071e+04	+0.301
97.800	+6.959e+03	+2.935e+03	+8.766e+03	+0.297
97.900	+5.312e+03	+1.791e+03	+1.195e+04	+0.252
98.000	+7.112e+03	+2.694e+03	+9.846e+03	+0.275
98.100	+5.147e+03	+2.483e+03	+1.006e+04	+0.325
98.200	+4.208e+03	+6.852e+03	+1.136e+04	+0.619
98.300	+2.959e+03	+7.318e+03	+9.848e+03	+0.712
98.400	+3.604e+03	+5.403e+03	+1.019e+04	+0.600
98.500	+2.790e+03	+6.911e+03	+9.959e+03	+0.712
98.600	+3.325e+03	+6.759e+03	+1.038e+04	+0.670
98.700	+2.923e+03	+7.225e+03	+9.909e+03	+0.712
98.800	+4.382e+03	+6.987e+03	+9.895e+03	+0.615
98.900	+6.610e+03	+3.132e+03	+9.913e+03	+0.322
99.000	+8.275e+03	+4.129e+03	+9.814e+03	+0.333
99.100	+6.721e+03	+2.559e+03	+9.624e+03	+0.276
99.200	+7.460e+03	+3.218e+03	+9.685e+03	+0.301
99.300	+5.943e+03	+2.648e+03	+8.856e+03	+0.308
99.400	+6.330e+03	+3.939e+03	+8.996e+03	+0.384
99.500	+6.646e+03	+3.830e+03	+1.044e+04	+0.366
99.600	+5.652e+03	+2.654e+03	+9.729e+03	+0.320
99.700	+2.987e+03	+7.319e+03	+1.046e+04	+0.710
99.800	+2.973e+03	+7.948e+03	+1.017e+04	+0.728
99.900	+3.484e+03	+6.430e+03	+1.167e+04	+0.649
100.000	+2.895e+03	+6.690e+03	+1.111e+04	+0.698
100.100	+3.076e+03	+5.908e+03	+8.665e+03	+0.658
100.200	+2.736e+03	+6.959e+03	+9.440e+03	+0.718
100.300	+3.530e+03	+6.091e+03	+1.071e+04	+0.633
100.400	+3.917e+03	+5.963e+03	+9.813e+03	+0.604
100.500	+2.122e+03	+7.497e+03	+9.088e+03	+0.779
100.600	+2.449e+03	+8.296e+03	+9.694e+03	+0.772
100.700	+3.702e+03	+7.095e+03	+9.837e+03	+0.657
100.800	+3.033e+03	+8.246e+03	+8.246e+03	+0.731
100.900	+3.459e+03	+6.701e+03	+1.113e+04	+0.660
101.000	+3.018e+03	+7.750e+03	+8.928e+03	+0.720
101.100	+3.420e+03	+5.443e+03	+9.334e+03	+0.614
101.200	+1.321e+03	+6.873e+03	+1.122e+04	+0.839
101.300	+3.444e+03	+6.882e+03	+9.103e+03	+0.667
101.400	+3.088e+03	+7.344e+03	+1.117e+04	+0.704
101.500	+1.567e+03	+7.926e+03	+9.577e+03	+0.835
101.600	+2.891e+03	+5.560e+03	+1.010e+04	+0.658
101.700	+2.144e+03	+6.699e+03	+1.022e+04	+0.758
101.800	+2.648e+03	+6.677e+03	+9.862e+03	+0.716
101.900	+4.897e+02	+6.689e+03	+1.017e+04	+0.932
102.000	+4.202e+03	+7.271e+03	+9.930e+03	+0.634
102.100	+4.723e+03	+4.838e+03	+1.038e+04	+0.506
102.200	+6.961e+03	+1.963e+03	+8.547e+03	+0.220
102.300	+7.811e+03	+2.135e+03	+1.034e+04	+0.215
102.400	+6.693e+03	+3.042e+03	+1.033e+04	+0.312
102.500	+8.123e+03	+2.420e+03	+1.088e+04	+0.230
102.600	+8.550e+03	+3.133e+03	+1.057e+04	+0.268
102.700	+5.314e+03	+5.235e+03	+1.079e+04	+0.496
102.800	+7.578e+03	+2.654e+03	+1.004e+04	+0.259
102.900	+8.446e+03	+2.926e+03	+1.179e+04	+0.257
103.000	+5.969e+03	+4.222e+03	+9.868e+03	+0.414
103.100	+6.302e+03	+2.896e+03	+1.080e+04	+0.315
103.200	+5.822e+03	+2.908e+03	+9.762e+03	+0.333
103.300	+6.154e+03	+3.005e+03	+1.051e+04	+0.328
103.400	+7.378e+03	+1.039e+03	+9.907e+03	+0.123
103.500	+5.344e+03	+5.605e+03	+1.012e+04	+0.512
103.600	+4.337e+03	+8.483e+03	+1.063e+04	+0.662
103.700	+2.771e+03	+6.337e+03	+1.027e+04	+0.696
103.800	+3.483e+03	+6.207e+03	+1.015e+04	+0.641
103.900	+3.439e+03	+6.954e+03	+1.075e+04	+0.669
104.000	+4.486e+03	+4.366e+03	+1.019e+04	+0.493
104.100	+7.273e+03	+2.072e+03	+8.877e+03	+0.222
104.200	+4.477e+03	+6.047e+03	+1.077e+04	+0.575
104.300	+3.076e+03	+7.929e+03	+1.031e+04	+0.721
104.400	+4.121e+03	+7.055e+03	+8.515e+03	+0.631
104.500	+3.042e+03	+5.794e+03	+1.088e+04	+0.656
104.600	+3.644e+03	+6.275e+03	+8.810e+03	+0.633
104.700	+1.507e+03	+7.498e+03	+9.194e+03	+0.833
104.800	+2.568e+03	+7.868e+03	+1.066e+04	+0.754
104.900	+2.536e+03	+6.141e+03	+1.047e+04	+0.708
105.000	+3.430e+03	+6.626e+03	+9.621e+03	+0.659
105.100	+1.880e+03	+6.457e+03	+9.573e+03	+0.775
105.200	+2.675e+03	+8.470e+03	+1.153e+04	+0.760
105.300	+1.839e+03	+8.451e+03	+1.097e+04	+0.821
105.400	+3.973e+03	+6.395e+03	+9.277e+03	+0.617
105.500	+1.483e+03	+6.391e+03	+1.114e+04	+0.812
105.600	+2.949e+03	+8.271e+03	+1.031e+04	+0.737
105.700	+2.401e+03	+8.349e+03	+1.040e+04	+0.777
105.800	+2.922e+03	+7.132e+03	+1.076e+04	+0.709
105.900	+2.874e+03	+6.183e+03	+1.063e+04	+0.683
106.000	+3.455e+03	+8.429e+03	+1.042e+04	+0.709
106.100	+2.582e+03	+7.060e+03	+9.906e+03	+0.732
106.200	+2.804e+03	+5.430e+03	+8.938e+03	+0.659
106.300	+2.940e+03	+5.980e+03	+1.025e+04	+0.670
106.400	+4.333e+03	+7.964e+03	+9.445e+03	+0.648
106.500	+3.243e+03	+8.111e+03	+8.959e+03	+0.714
106.600	+3.354e+03	+5.984e+03	+1.172e+04	+0.641
106.700	+3.581e+03	+7.146e+03	+1.029e+04	+0.666
106.800	+2.765e+03	+5.517e+03	+1.020e+04	+0.666
106.900	+7.748e+03	+3.232e+03	+9.840e+03	+0.294
107.000	+7.729e+03	+3.378e+03	+1.061e+04	+0.304
107.100	+6.994e+03	+2.604e+03	+1.097e+04	+0.271
107.200	+6.332e+03	+4.538e+03	+9.724e+03	+0.417
107.300	+6.314e+03	+3.202e+03	+9.910e+03	+0.336
107.400	+5.389e+03	+4.146e+03	+9.499e+03	+0.435
107.500	+6.006e+03	+3.189e+03	+9.196e+03	+0.347
107.600	+4.579e+03	+1.716e+03	+9.250e+03	+0.273
107.700	+6.434e+03	+3.396e+03	+1.053e+04	+0.346
107.800	+8.651e+03	+2.492e+03	+1.058e+04	+0.224
107.900	+7.197e+03	+4.095e+03	+1.042e+04	+0.363
108.000	+7.296e+03	+3.379e+03	+8.881e+03	+0.317
108.100	+6.734e+03	+2.952e+03	+9.522e+03	+0.305
108.200	+6.147e+03	+3.363e+03	+1.198e+04	+0.354
108.300	+6.385e+03	+3.241e+03	+9.770e+03	+0.337
108.400	+7.012e+03	+2.206e+03	+1.034e+04	+0.239
108.500	+6.761e+03	+2.575e+03	+1.114e+04	+0.276
108.600	+6.442e+03	+3.963e+03	+9.148e+03	+0.381
108.700	+8.026e+03	+1.672e+03	+1.012e+04	+0.172
108.800	+6.654e+03	+3.835e+03	+1.040e+04	+0.366
108.900	+6.238e+03	+3.087e+03	+1.075e+04	+0.331
109.000	+8.056e+03	+1.898e+03	+9.136e+03	+0.191
109.100	+6.987e+03	+3.262e+03	+1.256e+04	+0.318
109.200	+7.972e+03	+2.780e+03	+1.054e+04	+0.259
109.300	+7.529e+03	+3.109e+03	+9.995e+03	+0.292
109.400	+6.315e+03	+3.591e+03	+1.045e+04	+0.363
109.500	+7.633e+03	+3.392e+03	+9.819e+03	+0.308
109.600	+4.856e+03	+5.843e+03	+9.783e+03	+0.546
109.700	+4.571e+03	+6.518e+03	+1.021e+04	+0.588
109.800	+4.584e+03	+8.420e+03	+1.072e+04	+0.648
109.900	+6.279e+03	+4.320e+03	+8.688e+03	+0.408
110.000	+6.094e+03	+2.270e+03	+1.074e+04	+0.271
110.100	+6.440e+03	+3.220e+03	+9.536e+03	+0.333
110.200	+6.917e+03	+1.844e+03	+1.039e+04	+0.210
110.300	+7.064e+03	+3.179e+03	+1.051e+04	+0.310
110.400	+5.720e+03	+2.519e+03	+9.590e+03	+0.306
110.500	+7.013e+03	+2.788e+03	+1.009e+04	+0.284
110.600	+7.421e+03	+1.799e+03	+1.090e+04	+0.195
110.700	+7.159e+03	+3.354e+03	+9.484e+03	+0.319
110.800	+6.100e+03	+3.932e+03	+1.020e+04	+0.392
110.900	+7.448e+03	+1.759e+03	+9.390e+03	+0.191
111.000	+8.003e+03	+3.693e+03	+8.530e+03	+0.316
111.100	+7.567e+03	+1.687e+03	+1.058e+04	+0.182
111.200	+7.187e+03	+2.396e+03	+1.103e+04	+0.250
111.300	+5.413e+03	+2.764e+03	+1.018e+04	+0.338
111.400	+6.124e+03	+2.376e+03	+1.151e+04	+0.280
111.500	+7.815e+03	+3.202e+03	+1.082e+04	+0.291
111.600	+5.193e+03	+1.854e+03	+1.018e+04	+0.263
111.700	+6.256e+03	+2.946e+03	+9.858e+03	+0.320
111.800	+8.625e+03	+2.856e+03	+8.970e+03	+0.249
111.900	+6.898e+03	+3.797e+03	+9.317e+03	+0.355
112.000	+6.137e+03	+1.477e+03	+1.078e+04	+0.194
112.100	+7.173e+03	+3.295e+03	+1.108e+04	+0.315
112.200	+6.293e+03	+2.106e+03	+9.634e+03	+0.251
112.300	+7.006e+03	+3.761e+03	+1.019e+04	+0.349
112.400	+6.816e+03	+2.852e+03	+1.037e+04	+0.295
112.500	+6.854e+03	+2.462e+03	+1.062e+04	+0.264
112.600	+7.121e+03	+2.581e+03	+9.752e+03	+0.266
112.700	+7.365e+03	+1.169e+03	+9.935e+03	+0.137
112.800	+7.697e+03	+3.444e+03	+1.057e+04	+0.309
112.900	+7.306e+03	+3.895e+03	+9.037e+03	+0.348
113.000	+7.192e+03	+4.836e+03	+9.654e+03	+0.402
113.100	+6.743e+03	+2.811e+03	+8.858e+03	+0.294
113.200	+7.454e+03	+2.342e+03	+1.115e+04	+0.239
113.300	+7.184e+03	+2.471e+03	+9.115e+03	+0.256
113.400	+6.013e+03	+2.515e+03	+8.087e+03	+0.295
113.500	+6.817e+03	+1.812e+03	+1.026e+04	+0.210
113.600	+6.538e+03	+2.203e+03	+9.461e+03	+0.252
113.700	+4.772e+03	+3.760e+03	+1.025e+04	+0.441
113.800	+4.834e+03	+4.322e+03	+9.313e+03	+0.472
113.900	+2.476e+03	+7.807e+03	+9.266e+03	+0.759
114.000	+2.810e+03	+5.839e+03	+1.040e+04	+0.675
114.100	+5.496e+03	+4.198e+03	+1.080e+04	+0.433
114.200	+6.627e+03	+2.295e+03	+9.637e+03	+0.257
114.300	+8.954e+03	+2.697e+03	+8.257e+03	+0.231
114.400	+7.327e+03	+4.270e+03	+1.009e+04	+0.368
114.500	+4.744e+03	+3.437e+03	+1.035e+04	+0.420
114.600	+3.390e+03	+6.415e+03	+8.332e+03	+0.654
114.700	+4.818e+03	+5.669e+03	+1.039e+04	+0.541
114.800	+7.502e+03	+3.913e+03	+1.042e+04	+0.343
114.900	+6.983e+03	+3.957e+03	+1.035e+04	+0.362
115.000	+7.136e+03	+1.553e+03	+9.876e+03	+0.179
115.100	+6.874e+03	+2.717e+03	+1.069e+04	+0.283
115.200	+4.195e+03	+5.344e+03	+9.773e+03	+0.560
115.300	+3.579e+03	+5.457e+03	+8.989e+03	+0.604
115.400	+3.231e+03	+6.850e+03	+1.140e+04	+0.680
115.500	+4.098e+03	+7.006e+03	+1.017e+04	+0.631
115.600	+2.899e+03	+8.224e+03	+1.016e+04	+0.739
115.700	+5.199e+03	+4.349e+03	+9.814e+03	+0.456
115.800	+6.050e+03	+2.479e+03	+9.489e+03	+0.291
115.900	+7.578e+03	+3.165e+03	+1.003e+04	+0.295
116.000	+6.670e+03	+2.798e+03	+1.157e+04	+0.296
116.100	+7.071e+03	+2.960e+03	+1.047e+04	+0.295
116.200	+6.600e+03	+2.258e+03	+1.110e+04	+0.255
116.300	+7.759e+03	+3.238e+03	+9.625e+03	+0.294
116.400	+6.730e+03	+3.434e+03	+9.561e+03	+0.338
116.500	+8.143e+03	+3.504e+03	+1.100e+04	+0.301
116.600	+5.334e+03	+2.791e+03	+1.069e+04	+0.343
116.700	+7.453e+03	+2.949e+03	+1.057e+04	+0.283
116.800	+6.566e+03	+3.260e+03	+1.027e+04	+0.332
116.900	+7.509e+03	+4.223e+03	+8.753e+03	+0.360
117.000	+6.281e+03	+3.638e+03	+1.021e+04	+0.367
117.100	+7.074e+03	+2.147e+03	+1.071e+04	+0.233
117.200	+7.802e+03	+3.705e+03	+1.056e+04	+0.322
117.300	+7.816e+03	+2.176e+03	+9.962e+03	+0.218
117.400	+5.536e+03	+3.603e+03	+1.013e+04	+0.394
117.500	+4.999e+03	+4.846e+03	+1.048e+04	+0.492
117.600	+2.838e+03	+5.678e+03	+1.004e+04	+0.667
117.700	+4.151e+03	+6.030e+03	+9.059e+03	+0.592
117.800	+3.257e+03	+7.384e+03	+9.686e+03	+0.694
117.900	+2.357e+03	+7.530e+03	+1.037e+04	+0.762
118.000	+3.900e+03	+7.414e+03	+1.005e+04	+0.655
118.100	+3.870e+03	+6.493e+03	+1.009e+04	+0.627
118.200	+2.071e+03	+7.299e+03	+9.219e+03	+0.779
118.300	+3.187e+03	+6.783e+03	+1.112e+04	+0.680
118.400	+3.628e+03	+5.768e+03	+9.938e+03	+0.614
118.500	+2.331e+03	+7.511e+03	+1.101e+04	+0.763
118.600	+2.723e+03	+5.865e+03	+1.095e+04	+0.683
118.700	+2.652e+03	+6.454e+03	+1.053e+04	+0.709
118.800	+2.793e+03	+7.580e+03	+8.637e+03	+0.731
118.900	+4.150e+03	+5.244e+03	+9.953e+03	+0.558
119.000	+6.303e+03	+4.264e+03	+1.078e+04	+0.403
119.100	+5.971e+03	+2.358e+03	+1.013e+04	+0.283
119.200	+5.616e+03	+2.497e+03	+1.088e+04	+0.308
119.300	+6.397e+03	+2.391e+03	+1.041e+04	+0.272
119.400	+6.002e+03	+2.263e+03	+1.140e+04	+0.274
119.500	+7.396e+03	+3.721e+03	+9.362e+03	+0.335
119.600	+7.843e+03	+2.413e+03	+9.926e+03	+0.235
119.700	+7.781e+03	+3.210e+03	+8.687e+03	+0.292
119.800	+6.723e+03	+3.756e+03	+1.085e+04	+0.358
119.900	+7.433e+03	+2.624e+03	+1.016e+04	+0.261
120.000	+7.950e+03	+3.523e+03	+8.550e+03	+0.307
120.100	+6.560e+03	+3.461e+03	+1.047e+04	+0.345
120.200	+6.970e+03	+1.613e+03	+8.973e+03	+0.188
120.300	+5.552e+03	+4.052e+03	+9.847e+03	+0.422
120.400	+3.058e+03	+6.516e+03	+9.070e+03	+0.681
120.500	+3.050e+03	+7.279e+03	+9.077e+03	+0.705
120.600	+2.145e+03	+6.601e+03	+8.776e+03	+0.755
120.700	+2.090e+03	+7.281e+03	+9.677e+03	+0.777
120.800	+2.741e+03	+4.542e+03	+9.670e+03	+0.624
120.900	+5.824e+03	+4.802e+03	+1.015e+04	+0.452
121.000	+6.407e+03	+1.910e+03	+1.014e+04	+0.230
121.100	+6.282e+03	+3.196e+03	+1.066e+04	+0.337
121.200	+6.137e+03	+2.845e+03	+9.470e+03	+0.317
121.300	+6.942e+03	+2.617e+03	+9.763e+03	+0.274
121.400	+7.331e+03	+1.337e+03	+1.089e+04	+0.154
121.500	+6.050e+03	+3.230e+03	+8.831e+03	+0.348
121.600	+2.692e+03	+6.861e+03	+1.028e+04	+0.718
121.700	+3.225e+03	+7.787e+03	+1.119e+04	+0.707
121.800	+2.278e+03	+6.919e+03	+1.039e+04	+0.752
121.900	+4.344e+03	+7.612e+03	+1.024e+04	+0.637
122.000	+3.508e+03	+7.657e+03	+1.027e+04	+0.686
122.100	+3.127e+03	+6.257e+03	+7.944e+03	+0.667
122.200	+3.526e+03	+6.847e+03	+9.651e+03	+0.660
122.300	+2.763e+03	+6.858e+03	+1.081e+04	+0.713
122.400	+3.387e+03	+6.326e+03	+9.346e+03	+0.651
122.500	+5.403e+03	+5.426e+03	+1.005e+04	+0.501
122.600	+8.209e+03	+2.988e+03	+1.081e+04	+0.267
122.700	+7.257e+03	+2.775e+03	+9.709e+03	+0.277
122.800	+7.429e+03	+1.472e+03	+1.053e+04	+0.165
122.900	+6.866e+03	+3.054e+03	+1.053e+04	+0.308
123.000	+5.702e+03	+4.764e+03	+1.008e+04	+0.455
123.100	+2.668e+03	+6.678e+03	+9.655e+03	+0.715
123.200	+2.010e+03	+7.079e+03	+1.016e+04	+0.779
123.300	+3.436e+03	+9.286e+03	+9.351e+03	+0.730
123.400	+2.919e+03	+6.465e+03	+1.028e+04	+0.689
123.500	+4.622e+03	+6.526e+03	+8.682e+03	+0.585
123.600	+2.046e+03	+7.217e+03	+9.460e+03	+0.779
123.700	+3.339e+03	+3.882e+03	+1.043e+04	+0.538
123.800	+7.656e+03	+2.734e+03	+1.170e+04	+0.263
123.900	+6.330e+03	+3.290e+03	+9.827e+03	+0.342
124.000	+2.729e+03	+7.485e+03	+9.618e+03	+0.733
124.100	+3.056e+03	+8.688e+03	+9.449e+03	+0.740
124.200	+3.114e+03	+6.746e+03	+1.017e+04	+0.684
124.300	+3.950e+03	+6.192e+03	+1.112e+04	+0.611
124.400	+2.661e+03	+5.108e+03	+1.014e+04	+0.657
124.500	+3.738e+03	+7.895e+03	+9.577e+03	+0.679
124.600	+3.206e+03	+7.621e+03	+8.704e+03	+0.704
124.700	+1.434e+03	+5.763e+03	+8.980e+03	+0.801
124.800	+2.833e+03	+7.218e+03	+1.013e+04	+0.718
124.900	+3.498e+03	+8.437e+03	+7.663e+03	+0.707
125.000	+3.080e+03	+6.639e+03	+1.059e+04	+0.683
125.100	+3.837e+03	+6.935e+03	+1.064e+04	+0.644
125.200	+4.008e+03	+6.626e+03	+1.044e+04	+0.623
125.300	+6.224e+03	+5.177e+03	+1.015e+04	+0.454
125.400	+6.167e+03	+3.095e+03	+1.059e+04	+0.334
125.500	+3.630e+03	+6.844e+03	+1.006e+04	+0.653
125.600	+2.389e+03	+7.326e+03	+8.906e+03	+0.754
125.700	+3.529e+03	+8.011e+03	+1.057e+04	+0.694
125.800	+3.039e+03	+6.786e+03	+8.391e+03	+0.691
125.900	+5.603e+03	+2.364e+03	+1.076e+04	+0.297
126.000	+6.545e+03	+3.051e+03	+9.953e+03	+0.318
126.100	+8.365e+03	+2.875e+03	+7.971e+03	+0.256
126.200	+5.142e+03	+3.233e+03	+1.138e+04	+0.386
126.300	+7.405e+03	+3.692e+03	+1.088e+04	+0.333
126.400	+5.935e+03	+4.710e+03	+1.022e+04	+0.442
126.500	+5.253e+03	+2.574e+03	+1.036e+04	+0.329
126.600	+5.911e+03	+4.442e+03	+1.127e+04	+0.429
126.700	+7.669e+03	+3.544e+03	+1.059e+04	+0.316
126.800	+6.220e+03	+2.895e+03	+1.015e+04	+0.318
126.900	+6.788e+03	+3.210e+03	+1.023e+04	+0.321
127.000	+6.344e+03	+3.567e+03	+8.994e+03	+0.360
127.100	+7.373e+03	+1.768e+03	+1.078e+04	+0.193
127.200	+7.894e+03	+4.258e+03	+1.165e+04	+0.350
127.300	+6.678e+03	+4.332e+03	+1.008e+04	+0.393
127.400	+5.228e+03	+1.768e+03	+1.128e+04	+0.253
127.500	+7.058e+03	+2.414e+03	+1.122e+04	+0.255
127.600	+7.509e+03	+2.145e+03	+9.997e+03	+0.222
127.700	+6.845e+03	+2.983e+03	+9.292e+03	+0.304
127.800	+7.108e+03	+2.397e+03	+9.665e+03	+0.252
127.900	+5.677e+03	+4.302e+03	+1.031e+04	+0.431
128.000	+6.804e+03	+2.361e+03	+1.114e+04	+0.258
128.100	+8.698e+03	+2.525e+03	+1.077e+04	+0.225
128.200	+7.540e+03	+3.031e+03	+9.831e+03	+0.287
128.300	+7.616e+03	+3.726e+03	+9.417e+03	+0.328
128.400	+4.744e+03	+4.631e+03	+1.007e+04	+0.494
128.500	+5.245e+03	+8.821e+03	+1.089e+04	+0.627
128.600	+3.007e+03	+7.295e+03	+9.208e+03	+0.708
128.700	+3.713e+03	+7.039e+03	+9.847e+03	+0.655
