%t (s)	Idd (a.u.)	Ida (a.u.)	Iaa (a.u.)	FRET E
0.000	+3.074e+03	+7.331e+03	+1.089e+04	+0.705
0.100	+3.493e+03	+4.405e+03	+7.917e+03	+0.558
0.200	+3.349e+03	+6.598e+03	+1.015e+04	+0.663
0.300	+3.623e+03	+6.588e+03	+9.649e+03	+0.645
0.400	+2.248e+03	+7.528e+03	+1.023e+04	+0.770
0.500	+4.621e+03	+6.175e+03	+9.572e+03	+0.572
0.600	+6.733e+03	+2.430e+03	+9.681e+03	+0.265
0.700	+6.782e+03	+2.589e+03	+9.145e+03	+0.276
0.800	+6.684e+03	+2.685e+03	+9.557e+03	+0.287
0.900	+7.299e+03	+2.287e+03	+1.017e+04	+0.239
1.000	+7.695e+03	+3.204e+03	+1.072e+04	+0.294
1.100	+6.397e+03	+3.788e+03	+1.011e+04	+0.372
1.200	+7.218e+03	+2.006e+03	+1.047e+04	+0.217
1.300	+7.229e+03	+1.590e+03	+1.022e+04	+0.180
1.400	+7.967e+03	+2.405e+03	+9.860e+03	+0.232
1.500	+7.087e+03	+4.379e+03	+1.096e+04	+0.382
1.600	+7.674e+03	+2.776e+03	+1.012e+04	+0.266
1.700	+9.048e+03	+4.160e+03	+9.621e+03	+0.315
1.800	+5.158e+03	+3.524e+03	+9.909e+03	+0.406
1.900	+6.716e+03	+3.182e+03	+8.780e+03	+0.321
2.000	+6.425e+03	+2.780e+03	+9.977e+03	+0.302
2.100	+8.114e+03	+2.579e+03	+9.531e+03	+0.241
2.200	+7.093e+03	+3.733e+03	+1.019e+04	+0.345
2.300	+7.778e+03	+3.568e+03	+1.034e+04	+0.314
2.400	+6.613e+03	+3.882e+03	+1.061e+04	+0.370
2.500	+6.423e+03	+2.616e+03	+8.726e+03	+0.289
2.600	+6.050e+03	+2.457e+03	+9.546e+03	+0.289
2.700	+8.495e+03	+3.604e+03	+1.050e+04	+0.298
2.800	+6.122e+03	+2.523e+03	+1.101e+04	+0.292
2.900	+3.424e+03	+6.531e+03	+9.175e+03	+0.656
3.000	+3.211e+03	+7.569e+03	+1.011e+04	+0.702
3.100	+3.185e+03	+7.115e+03	+1.084e+04	+0.691
3.200	+3.576e+03	+5.131e+03	+1.038e+04	+0.589
3.300	+2.608e+03	+6.918e+03	+1.091e+04	+0.726
3.400	+3.860e+03	+8.116e+03	+1.000e+04	+0.678
3.500	+4.795e+03	+4.872e+03	+8.571e+03	+0.504
3.600	+4.245e+03	+6.710e+03	+1.017e+04	+0.613
3.700	+3.529e+03	+7.664e+03	+9.269e+03	+0.685
3.800	+3.287e+03	+6.156e+03	+9.440e+03	+0.652
3.900	+1.523e+03	+6.107e+03	+1.023e+04	+0.800
4.000	+4.117e+03	+5.774e+03	+1.074e+04	+0.584
4.100	+3.261e+03	+6.789e+03	+9.510e+03	+0.676
4.200	+2.302e+03	+7.025e+03	+1.069e+04	+0.753
4.300	+2.132e+03	+5.880e+03	+8.834e+03	+0.734
4.400	+3.876e+03	+7.013e+03	+9.365e+03	+0.644
4.500	+3.319e+03	+6.602e+03	+1.064e+04	+0.665
4.600	+3.467e+03	+6.430e+03	+1.004e+04	+0.650
4.700	+3.699e+03	+6.516e+03	+9.528e+03	+0.638
4.800	+2.023e+03	+7.630e+03	+1.139e+04	+0.790
4.900	+2.491e+03	+8.182e+03	+9.993e+03	+0.767
5.000	+2.770e+03	+7.467e+03	+9.465e+03	+0.729
5.100	+3.739e+03	+7.830e+03	+9.839e+03	+0.677
5.200	+3.839e+03	+7.793e+03	+9.726e+03	+0.670
5.300	+3.235e+03	+5.894e+03	+1.061e+04	+0.646
5.400	+3.086e+03	+5.572e+03	+8.983e+03	+0.644
5.500	+3.783e+03	+8.381e+03	+1.029e+04	+0.689
5.600	+6.410e+03	+3.961e+03	+1.000e+04	+0.382
5.700	+7.315e+03	+2.808e+03	+1.036e+04	+0.277
5.800	+8.297e+03	+4.792e+03	+9.770e+03	+0.366
5.900	+3.432e+03	+6.062e+03	+1.052e+04	+0.638
6.000	+2.806e+03	+7.303e+03	+9.213e+03	+0.722
6.100	+2.010e+03	+5.928e+03	+1.198e+04	+0.747
6.200	+3.223e+03	+6.821e+03	+9.025e+03	+0.679
6.300	+3.099e+03	+7.076e+03	+8.684e+03	+0.695
6.400	+3.657e+03	+7.770e+03	+1.035e+04	+0.680
6.500	+3.412e+03	+6.726e+03	+1.024e+04	+0.663
6.600	+3.327e+03	+7.407e+03	+9.084e+03	+0.690
6.700	+3.644e+03	+7.607e+03	+1.050e+04	+0.676
6.800	+3.249e+03	+6.600e+03	+1.053e+04	+0.670
6.900	+2.059e+03	+6.895e+03	+9.926e+03	+0.770
7.000	+3.061e+03	+7.066e+03	+1.113e+04	+0.698
7.100	+3.541e+03	+6.939e+03	+1.098e+04	+0.662
7.200	+2.744e+03	+5.257e+03	+9.602e+03	+0.657
7.300	+3.463e+03	+6.166e+03	+1.007e+04	+0.640
7.400	+1.746e+03	+7.454e+03	+1.045e+04	+0.810
7.500	+3.126e+03	+7.505e+03	+1.079e+04	+0.706
7.600	+4.083e+03	+7.036e+03	+9.810e+03	+0.633
7.700	+1.850e+03	+7.856e+03	+9.923e+03	+0.809
7.800	+2.663e+03	+7.275e+03	+9.580e+03	+0.732
7.900	+3.080e+03	+7.892e+03	+8.788e+03	+0.719
8.000	+2.061e+03	+6.358e+03	+1.007e+04	+0.755
8.100	+3.513e+03	+8.433e+03	+9.308e+03	+0.706
8.200	+2.279e+03	+7.419e+03	+1.024e+04	+0.765
8.300	+3.844e+03	+8.256e+03	+1.067e+04	+0.682
8.400	+3.238e+03	+7.527e+03	+9.967e+03	+0.699
8.500	+2.623e+03	+8.031e+03	+1.085e+04	+0.754
8.600	+2.951e+03	+7.426e+03	+9.466e+03	+0.716
8.700	+2.630e+03	+7.600e+03	+1.000e+04	+0.743
8.800	+2.578e+03	+7.206e+03	+9.740e+03	+0.736
8.900	+2.032e+03	+7.780e+03	+1.113e+04	+0.793
9.000	+3.205e+03	+7.558e+03	+9.087e+03	+0.702
9.100	+3.376e+03	+7.214e+03	+1.007e+04	+0.681
9.200	+2.149e+03	+6.613e+03	+9.310e+03	+0.755
9.300	+3.546e+03	+5.577e+03	+9.824e+03	+0.611
9.400	+2.678e+03	+6.780e+03	+1.135e+04	+0.717
9.500	+3.411e+03	+5.874e+03	+1.077e+04	+0.633
9.600	+2.011e+03	+7.972e+03	+9.612e+03	+0.799
9.700	+3.006e+03	+7.297e+03	+1.095e+04	+0.708
9.800	+3.426e+03	+7.336e+03	+9.412e+03	+0.682
9.900	+3.180e+03	+7.831e+03	+1.000e+04	+0.711
10.000	+3.575e+03	+7.405e+03	+9.639e+03	+0.674
10.100	+2.406e+03	+8.169e+03	+1.049e+04	+0.772
10.200	+1.650e+03	+6.320e+03	+8.896e+03	+0.793
10.300	+2.730e+03	+7.320e+03	+9.979e+03	+0.728
10.400	+2.817e+03	+5.919e+03	+1.018e+04	+0.678
10.500	+3.560e+03	+6.640e+03	+1.135e+04	+0.651
10.600	+3.925e+03	+6.245e+03	+8.950e+03	+0.614
10.700	+2.239e+03	+6.533e+03	+1.029e+04	+0.745
10.800	+1.955e+03	+7.608e+03	+9.567e+03	+0.796
10.900	+2.512e+03	+6.890e+03	+1.069e+04	+0.733
11.000	+2.119e+03	+8.510e+03	+9.601e+03	+0.801
11.100	+8.942e+02	+6.701e+03	+1.016e+04	+0.882
11.200	+2.559e+03	+7.003e+03	+9.424e+03	+0.732
11.300	+2.378e+03	+7.443e+03	+8.843e+03	+0.758
11.400	+1.831e+03	+6.277e+03	+9.447e+03	+0.774
11.500	+3.153e+03	+5.100e+03	+9.886e+03	+0.618
11.600	+3.731e+03	+6.508e+03	+1.031e+04	+0.636
11.700	+3.164e+03	+4.876e+03	+9.054e+03	+0.606
11.800	+2.520e+03	+8.723e+03	+1.030e+04	+0.776
11.900	+1.800e+03	+6.825e+03	+1.000e+04	+0.791
12.000	+2.128e+03	+8.029e+03	+9.556e+03	+0.791
12.100	+4.492e+03	+5.728e+03	+1.085e+04	+0.560
12.200	+2.859e+03	+6.043e+03	+9.022e+03	+0.679
12.300	+4.556e+03	+7.512e+03	+9.378e+03	+0.622
12.400	+9.625e+02	+8.698e+03	+1.058e+04	+0.900
12.500	+2.635e+03	+5.743e+03	+9.609e+03	+0.685
12.600	+2.766e+03	+6.699e+03	+1.053e+04	+0.708
12.700	+3.241e+03	+7.779e+03	+1.054e+04	+0.706
12.800	+2.672e+03	+7.275e+03	+1.006e+04	+0.731
12.900	+5.360e+03	+7.679e+03	+9.233e+03	+0.589
13.000	+3.417e+03	+7.624e+03	+9.815e+03	+0.691
13.100	+3.744e+03	+7.296e+03	+1.211e+04	+0.661
13.200	+2.189e+03	+6.082e+03	+9.787e+03	+0.735
13.300	+1.381e+03	+6.950e+03	+9.244e+03	+0.834
13.400	+4.063e+03	+8.430e+03	+1.076e+04	+0.675
13.500	+3.657e+03	+6.771e+03	+1.077e+04	+0.649
13.600	+3.720e+03	+7.085e+03	+8.778e+03	+0.656
13.700	+1.925e+03	+9.304e+03	+1.200e+04	+0.829
13.800	+2.336e+03	+7.592e+03	+9.034e+03	+0.765
13.900	+2.626e+03	+6.882e+03	+1.122e+04	+0.724
14.000	+2.110e+03	+6.736e+03	+1.047e+04	+0.761
14.100	+3.188e+03	+5.487e+03	+1.087e+04	+0.633
14.200	+3.571e+03	+7.812e+03	+1.005e+04	+0.686
14.300	+2.432e+03	+8.483e+03	+1.092e+04	+0.777
14.400	+2.995e+03	+7.428e+03	+9.185e+03	+0.713
14.500	+4.828e+03	+4.148e+03	+9.961e+03	+0.462
14.600	+6.927e+03	+3.396e+03	+9.179e+03	+0.329
14.700	+6.181e+03	+2.000e+03	+9.147e+03	+0.244
14.800	+6.637e+03	+2.298e+03	+1.063e+04	+0.257
14.900	+7.020e+03	+3.394e+03	+9.836e+03	+0.326
15.000	+8.839e+03	+3.831e+03	+1.060e+04	+0.302
15.100	+6.276e+03	+2.747e+03	+1.032e+04	+0.304
15.200	+6.391e+03	+3.236e+03	+9.442e+03	+0.336
15.300	+7.525e+03	+2.914e+03	+1.015e+04	+0.279
15.400	+5.634e+03	+3.798e+03	+1.109e+04	+0.403
15.500	+6.802e+03	+2.509e+03	+1.081e+04	+0.269
15.600	+7.207e+03	+3.009e+03	+1.098e+04	+0.295
15.700	+5.805e+03	+3.255e+03	+9.994e+03	+0.359
15.800	+4.827e+03	+5.731e+03	+1.028e+04	+0.543
15.900	+2.037e+03	+5.759e+03	+8.897e+03	+0.739
16.000	+5.215e+03	+5.093e+03	+1.069e+04	+0.494
16.100	+4.982e+03	+2.965e+03	+1.040e+04	+0.373
16.200	+7.823e+03	+3.166e+03	+1.087e+04	+0.288
16.300	+5.645e+03	+3.044e+03	+1.112e+04	+0.350
16.400	+8.252e+03	+3.945e+03	+9.420e+03	+0.323
16.500	+7.713e+03	+2.705e+03	+9.905e+03	+0.260
16.600	+7.203e+03	+2.332e+03	+9.974e+03	+0.245
16.700	+6.609e+03	+4.705e+03	+1.075e+04	+0.416
16.800	+6.269e+03	+1.303e+03	+9.865e+03	+0.172
16.900	+6.273e+03	+1.520e+03	+1.078e+04	+0.195
17.000	+7.816e+03	+2.635e+03	+9.743e+03	+0.252
17.100	+6.924e+03	+3.079e+03	+1.058e+04	+0.308
17.200	+6.680e+03	+2.381e+03	+9.804e+03	+0.263
17.300	+6.275e+03	+2.555e+03	+9.324e+03	+0.289
17.400	+6.202e+03	+5.396e+03	+1.050e+04	+0.465
17.500	+3.351e+03	+6.119e+03	+9.736e+03	+0.646
17.600	+2.654e+03	+7.071e+03	+8.962e+03	+0.727
17.700	+2.424e+03	+7.536e+03	+1.058e+04	+0.757
17.800	+3.535e+03	+7.573e+03	+9.442e+03	+0.682
17.900	+3.208e+03	+6.946e+03	+9.327e+03	+0.684
18.000	+4.160e+03	+8.352e+03	+1.041e+04	+0.668
18.100	+2.044e+03	+6.412e+03	+9.998e+03	+0.758
18.200	+3.531e+03	+7.029e+03	+1.014e+04	+0.666
18.300	+4.105e+03	+6.785e+03	+9.900e+03	+0.623
18.400	+2.514e+03	+6.672e+03	+9.969e+03	+0.726
18.500	+3.359e+03	+6.398e+03	+9.677e+03	+0.656
18.600	+2.058e+03	+7.181e+03	+9.118e+03	+0.777
18.700	+2.940e+03	+7.068e+03	+9.861e+03	+0.706
18.800	+3.898e+03	+7.141e+03	+9.740e+03	+0.647
18.900	+2.928e+03	+5.351e+03	+9.502e+03	+0.646
19.000	+3.984e+03	+6.000e+03	+1.017e+04	+0.601
19.100	+3.074e+03	+8.611e+03	+9.973e+03	+0.737
19.200	+2.351e+03	+6.433e+03	+9.751e+03	+0.732
19.300	+1.148e+03	+6.490e+03	+9.867e+03	+0.850
19.400	+3.354e+03	+7.302e+03	+9.337e+03	+0.685
19.500	+2.941e+03	+6.432e+03	+1.035e+04	+0.686
19.600	+3.124e+03	+8.203e+03	+1.056e+04	+0.724
19.700	+2.780e+03	+6.838e+03	+1.110e+04	+0.711
19.800	+3.244e+03	+8.044e+03	+8.286e+03	+0.713
19.900	+1.823e+03	+8.212e+03	+9.791e+03	+0.818
20.000	+3.859e+03	+4.880e+03	+9.540e+03	+0.558
20.100	+8.563e+03	+2.269e+03	+1.058e+04	+0.209
20.200	+6.626e+03	+2.920e+03	+1.089e+04	+0.306
20.300	+6.669e+03	+3.703e+03	+1.038e+04	+0.357
20.400	+6.134e+03	+3.940e+03	+9.965e+03	+0.391
20.500	+6.766e+03	+3.614e+03	+1.014e+04	+0.348
20.600	+6.029e+03	+2.655e+03	+9.539e+03	+0.306
20.700	+5.801e+03	+3.393e+03	+8.936e+03	+0.369
20.800	+7.695e+03	+2.546e+03	+1.119e+04	+0.249
20.900	+6.212e+03	+4.225e+03	+1.098e+04	+0.405
21.000	+7.455e+03	+2.612e+03	+1.007e+04	+0.259
21.100	+7.752e+03	+3.060e+03	+9.123e+03	+0.283
21.200	+6.067e+03	+2.556e+03	+1.002e+04	+0.296
21.300	+8.355e+03	+3.433e+03	+1.107e+04	+0.291
21.400	+7.435e+03	+1.916e+03	+8.783e+03	+0.205
21.500	+6.256e+03	+3.771e+03	+1.013e+04	+0.376
21.600	+6.132e+03	+1.943e+03	+1.100e+04	+0.241
21.700	+6.606e+03	+3.579e+03	+9.780e+03	+0.351
21.800	+6.870e+03	+4.390e+03	+9.844e+03	+0.390
21.900	+3.277e+03	+8.457e+03	+9.680e+03	+0.721
22.000	+2.755e+03	+7.151e+03	+1.134e+04	+0.722
22.100	+2.705e+03	+7.730e+03	+9.368e+03	+0.741
22.200	+1.195e+03	+6.899e+03	+9.012e+03	+0.852
22.300	+2.111e+03	+5.786e+03	+1.025e+04	+0.733
22.400	+3.964e+03	+8.205e+03	+1.068e+04	+0.674
22.500	+2.680e+03	+8.290e+03	+9.885e+03	+0.756
22.600	+1.765e+03	+5.571e+03	+8.528e+03	+0.759
22.700	+3.202e+03	+6.592e+03	+1.149e+04	+0.673
22.800	+3.845e+03	+6.467e+03	+1.088e+04	+0.627
22.900	+3.373e+03	+6.279e+03	+9.887e+03	+0.651
23.000	+1.204e+03	+7.457e+03	+9.978e+03	+0.861
23.100	+2.315e+03	+7.406e+03	+8.654e+03	+0.762
23.200	+3.297e+03	+7.525e+03	+9.453e+03	+0.695
23.300	+1.894e+03	+6.211e+03	+1.019e+04	+0.766
23.400	+1.435e+03	+6.162e+03	+1.059e+04	+0.811
23.500	+2.808e+03	+8.173e+03	+1.061e+04	+0.744
23.600	+2.335e+03	+6.717e+03	+1.086e+04	+0.742
23.700	+1.632e+03	+6.695e+03	+9.905e+03	+0.804
23.800	+3.547e+03	+7.473e+03	+1.003e+04	+0.678
23.900	+4.129e+03	+7.433e+03	+1.078e+04	+0.643
24.000	+2.710e+03	+7.130e+03	+1.050e+04	+0.725
24.100	+5.937e+03	+1.514e+03	+1.003e+04	+0.203
24.200	+3.984e+03	+5.829e+03	+9.635e+03	+0.594
24.300	+2.716e+03	+6.892e+03	+1.052e+04	+0.717
24.400	+3.154e+03	+6.978e+03	+9.043e+03	+0.689
24.500	+2.168e+03	+6.964e+03	+1.081e+04	+0.763
24.600	+2.237e+03	+7.007e+03	+8.802e+03	+0.758
24.700	+4.004e+03	+7.345e+03	+1.055e+04	+0.647
24.800	+3.071e+03	+6.910e+03	+9.426e+03	+0.692
24.900	+4.164e+03	+7.458e+03	+9.785e+03	+0.642
25.000	+1.211e+03	+6.974e+03	+1.091e+04	+0.852
25.100	+3.414e+03	+5.868e+03	+1.090e+04	+0.632
25.200	+4.063e+03	+5.514e+03	+8.787e+03	+0.576
25.300	+4.072e+03	+6.877e+03	+9.966e+03	+0.628
25.400	+6.155e+03	+3.191e+03	+8.847e+03	+0.341
25.500	+6.510e+03	+1.939e+03	+9.219e+03	+0.229
25.600	+7.511e+03	+3.386e+03	+9.181e+03	+0.311
25.700	+6.188e+03	+4.512e+03	+1.009e+04	+0.422
25.800	+2.064e+03	+6.802e+03	+9.857e+03	+0.767
25.900	+2.788e+03	+6.714e+03	+9.414e+03	+0.707
26.000	+2.340e+03	+6.906e+03	+9.752e+03	+0.747
26.100	+2.950e+03	+7.706e+03	+1.079e+04	+0.723
26.200	+2.192e+03	+8.359e+03	+9.653e+03	+0.792
26.300	+7.326e+03	+4.008e+03	+9.658e+03	+0.354
26.400	+5.555e+03	+2.533e+03	+8.983e+03	+0.313
26.500	+7.537e+03	+2.946e+03	+9.694e+03	+0.281
26.600	+6.235e+03	+2.496e+03	+9.758e+03	+0.286
26.700	+5.969e+03	+4.196e+03	+9.792e+03	+0.413
26.800	+2.481e+03	+6.287e+03	+1.022e+04	+0.717
26.900	+2.539e+03	+7.369e+03	+1.114e+04	+0.744
27.000	+3.827e+03	+7.493e+03	+1.150e+04	+0.662
27.100	+4.599e+03	+5.062e+03	+9.356e+03	+0.524
27.200	+2.943e+03	+5.212e+03	+1.005e+04	+0.639
27.300	+3.544e+03	+7.384e+03	+1.077e+04	+0.676
27.400	+2.371e+03	+8.707e+03	+9.209e+03	+0.786
27.500	+3.055e+03	+6.569e+03	+8.935e+03	+0.683
27.600	+4.491e+03	+6.160e+03	+1.068e+04	+0.578
27.700	+6.485e+03	+3.815e+03	+9.894e+03	+0.370
27.800	+7.823e+03	+2.805e+03	+1.022e+04	+0.264
27.900	+6.387e+03	+2.687e+03	+1.021e+04	+0.296
28.000	+7.875e+03	+3.049e+03	+1.008e+04	+0.279
28.100	+5.526e+03	+3.096e+03	+9.242e+03	+0.359
28.200	+5.248e+03	+2.132e+03	+9.764e+03	+0.289
28.300	+6.363e+03	+1.698e+03	+9.608e+03	+0.211
28.400	+5.834e+03	+4.355e+03	+9.204e+03	+0.427
28.500	+6.424e+03	+2.010e+03	+9.097e+03	+0.238
28.600	+7.856e+03	+3.095e+03	+1.056e+04	+0.283
28.700	+6.914e+03	+3.830e+03	+9.678e+03	+0.356
28.800	+8.696e+02	+6.876e+03	+8.383e+03	+0.888
28.900	+2.912e+03	+6.467e+03	+9.658e+03	+0.690
29.000	+1.595e+03	+6.486e+03	+8.340e+03	+0.803
29.100	+2.557e+03	+6.212e+03	+9.652e+03	+0.708
29.200	+3.562e+03	+6.801e+03	+1.076e+04	+0.656
29.300	+2.505e+03	+8.050e+03	+9.874e+03	+0.763
29.400	+1.672e+03	+6.401e+03	+1.040e+04	+0.793
29.500	+3.101e+03	+5.235e+03	+1.075e+04	+0.628
29.600	+2.965e+03	+7.759e+03	+9.924e+03	+0.724
29.700	+1.513e+03	+7.459e+03	+9.679e+03	+0.831
29.800	+2.918e+03	+6.060e+03	+1.031e+04	+0.675
29.900	+2.076e+03	+6.900e+03	+9.559e+03	+0.769
30.000	+3.697e+03	+6.650e+03	+9.673e+03	+0.643
30.100	+2.528e+03	+7.847e+03	+9.464e+03	+0.756
30.200	+2.331e+03	+7.819e+03	+9.320e+03	+0.770
30.300	+2.044e+03	+7.031e+03	+1.052e+04	+0.775
30.400	+3.107e+03	+7.257e+03	+9.237e+03	+0.700
30.500	+2.700e+03	+5.839e+03	+1.106e+04	+0.684
30.600	+3.905e+03	+7.606e+03	+9.535e+03	+0.661
30.700	+9.794e+02	+7.156e+03	+9.112e+03	+0.880
30.800	+2.585e+03	+6.448e+03	+1.012e+04	+0.714
30.900	+4.288e+03	+6.524e+03	+1.001e+04	+0.603
31.000	+7.292e+03	+3.184e+03	+7.989e+03	+0.304
31.100	+6.223e+03	+2.848e+03	+9.205e+03	+0.314
31.200	+6.170e+03	+3.073e+03	+1.062e+04	+0.332
31.300	+6.424e+03	+1.826e+03	+1.042e+04	+0.221
31.400	+8.593e+03	+1.475e+03	+9.640e+03	+0.147
31.500	+7.507e+03	+3.027e+03	+1.003e+04	+0.287
31.600	+7.543e+03	+4.804e+03	+1.020e+04	+0.389
31.700	+6.523e+03	+3.656e+03	+1.077e+04	+0.359
31.800	+8.021e+03	+3.047e+03	+9.650e+03	+0.275
31.900	+8.214e+03	+3.692e+03	+8.790e+03	+0.310
32.000	+5.788e+03	+3.128e+03	+7.078e+03	+0.351
32.100	+7.782e+03	+3.461e+03	+9.167e+03	+0.308
32.200	+7.275e+03	+2.988e+03	+1.059e+04	+0.291
32.300	+6.160e+03	+2.885e+03	+8.837e+03	+0.319
32.400	+8.454e+03	+3.891e+03	+9.529e+03	+0.315
32.500	+6.701e+03	+1.769e+03	+1.044e+04	+0.209
32.600	+6.173e+03	+3.251e+03	+1.009e+04	+0.345
32.700	+4.645e+03	+5.719e+03	+1.075e+04	+0.552
32.800	+2.777e+03	+7.747e+03	+9.073e+03	+0.736
32.900	+3.028e+03	+6.231e+03	+9.672e+03	+0.673
33.000	+2.895e+03	+7.466e+03	+1.063e+04	+0.721
33.100	+4.536e+03	+5.058e+03	+1.016e+04	+0.527
33.200	+5.300e+03	+3.715e+03	+1.099e+04	+0.412
33.300	+7.048e+03	+3.065e+03	+9.303e+03	+0.303
33.400	+7.274e+03	+3.031e+03	+9.241e+03	+0.294
33.500	+6.966e+03	+3.742e+03	+1.031e+04	+0.349
33.600	+6.729e+03	+3.640e+03	+9.880e+03	+0.351
33.700	+8.837e+03	+2.761e+03	+1.051e+04	+0.238
33.800	+6.275e+03	+1.975e+03	+8.693e+03	+0.239
33.900	+8.605e+03	+3.411e+03	+1.065e+04	+0.284
34.000	+4.860e+03	+3.181e+03	+1.133e+04	+0.396
34.100	+4.785e+03	+3.589e+03	+9.007e+03	+0.429
34.200	+6.552e+03	+3.787e+03	+1.035e+04	+0.366
34.300	+7.907e+03	+2.714e+03	+1.071e+04	+0.256
34.400	+8.407e+03	+3.847e+03	+9.349e+03	+0.314
34.500	+6.053e+03	+2.400e+03	+1.080e+04	+0.284
34.600	+6.692e+03	+2.176e+03	+9.314e+03	+0.245
34.700	+6.475e+03	+3.665e+03	+8.933e+03	+0.361
34.800	+6.962e+03	+3.636e+03	+1.018e+04	+0.343
34.900	+6.097e+03	+2.519e+03	+9.364e+03	+0.292
35.000	+5.961e+03	+4.581e+03	+9.492e+03	+0.435
35.100	+7.144e+03	+2.298e+03	+9.603e+03	+0.243
35.200	+5.507e+03	+3.953e+03	+1.015e+04	+0.418
35.300	+6.732e+03	+5.021e+03	+1.127e+04	+0.427
35.400	+8.313e+03	+1.315e+03	+1.058e+04	+0.137
35.500	+8.045e+03	+3.731e+03	+1.072e+04	+0.317
35.600	+6.459e+03	+3.385e+03	+1.128e+04	+0.344
35.700	+6.338e+03	+1.493e+03	+1.047e+04	+0.191
35.800	+6.516e+03	+1.065e+03	+9.948e+03	+0.140
35.900	+6.712e+03	+2.560e+03	+1.020e+04	+0.276
36.000	+7.778e+03	+5.391e+03	+9.811e+03	+0.409
36.100	+6.469e+03	+4.276e+03	+9.607e+03	+0.398
36.200	+6.457e+03	+3.485e+03	+9.644e+03	+0.351
36.300	+7.521e+03	+4.098e+03	+1.074e+04	+0.353
36.400	+6.978e+03	+3.239e+03	+1.120e+04	+0.317
36.500	+6.380e+03	+2.372e+03	+9.529e+03	+0.271
36.600	+7.189e+03	+3.880e+03	+9.724e+03	+0.351
36.700	+6.908e+03	+1.975e+03	+9.585e+03	+0.222
36.800	+7.949e+03	+2.092e+03	+1.026e+04	+0.208
36.900	+7.224e+03	+1.764e+03	+1.063e+04	+0.196
37.000	+6.338e+03	+3.456e+03	+8.862e+03	+0.353
37.100	+7.161e+03	+3.430e+03	+1.083e+04	+0.324
37.200	+7.168e+03	+3.814e+03	+9.864e+03	+0.347
37.300	+6.781e+03	+3.684e+03	+9.697e+03	+0.352
37.400	+6.755e+03	+2.316e+03	+9.365e+03	+0.255
37.500	+5.523e+03	+3.439e+03	+1.029e+04	+0.384
37.600	+6.762e+03	+4.605e+03	+9.616e+03	+0.405
37.700	+6.885e+03	+3.757e+03	+1.079e+04	+0.353
37.800	+5.161e+03	+4.794e+03	+1.013e+04	+0.482
37.900	+6.489e+03	+4.352e+03	+1.072e+04	+0.401
38.000	+4.656e+03	+5.145e+03	+1.034e+04	+0.525
38.100	+6.801e+03	+3.608e+03	+1.089e+04	+0.347
38.200	+6.896e+03	+2.312e+03	+1.007e+04	+0.251
38.300	+7.010e+03	+2.930e+03	+9.471e+03	+0.295
38.400	+7.075e+03	+3.322e+03	+9.346e+03	+0.320
38.500	+6.969e+03	+3.529e+03	+9.218e+03	+0.336
38.600	+7.059e+03	+2.118e+03	+9.340e+03	+0.231
38.700	+7.652e+03	+3.442e+03	+9.416e+03	+0.310
38.800	+7.188e+03	+3.111e+03	+1.033e+04	+0.302
38.900	+6.743e+03	+2.611e+03	+1.051e+04	+0.279
39.000	+6.563e+03	+4.052e+03	+1.022e+04	+0.382
39.100	+6.081e+03	+1.430e+03	+9.906e+03	+0.190
39.200	+7.194e+03	+2.848e+03	+1.051e+04	+0.284
39.300	+6.780e+03	+4.543e+03	+9.979e+03	+0.401
39.400	+5.219e+03	+1.923e+03	+9.807e+03	+0.269
39.500	+7.756e+03	+2.897e+03	+9.128e+03	+0.272
39.600	+6.688e+03	+2.071e+03	+9.715e+03	+0.236
39.700	+6.682e+03	+1.556e+03	+1.092e+04	+0.189
39.800	+6.259e+03	+3.911e+03	+1.027e+04	+0.385
39.900	+9.296e+03	+2.996e+03	+1.060e+04	+0.244
40.000	+6.438e+03	+4.141e+03	+9.153e+03	+0.391
40.100	+5.762e+03	+3.640e+03	+8.928e+03	+0.387
40.200	+6.782e+03	+4.015e+03	+8.976e+03	+0.372
40.300	+7.609e+03	+2.786e+03	+1.091e+04	+0.268
40.400	+6.867e+03	+2.599e+03	+8.564e+03	+0.275
40.500	+6.122e+03	+2.256e+03	+1.085e+04	+0.269
40.600	+5.880e+03	+3.134e+03	+1.070e+04	+0.348
40.700	+7.509e+03	+3.389e+03	+1.092e+04	+0.311
40.800	+6.655e+03	+1.489e+03	+1.045e+04	+0.183
40.900	+6.099e+03	+2.026e+03	+9.988e+03	+0.249
41.000	+7.303e+03	+2.461e+03	+8.940e+03	+0.252
41.100	+7.719e+03	+2.510e+03	+1.040e+04	+0.245
41.200	+7.378e+03	+2.300e+03	+9.379e+03	+0.238
41.300	+6.107e+03	+3.381e+03	+1.082e+04	+0.356
41.400	+6.754e+03	+1.856e+03	+9.093e+03	+0.216
41.500	+6.686e+03	+1.772e+03	+9.148e+03	+0.210
41.600	+7.055e+03	+3.278e+03	+8.461e+03	+0.317
41.700	+8.068e+03	+3.658e+03	+1.119e+04	+0.312
41.800	+7.122e+03	+2.602e+03	+9.969e+03	+0.268
41.900	+6.937e+03	+3.264e+03	+1.071e+04	+0.320
42.000	+7.828e+03	+3.979e+03	+8.694e+03	+0.337
42.100	+7.175e+03	+3.517e+03	+1.056e+04	+0.329
42.200	+7.114e+03	+2.627e+03	+1.030e+04	+0.270
42.300	+5.554e+03	+3.091e+03	+1.059e+04	+0.358
42.400	+7.323e+03	+2.343e+03	+1.022e+04	+0.242
42.500	+7.020e+03	+2.409e+03	+1.030e+04	+0.256
42.600	+7.701e+03	+2.655e+03	+1.127e+04	+0.256
42.700	+7.381e+03	+7.259e+02	+9.851e+03	+0.090
42.800	+7.034e+03	+3.462e+03	+9.687e+03	+0.330
42.900	+9.402e+02	+7.924e+03	+1.024e+04	+0.894
43.000	+4.183e+03	+6.975e+03	+9.916e+03	+0.625
43.100	+2.930e+03	+7.412e+03	+1.175e+04	+0.717
43.200	+2.696e+03	+6.949e+03	+1.061e+04	+0.721
43.300	+7.246e+03	+2.702e+03	+9.229e+03	+0.272
43.400	+5.851e+03	+3.380e+03	+1.093e+04	+0.366
43.500	+5.936e+03	+3.049e+03	+1.009e+04	+0.339
43.600	+7.305e+03	+4.545e+03	+9.753e+03	+0.384
43.700	+8.649e+03	+1.748e+03	+1.032e+04	+0.168
43.800	+7.115e+03	+2.658e+03	+8.371e+03	+0.272
43.900	+7.722e+03	+2.029e+03	+9.651e+03	+0.208
44.000	+7.092e+03	+3.922e+03	+1.133e+04	+0.356
44.100	+6.549e+03	+1.707e+03	+1.002e+04	+0.207
44.200	+7.500e+03	+4.258e+03	+9.752e+03	+0.362
44.300	+6.981e+03	+3.894e+03	+1.070e+04	+0.358
44.400	+4.518e+03	+6.088e+03	+1.036e+04	+0.574
44.500	+1.342e+03	+7.693e+03	+9.278e+03	+0.851
44.600	+2.264e+03	+6.295e+03	+1.154e+04	+0.735
44.700	+2.691e+03	+7.741e+03	+1.167e+04	+0.742
44.800	+3.202e+03	+6.300e+03	+1.069e+04	+0.663
44.900	+4.685e+03	+7.227e+03	+9.501e+03	+0.607
45.000	+1.867e+03	+6.613e+03	+9.160e+03	+0.780
45.100	+2.886e+03	+7.333e+03	+9.495e+03	+0.718
45.200	+2.404e+03	+8.020e+03	+1.070e+04	+0.769
45.300	+2.560e+03	+7.742e+03	+1.054e+04	+0.751
45.400	+2.445e+03	+7.245e+03	+1.046e+04	+0.748
45.500	+3.951e+03	+6.051e+03	+1.099e+04	+0.605
45.600	+3.492e+03	+7.125e+03	+1.055e+04	+0.671
45.700	+4.202e+03	+6.617e+03	+8.896e+03	+0.612
45.800	+3.318e+03	+6.635e+03	+9.873e+03	+0.667
45.900	+3.102e+03	+6.780e+03	+9.255e+03	+0.686
46.000	+3.013e+03	+6.159e+03	+1.053e+04	+0.672
46.100	+2.481e+03	+6.823e+03	+1.052e+04	+0.733
46.200	+4.305e+03	+4.440e+03	+1.101e+04	+0.508
46.300	+7.842e+03	+2.892e+03	+1.005e+04	+0.269
46.400	+7.130e+03	+4.525e+03	+9.493e+03	+0.388
46.500	+4.860e+03	+4.581e+03	+9.979e+03	+0.485
46.600	+2.646e+03	+7.325e+03	+1.066e+04	+0.735
46.700	+2.806e+03	+6.375e+03	+9.865e+03	+0.694
46.800	+2.760e+03	+7.144e+03	+1.029e+04	+0.721
46.900	+2.569e+03	+7.232e+03	+7.708e+03	+0.738
47.000	+2.820e+03	+7.721e+03	+1.040e+04	+0.732
47.100	+2.950e+03	+7.494e+03	+1.000e+04	+0.718
47.200	+3.149e+03	+7.599e+03	+9.320e+03	+0.707
47.300	+3.068e+03	+8.138e+03	+1.097e+04	+0.726
47.400	+4.252e+03	+6.423e+03	+1.074e+04	+0.602
47.500	+2.581e+03	+6.880e+03	+9.991e+03	+0.727
47.600	+4.722e+03	+7.573e+03	+1.060e+04	+0.616
47.700	+3.491e+03	+7.451e+03	+8.449e+03	+0.681
47.800	+4.977e+03	+8.303e+03	+1.053e+04	+0.625
47.900	+3.443e+03	+5.896e+03	+9.626e+03	+0.631
48.000	+1.946e+03	+6.962e+03	+8.768e+03	+0.782
48.100	+2.850e+03	+5.494e+03	+1.051e+04	+0.658
48.200	+2.177e+03	+7.405e+03	+1.005e+04	+0.773
48.300	+2.269e+03	+7.346e+03	+9.364e+03	+0.764
48.400	+2.330e+03	+8.255e+03	+1.061e+04	+0.780
48.500	+3.487e+03	+5.843e+03	+8.035e+03	+0.626
48.600	+6.421e+03	+8.213e+03	+1.038e+04	+0.561
48.700	+5.751e+03	+4.487e+03	+9.499e+03	+0.438
48.800	+4.031e+03	+7.532e+03	+1.022e+04	+0.651
48.900	+3.146e+03	+6.911e+03	+9.955e+03	+0.687
49.000	+3.653e+03	+5.076e+03	+1.009e+04	+0.582
49.100	+4.097e+03	+6.398e+03	+8.810e+03	+0.610
49.200	+3.262e+03	+6.194e+03	+9.770e+03	+0.655
49.300	+2.664e+03	+6.600e+03	+1.025e+04	+0.712
49.400	+2.709e+03	+6.523e+03	+1.091e+04	+0.707
49.500	+7.421e+03	+1.244e+03	+1.069e+04	+0.144
49.600	+7.248e+03	+3.814e+03	+1.048e+04	+0.345
49.700	+7.596e+03	+2.993e+03	+1.053e+04	+0.283
49.800	+7.685e+03	+3.695e+03	+9.894e+03	+0.325
49.900	+7.454e+03	+2.760e+03	+1.013e+04	+0.270
50.000	+6.944e+03	+4.329e+03	+1.033e+04	+0.384
50.100	+6.064e+03	+3.726e+03	+9.439e+03	+0.381
50.200	+7.198e+03	+3.358e+03	+9.660e+03	+0.318
50.300	+8.015e+03	+2.929e+03	+7.973e+03	+0.268
50.400	+5.906e+03	+2.711e+03	+9.435e+03	+0.315
50.500	+7.286e+03	+3.194e+03	+1.056e+04	+0.305
50.600	+7.924e+03	+2.267e+03	+8.677e+03	+0.222
50.700	+6.873e+03	+2.983e+03	+1.034e+04	+0.303
50.800	+6.480e+03	+2.540e+03	+9.497e+03	+0.282
50.900	+7.162e+03	+3.004e+03	+1.001e+04	+0.295
51.000	+2.892e+03	+6.774e+03	+1.061e+04	+0.701
51.100	+8.347e+02	+7.326e+03	+1.048e+04	+0.898
51.200	+3.027e+03	+7.009e+03	+8.916e+03	+0.698
51.300	+4.004e+03	+6.029e+03	+1.022e+04	+0.601
51.400	+2.116e+03	+6.033e+03	+1.032e+04	+0.740
51.500	+4.130e+03	+6.693e+03	+9.634e+03	+0.618
51.600	+2.901e+03	+6.395e+03	+1.014e+04	+0.688
51.700	+4.181e+03	+8.820e+03	+1.017e+04	+0.678
51.800	+3.026e+03	+7.257e+03	+9.662e+03	+0.706
51.900	+2.123e+03	+7.204e+03	+9.660e+03	+0.772
52.000	+3.075e+03	+6.143e+03	+1.047e+04	+0.666
52.100	+6.536e+03	+4.049e+03	+9.719e+03	+0.383
52.200	+7.024e+03	+3.287e+03	+9.293e+03	+0.319
52.300	+7.459e+03	+4.443e+03	+1.076e+04	+0.373
52.400	+6.879e+03	+2.618e+03	+1.036e+04	+0.276
52.500	+6.909e+03	+2.944e+03	+9.135e+03	+0.299
52.600	+7.864e+03	+2.955e+03	+9.363e+03	+0.273
52.700	+4.704e+03	+4.923e+03	+9.966e+03	+0.511
52.800	+4.051e+03	+6.303e+03	+9.168e+03	+0.609
52.900	+3.088e+03	+7.111e+03	+1.212e+04	+0.697
53.000	+2.721e+03	+6.346e+03	+9.761e+03	+0.700
53.100	+4.417e+03	+7.407e+03	+9.203e+03	+0.626
53.200	+5.652e+03	+3.570e+03	+9.192e+03	+0.387
53.300	+5.931e+03	+2.731e+03	+9.465e+03	+0.315
53.400	+5.187e+03	+5.105e+03	+1.074e+04	+0.496
53.500	+3.252e+03	+6.045e+03	+1.014e+04	+0.650
53.600	+2.652e+03	+7.739e+03	+9.814e+03	+0.745
53.700	+2.611e+03	+5.631e+03	+8.824e+03	+0.683
53.800	+2.593e+03	+7.590e+03	+9.837e+03	+0.745
53.900	+2.276e+03	+6.551e+03	+9.918e+03	+0.742
54.000	+3.404e+03	+8.249e+03	+1.128e+04	+0.708
54.100	+2.359e+03	+5.638e+03	+9.930e+03	+0.705
54.200	+7.454e+03	+1.716e+03	+9.642e+03	+0.187
54.300	+8.381e+03	+3.422e+03	+8.383e+03	+0.290
54.400	+6.838e+03	+2.913e+03	+1.080e+04	+0.299
54.500	+7.175e+03	+2.281e+03	+1.031e+04	+0.241
54.600	+6.941e+03	+2.704e+03	+1.028e+04	+0.280
54.700	+6.849e+03	+2.781e+03	+1.036e+04	+0.289
54.800	+6.787e+03	+4.804e+03	+9.385e+03	+0.414
54.900	+7.901e+03	+3.887e+03	+1.013e+04	+0.330
55.000	+6.368e+03	+3.404e+03	+9.541e+03	+0.348
55.100	+5.692e+03	+3.026e+03	+9.830e+03	+0.347
55.200	+4.028e+03	+5.398e+03	+1.033e+04	+0.573
55.300	+2.302e+03	+7.627e+03	+9.924e+03	+0.768
55.400	+3.260e+03	+7.365e+03	+9.737e+03	+0.693
55.500	+3.668e+03	+5.908e+03	+9.962e+03	+0.617
55.600	+2.154e+03	+7.198e+03	+1.010e+04	+0.770
55.700	+1.860e+03	+7.964e+03	+9.551e+03	+0.811
55.800	+2.750e+03	+6.832e+03	+1.041e+04	+0.713
55.900	+1.546e+03	+6.671e+03	+8.952e+03	+0.812
56.000	+3.743e+03	+7.466e+03	+9.678e+03	+0.666
56.100	+3.523e+03	+6.227e+03	+8.538e+03	+0.639
56.200	+3.498e+03	+6.536e+03	+1.023e+04	+0.651
56.300	+6.581e+03	+3.682e+03	+1.002e+04	+0.359
56.400	+5.752e+03	+2.527e+03	+9.602e+03	+0.305
56.500	+7.836e+03	+3.914e+03	+9.933e+03	+0.333
56.600	+6.490e+03	+3.754e+03	+1.058e+04	+0.366
56.700	+6.925e+03	+2.705e+03	+1.004e+04	+0.281
56.800	+5.382e+03	+4.076e+03	+1.065e+04	+0.431
56.900	+6.215e+03	+3.362e+03	+7.249e+03	+0.351
57.000	+6.238e+03	+4.245e+03	+1.075e+04	+0.405
57.100	+7.070e+03	+2.583e+03	+9.358e+03	+0.268
57.200	+5.880e+03	+1.809e+03	+9.855e+03	+0.235
57.300	+5.983e+03	+4.706e+03	+1.105e+04	+0.440
57.400	+3.498e+03	+7.300e+03	+9.311e+03	+0.676
57.500	+3.659e+03	+6.914e+03	+9.565e+03	+0.654
57.600	+3.654e+03	+6.448e+03	+1.016e+04	+0.638
57.700	+2.809e+03	+6.581e+03	+1.119e+04	+0.701
57.800	+3.315e+03	+5.382e+03	+1.062e+04	+0.619
57.900	+2.491e+03	+6.407e+03	+1.137e+04	+0.720
58.000	+2.626e+03	+6.310e+03	+8.883e+03	+0.706
58.100	+4.300e+03	+7.959e+03	+1.172e+04	+0.649
58.200	+2.696e+03	+6.683e+03	+1.071e+04	+0.713
58.300	+3.273e+03	+7.465e+03	+1.079e+04	+0.695
58.400	+3.836e+03	+6.696e+03	+9.939e+03	+0.636
58.500	+3.483e+03	+6.741e+03	+8.904e+03	+0.659
58.600	+2.294e+03	+7.336e+03	+9.604e+03	+0.762
58.700	+3.166e+03	+7.130e+03	+9.978e+03	+0.692
58.800	+2.615e+03	+7.261e+03	+9.222e+03	+0.735
58.900	+1.718e+03	+7.529e+03	+9.602e+03	+0.814
59.000	+3.497e+03	+6.631e+03	+1.038e+04	+0.655
59.100	+3.107e+03	+5.402e+03	+1.022e+04	+0.635
59.200	+4.448e+03	+6.479e+03	+8.640e+03	+0.593
59.300	+2.322e+03	+4.870e+03	+9.870e+03	+0.677
59.400	+3.174e+03	+6.111e+03	+1.038e+04	+0.658
59.500	+4.131e+03	+7.224e+03	+9.387e+03	+0.636
59.600	+2.822e+03	+5.933e+03	+9.784e+03	+0.678
59.700	+3.049e+03	+6.572e+03	+9.389e+03	+0.683
59.800	+3.322e+03	+5.222e+03	+9.988e+03	+0.611
59.900	+2.081e+03	+7.823e+03	+9.834e+03	+0.790
60.000	+1.736e+03	+6.492e+03	+8.318e+03	+0.789
60.100	+3.337e+03	+8.514e+03	+9.300e+03	+0.718
60.200	+5.216e+03	+7.775e+03	+1.049e+04	+0.598
60.300	+2.460e+03	+7.955e+03	+1.083e+04	+0.764
60.400	+2.169e+03	+8.485e+03	+9.961e+03	+0.796
60.500	+1.221e+03	+5.899e+03	+1.035e+04	+0.829
60.600	+2.241e+03	+7.135e+03	+9.369e+03	+0.761
60.700	+2.256e+03	+7.411e+03	+9.529e+03	+0.767
60.800	+2.966e+03	+7.174e+03	+9.673e+03	+0.708
60.900	+2.199e+03	+7.258e+03	+9.852e+03	+0.767
61.000	+3.551e+03	+7.404e+03	+1.073e+04	+0.676
61.100	+3.830e+03	+6.186e+03	+1.116e+04	+0.618
61.200	+2.674e+03	+7.314e+03	+1.180e+04	+0.732
61.300	+1.951e+03	+5.165e+03	+1.075e+04	+0.726
61.400	+2.364e+03	+6.995e+03	+9.653e+03	+0.747
61.500	+3.217e+03	+8.201e+03	+1.026e+04	+0.718
61.600	+2.969e+03	+5.913e+03	+1.135e+04	+0.666
61.700	+4.389e+03	+7.291e+03	+8.940e+03	+0.624
61.800	+1.813e+03	+6.452e+03	+9.128e+03	+0.781
61.900	+1.881e+03	+6.383e+03	+1.073e+04	+0.772
62.000	+2.541e+03	+6.946e+03	+9.020e+03	+0.732
62.100	+3.184e+03	+6.661e+03	+1.148e+04	+0.677
62.200	+4.660e+03	+7.964e+03	+1.112e+04	+0.631
62.300	+2.552e+03	+6.349e+03	+9.387e+03	+0.713
62.400	+2.048e+03	+7.683e+03	+9.743e+03	+0.790
62.500	+4.500e+03	+7.148e+03	+9.965e+03	+0.614
62.600	+4.569e+03	+7.189e+03	+1.102e+04	+0.611
62.700	+3.648e+03	+7.401e+03	+9.753e+03	+0.670
62.800	+2.172e+03	+6.785e+03	+1.054e+04	+0.758
62.900	+3.369e+03	+7.237e+03	+1.029e+04	+0.682
63.000	+2.837e+03	+6.967e+03	+9.255e+03	+0.711
63.100	+3.596e+03	+7.073e+03	+1.049e+04	+0.663
63.200	+2.751e+03	+6.344e+03	+1.033e+04	+0.697
63.300	+4.327e+03	+5.656e+03	+1.054e+04	+0.567
63.400	+6.928e+03	+3.434e+03	+9.739e+03	+0.331
63.500	+6.401e+03	+1.730e+03	+9.977e+03	+0.213
63.600	+7.091e+03	+3.894e+03	+9.757e+03	+0.354
63.700	+6.175e+03	+4.379e+03	+9.564e+03	+0.415
63.800	+6.281e+03	+3.130e+03	+9.542e+03	+0.333
63.900	+5.907e+03	+3.243e+03	+9.947e+03	+0.354
64.000	+6.842e+03	+3.803e+03	+1.112e+04	+0.357
64.100	+7.802e+03	+3.406e+03	+1.054e+04	+0.304
64.200	+6.427e+03	+2.980e+03	+1.051e+04	+0.317
64.300	+8.486e+03	+2.979e+03	+9.399e+03	+0.260
64.400	+6.332e+03	+2.585e+03	+1.008e+04	+0.290
64.500	+4.045e+03	+6.473e+03	+1.060e+04	+0.615
64.600	+2.975e+03	+5.640e+03	+9.803e+03	+0.655
64.700	+2.758e+03	+7.986e+03	+1.076e+04	+0.743
64.800	+3.913e+03	+7.677e+03	+1.046e+04	+0.662
64.900	+3.796e+03	+7.867e+03	+1.069e+04	+0.675
65.000	+3.882e+03	+6.790e+03	+9.937e+03	+0.636
65.100	+1.940e+03	+7.210e+03	+1.116e+04	+0.788
65.200	+3.024e+03	+6.393e+03	+9.084e+03	+0.679
65.300	+2.673e+03	+6.304e+03	+1.047e+04	+0.702
65.400	+3.947e+03	+6.631e+03	+1.093e+04	+0.627
65.500	+2.132e+03	+7.293e+03	+9.977e+03	+0.774
65.600	+2.671e+03	+6.752e+03	+1.009e+04	+0.717
65.700	+2.124e+03	+6.864e+03	+9.785e+03	+0.764
65.800	+4.138e+03	+5.471e+03	+9.670e+03	+0.569
65.900	+3.805e+03	+6.568e+03	+8.897e+03	+0.633
66.000	+3.384e+03	+6.354e+03	+9.087e+03	+0.653
66.100	+2.828e+03	+6.396e+03	+1.069e+04	+0.693
66.200	+2.620e+03	+6.557e+03	+9.562e+03	+0.715
66.300	+3.628e+03	+7.421e+03	+1.075e+04	+0.672
66.400	+2.947e+03	+7.564e+03	+9.183e+03	+0.720
66.500	+1.300e+03	+6.590e+03	+1.063e+04	+0.835
66.600	+4.705e+03	+7.499e+03	+1.045e+04	+0.614
66.700	+3.389e+03	+6.118e+03	+9.756e+03	+0.644
66.800	+2.723e+03	+7.639e+03	+9.077e+03	+0.737
66.900	+3.476e+03	+8.047e+03	+1.103e+04	+0.698
67.000	+3.083e+03	+6.322e+03	+1.023e+04	+0.672
67.100	+3.144e+03	+6.115e+03	+9.456e+03	+0.660
67.200	+3.074e+03	+6.899e+03	+1.026e+04	+0.692
67.300	+3.402e+03	+7.042e+03	+1.082e+04	+0.674
67.400	+2.405e+03	+6.725e+03	+1.015e+04	+0.737
67.500	+4.318e+03	+7.626e+03	+1.051e+04	+0.638
67.600	+9.730e+02	+7.267e+03	+9.265e+03	+0.882
67.700	+3.427e+03	+7.300e+03	+1.005e+04	+0.681
67.800	+2.604e+03	+6.494e+03	+8.793e+03	+0.714
67.900	+3.364e+03	+6.580e+03	+8.922e+03	+0.662
68.000	+2.879e+03	+7.867e+03	+9.098e+03	+0.732
68.100	+3.305e+03	+4.871e+03	+8.576e+03	+0.596
68.200	+3.859e+03	+5.716e+03	+1.004e+04	+0.597
68.300	+3.619e+03	+7.020e+03	+1.074e+04	+0.660
68.400	+7.090e+03	+3.299e+03	+1.034e+04	+0.318
68.500	+6.680e+03	+2.342e+03	+1.048e+04	+0.260
68.600	+6.067e+03	+4.390e+03	+1.092e+04	+0.420
68.700	+7.449e+03	+2.460e+03	+1.071e+04	+0.248
68.800	+6.227e+03	+2.498e+03	+1.075e+04	+0.286
68.900	+7.969e+03	+4.237e+03	+1.070e+04	+0.347
69.000	+5.284e+03	+3.653e+03	+1.024e+04	+0.409
69.100	+7.854e+03	+2.164e+03	+1.037e+04	+0.216
69.200	+6.719e+03	+2.087e+03	+1.004e+04	+0.237
69.300	+6.351e+03	+4.205e+03	+9.899e+03	+0.398
69.400	+5.037e+03	+2.101e+03	+9.108e+03	+0.294
69.500	+7.637e+03	+5.462e+03	+1.042e+04	+0.417
69.600	+6.130e+03	+4.578e+03	+1.042e+04	+0.428
69.700	+7.676e+03	+1.888e+03	+1.030e+04	+0.197
69.800	+6.002e+03	+2.503e+03	+8.755e+03	+0.294
69.900	+6.455e+03	+3.821e+03	+1.043e+04	+0.372
70.000	+8.039e+03	+2.102e+03	+1.120e+04	+0.207
70.100	+6.151e+03	+4.585e+03	+1.062e+04	+0.427
70.200	+7.639e+03	+1.641e+03	+8.865e+03	+0.177
70.300	+8.066e+03	+3.099e+03	+1.077e+04	+0.278
70.400	+5.642e+03	+3.327e+03	+1.145e+04	+0.371
70.500	+7.690e+03	+3.183e+03	+1.012e+04	+0.293
70.600	+6.531e+03	+4.059e+03	+1.011e+04	+0.383
70.700	+8.369e+03	+3.190e+03	+9.311e+03	+0.276
70.800	+7.538e+03	+2.592e+03	+8.904e+03	+0.256
70.900	+4.766e+03	+5.282e+03	+9.987e+03	+0.526
71.000	+3.295e+03	+6.012e+03	+9.842e+03	+0.646
71.100	+3.552e+03	+6.137e+03	+1.145e+04	+0.633
71.200	+2.947e+03	+6.167e+03	+9.574e+03	+0.677
71.300	+1.594e+03	+7.341e+03	+9.790e+03	+0.822
71.400	+4.097e+03	+5.759e+03	+9.800e+03	+0.584
71.500	+7.197e+03	+3.238e+03	+1.012e+04	+0.310
71.600	+6.023e+03	+3.772e+03	+1.019e+04	+0.385
71.700	+7.846e+03	+1.141e+03	+1.089e+04	+0.127
71.800	+7.695e+03	+3.957e+03	+1.022e+04	+0.340
71.900	+7.095e+03	+1.556e+03	+1.038e+04	+0.180
72.000	+6.768e+03	+4.330e+03	+1.045e+04	+0.390
72.100	+6.251e+03	+2.234e+03	+9.454e+03	+0.263
72.200	+4.696e+03	+6.446e+03	+1.021e+04	+0.579
72.300	+4.128e+03	+6.288e+03	+8.723e+03	+0.604
72.400	+2.458e+03	+6.886e+03	+9.851e+03	+0.737
72.500	+2.809e+03	+6.029e+03	+1.106e+04	+0.682
72.600	+1.278e+03	+6.701e+03	+1.107e+04	+0.840
72.700	+2.590e+03	+7.618e+03	+9.546e+03	+0.746
72.800	+2.851e+03	+6.506e+03	+9.710e+03	+0.695
72.900	+1.663e+03	+7.544e+03	+1.010e+04	+0.819
73.000	+4.448e+03	+7.654e+03	+1.064e+04	+0.632
73.100	+2.732e+03	+7.242e+03	+1.017e+04	+0.726
73.200	+3.745e+03	+7.619e+03	+1.114e+04	+0.670
73.300	+4.478e+03	+5.981e+03	+1.008e+04	+0.572
73.400	+1.944e+03	+6.366e+03	+9.760e+03	+0.766
73.500	+3.397e+03	+6.580e+03	+9.420e+03	+0.660
73.600	+3.183e+03	+5.923e+03	+1.095e+04	+0.650
73.700	+2.957e+03	+8.278e+03	+9.752e+03	+0.737
73.800	+2.552e+03	+7.373e+03	+1.020e+04	+0.743
73.900	+5.111e+03	+4.230e+03	+9.908e+03	+0.453
74.000	+7.699e+03	+3.334e+03	+9.135e+03	+0.302
74.100	+5.769e+03	+4.253e+03	+1.019e+04	+0.424
74.200	+6.449e+03	+3.531e+03	+9.778e+03	+0.354
74.300	+7.716e+03	+3.539e+03	+1.041e+04	+0.314
74.400	+6.713e+03	+4.369e+03	+9.873e+03	+0.394
74.500	+6.325e+03	+3.598e+03	+1.122e+04	+0.363
74.600	+6.492e+03	+2.312e+03	+1.058e+04	+0.263
74.700	+7.154e+03	+3.048e+03	+1.058e+04	+0.299
74.800	+7.018e+03	+3.995e+03	+1.055e+04	+0.363
74.900	+4.968e+03	+3.954e+03	+9.858e+03	+0.443
75.000	+7.892e+03	+1.834e+03	+9.836e+03	+0.189
75.100	+7.313e+03	+1.516e+03	+1.090e+04	+0.172
75.200	+8.171e+03	+1.872e+03	+1.005e+04	+0.186
75.300	+6.251e+03	+2.527e+03	+8.615e+03	+0.288
75.400	+6.803e+03	+3.519e+03	+9.961e+03	+0.341
75.500	+8.496e+03	+4.336e+03	+9.774e+03	+0.338
75.600	+8.112e+03	+3.836e+03	+1.072e+04	+0.321
75.700	+5.834e+03	+2.083e+03	+1.114e+04	+0.263
75.800	+6.585e+03	+2.195e+03	+9.678e+03	+0.250
75.900	+7.127e+03	+2.878e+03	+1.010e+04	+0.288
76.000	+8.025e+03	+3.955e+03	+1.096e+04	+0.330
76.100	+5.952e+03	+4.022e+03	+9.794e+03	+0.403
76.200	+5.213e+03	+4.753e+03	+8.920e+03	+0.477
76.300	+5.480e+03	+3.345e+03	+9.912e+03	+0.379
76.400	+7.769e+03	+3.520e+03	+1.027e+04	+0.312
76.500	+8.293e+03	+3.048e+03	+9.028e+03	+0.269
76.600	+6.029e+03	+2.296e+03	+1.036e+04	+0.276
76.700	+7.690e+03	+3.674e+03	+1.015e+04	+0.323
76.800	+6.646e+03	+3.086e+03	+1.028e+04	+0.317
76.900	+6.824e+03	+5.434e+03	+1.190e+04	+0.443
77.000	+6.482e+03	+4.094e+03	+1.035e+04	+0.387
77.100	+6.513e+03	+2.537e+03	+1.023e+04	+0.280
77.200	+5.755e+03	+1.916e+03	+9.689e+03	+0.250
77.300	+4.831e+03	+3.504e+03	+1.009e+04	+0.420
77.400	+6.009e+03	+3.564e+03	+1.051e+04	+0.372
77.500	+6.140e+03	+3.918e+03	+1.034e+04	+0.390
77.600	+3.636e+03	+6.677e+03	+9.893e+03	+0.647
77.700	+3.793e+03	+6.786e+03	+9.273e+03	+0.641
77.800	+2.923e+03	+7.450e+03	+9.863e+03	+0.718
77.900	+2.022e+03	+5.872e+03	+1.019e+04	+0.744
78.000	+2.114e+03	+7.067e+03	+9.651e+03	+0.770
78.100	+2.286e+03	+6.386e+03	+9.237e+03	+0.736
78.200	+6.696e+03	+3.854e+03	+8.764e+03	+0.365
78.300	+7.770e+03	+3.202e+03	+1.007e+04	+0.292
78.400	+7.145e+03	+3.180e+03	+1.062e+04	+0.308
78.500	+4.144e+03	+5.795e+03	+9.792e+03	+0.583
78.600	+2.284e+03	+6.814e+03	+1.026e+04	+0.749
78.700	+2.789e+03	+6.869e+03	+1.071e+04	+0.711
78.800	+3.366e+03	+6.668e+03	+1.069e+04	+0.665
78.900	+2.698e+03	+7.347e+03	+1.101e+04	+0.731
79.000	+3.843e+03	+7.626e+03	+1.155e+04	+0.665
79.100	+3.300e+03	+5.402e+03	+1.068e+04	+0.621
79.200	+2.924e+03	+6.492e+03	+8.595e+03	+0.689
79.300	+1.993e+03	+6.136e+03	+1.007e+04	+0.755
79.400	+2.404e+03	+6.161e+03	+9.503e+03	+0.719
79.500	+3.315e+03	+7.273e+03	+9.099e+03	+0.687
79.600	+2.202e+03	+6.780e+03	+9.983e+03	+0.755
79.700	+2.208e+03	+5.757e+03	+9.732e+03	+0.723
79.800	+2.111e+03	+7.458e+03	+9.333e+03	+0.779
79.900	+1.761e+03	+6.193e+03	+1.037e+04	+0.779
80.000	+3.030e+03	+5.513e+03	+9.948e+03	+0.645
80.100	+3.598e+03	+6.617e+03	+1.035e+04	+0.648
80.200	+3.331e+03	+8.004e+03	+1.109e+04	+0.706
80.300	+3.335e+03	+7.920e+03	+1.070e+04	+0.704
80.400	+2.627e+03	+8.014e+03	+1.037e+04	+0.753
80.500	+2.401e+03	+7.325e+03	+1.066e+04	+0.753
80.600	+2.955e+03	+7.733e+03	+1.030e+04	+0.724
80.700	+6.729e+03	+2.265e+03	+1.064e+04	+0.252
80.800	+4.974e+03	+3.767e+03	+8.548e+03	+0.431
80.900	+7.402e+03	+3.145e+03	+9.486e+03	+0.298
81.000	+7.078e+03	+3.341e+03	+9.709e+03	+0.321
81.100	+5.806e+03	+3.495e+03	+1.085e+04	+0.376
81.200	+7.721e+03	+3.527e+03	+1.048e+04	+0.314
81.300	+6.088e+03	+3.453e+03	+1.164e+04	+0.362
81.400	+6.995e+03	+2.245e+03	+9.974e+03	+0.243
81.500	+6.622e+03	+4.223e+03	+9.595e+03	+0.389
81.600	+6.907e+03	+3.737e+03	+1.063e+04	+0.351
81.700	+6.758e+03	+1.550e+03	+1.022e+04	+0.187
81.800	+6.547e+03	+2.528e+03	+1.045e+04	+0.279
81.900	+5.969e+03	+4.705e+03	+1.062e+04	+0.441
82.000	+7.032e+03	+2.562e+03	+1.055e+04	+0.267
82.100	+7.506e+03	+3.254e+03	+9.443e+03	+0.302
82.200	+6.742e+03	+2.793e+03	+1.008e+04	+0.293
82.300	+6.703e+03	+2.660e+03	+1.019e+04	+0.284
82.400	+5.855e+03	+2.712e+03	+9.869e+03	+0.317
82.500	+6.986e+03	+2.006e+03	+9.925e+03	+0.223
82.600	+6.755e+03	+2.645e+03	+1.103e+04	+0.281
82.700	+6.007e+03	+3.202e+03	+9.861e+03	+0.348
82.800	+6.995e+03	+1.907e+03	+1.119e+04	+0.214
82.900	+6.706e+03	+2.471e+03	+9.117e+03	+0.269
83.000	+7.827e+03	+3.682e+03	+9.617e+03	+0.320
83.100	+6.742e+03	+2.841e+03	+9.806e+03	+0.296
83.200	+7.216e+03	+4.697e+03	+1.048e+04	+0.394
83.300	+2.915e+03	+7.541e+03	+1.094e+04	+0.721
83.400	+3.817e+03	+4.878e+03	+1.033e+04	+0.561
83.500	+4.392e+03	+6.516e+03	+1.025e+04	+0.597
83.600	+2.161e+03	+6.235e+03	+9.126e+03	+0.743
83.700	+4.378e+03	+8.664e+03	+9.895e+03	+0.664
83.800	+3.155e+03	+6.382e+03	+9.343e+03	+0.669
83.900	+2.291e+03	+7.791e+03	+1.004e+04	+0.773
84.000	+2.491e+03	+7.133e+03	+1.080e+04	+0.741
84.100	+2.981e+03	+7.015e+03	+1.102e+04	+0.702
84.200	+2.261e+03	+6.969e+03	+1.012e+04	+0.755
84.300	+4.049e+03	+7.217e+03	+1.127e+04	+0.641
84.400	+2.965e+03	+7.929e+03	+9.280e+03	+0.728
84.500	+3.205e+03	+5.832e+03	+1.120e+04	+0.645
84.600	+1.814e+03	+7.097e+03	+1.042e+04	+0.796
84.700	+3.368e+03	+7.084e+03	+1.083e+04	+0.678
84.800	+2.678e+03	+7.459e+03	+1.019e+04	+0.736
84.900	+3.879e+03	+8.239e+03	+9.308e+03	+0.680
85.000	+4.127e+03	+6.134e+03	+1.054e+04	+0.598
85.100	+6.218e+03	+3.442e+03	+8.234e+03	+0.356
85.200	+6.709e+03	+2.594e+03	+1.080e+04	+0.279
85.300	+6.431e+03	+3.492e+03	+9.719e+03	+0.352
85.400	+7.310e+03	+2.236e+03	+1.050e+04	+0.234
85.500	+5.979e+03	+2.232e+03	+9.312e+03	+0.272
85.600	+7.187e+03	+2.093e+03	+9.671e+03	+0.226
85.700	+7.500e+03	+3.049e+03	+1.138e+04	+0.289
85.800	+6.456e+03	+4.272e+03	+1.000e+04	+0.398
85.900	+5.651e+03	+2.298e+03	+8.808e+03	+0.289
86.000	+7.713e+03	+1.835e+03	+9.499e+03	+0.192
86.100	+7.787e+03	+3.035e+03	+9.908e+03	+0.280
86.200	+7.705e+03	+3.540e+03	+9.603e+03	+0.315
86.300	+6.927e+03	+4.627e+03	+1.042e+04	+0.400
86.400	+3.675e+03	+6.343e+03	+8.796e+03	+0.633
86.500	+3.412e+03	+6.859e+03	+8.886e+03	+0.668
86.600	+2.294e+03	+7.317e+03	+9.413e+03	+0.761
86.700	+3.095e+03	+7.920e+03	+8.866e+03	+0.719
86.800	+2.034e+03	+6.234e+03	+9.446e+03	+0.754
86.900	+4.478e+03	+6.900e+03	+1.116e+04	+0.606
87.000	+2.771e+03	+8.056e+03	+9.010e+03	+0.744
87.100	+3.086e+03	+4.885e+03	+1.042e+04	+0.613
87.200	+2.212e+03	+6.060e+03	+9.463e+03	+0.733
87.300	+3.181e+03	+7.058e+03	+1.047e+04	+0.689
87.400	+1.016e+03	+7.522e+03	+1.010e+04	+0.881
87.500	+2.998e+03	+7.152e+03	+1.037e+04	+0.705
87.600	+3.624e+03	+6.559e+03	+8.957e+03	+0.644
87.700	+2.429e+03	+7.175e+03	+9.526e+03	+0.747
87.800	+3.141e+03	+6.231e+03	+1.049e+04	+0.665
87.900	+2.633e+03	+8.307e+03	+1.005e+04	+0.759
88.000	+3.102e+03	+7.104e+03	+9.127e+03	+0.696
88.100	+1.896e+03	+6.591e+03	+1.095e+04	+0.777
88.200	+1.958e+03	+7.163e+03	+1.012e+04	+0.785
88.300	+1.709e+03	+7.294e+03	+1.198e+04	+0.810
88.400	+4.285e+03	+6.631e+03	+1.027e+04	+0.607
88.500	+1.552e+03	+7.156e+03	+1.052e+04	+0.822
88.600	+3.508e+03	+5.367e+03	+9.843e+03	+0.605
88.700	+3.170e+03	+6.607e+03	+1.091e+04	+0.676
88.800	+3.603e+03	+6.298e+03	+1.098e+04	+0.636
88.900	+1.858e+03	+7.263e+03	+1.033e+04	+0.796
89.000	+2.142e+03	+7.126e+03	+1.006e+04	+0.769
89.100	+1.407e+03	+6.637e+03	+1.000e+04	+0.825
89.200	+2.520e+03	+7.179e+03	+9.506e+03	+0.740
89.300	+2.899e+03	+6.537e+03	+9.121e+03	+0.693
89.400	+7.473e+03	+2.548e+03	+1.102e+04	+0.254
89.500	+7.336e+03	+2.385e+03	+9.627e+03	+0.245
89.600	+7.852e+03	+3.590e+03	+1.074e+04	+0.314
89.700	+6.437e+03	+5.484e+03	+1.064e+04	+0.460
89.800	+6.617e+03	+1.657e+03	+1.029e+04	+0.200
89.900	+1.836e+03	+8.576e+03	+1.073e+04	+0.824
90.000	+2.778e+03	+6.986e+03	+9.993e+03	+0.716
90.100	+3.075e+03	+6.437e+03	+1.045e+04	+0.677
90.200	+1.064e+03	+8.195e+03	+9.880e+03	+0.885
90.300	+2.786e+03	+7.020e+03	+1.038e+04	+0.716
90.400	+3.347e+03	+8.027e+03	+9.687e+03	+0.706
90.500	+3.534e+03	+6.654e+03	+1.103e+04	+0.653
90.600	+3.219e+03	+5.860e+03	+9.154e+03	+0.645
90.700	+3.051e+03	+5.125e+03	+1.014e+04	+0.627
90.800	+5.135e+03	+1.675e+03	+9.709e+03	+0.246
90.900	+8.028e+03	+1.454e+03	+9.738e+03	+0.153
91.000	+4.489e+03	+6.095e+03	+9.848e+03	+0.576
91.100	+2.211e+03	+7.183e+03	+8.824e+03	+0.765
91.200	+4.454e+03	+7.229e+03	+1.054e+04	+0.619
91.300	+6.841e+03	+3.511e+03	+1.032e+04	+0.339
91.400	+5.131e+03	+4.604e+03	+9.401e+03	+0.473
91.500	+2.443e+03	+6.601e+03	+1.023e+04	+0.730
91.600	+3.794e+03	+6.805e+03	+9.374e+03	+0.642
91.700	+3.646e+03	+5.863e+03	+1.143e+04	+0.617
91.800	+1.310e+03	+6.511e+03	+1.030e+04	+0.833
91.900	+2.833e+03	+6.446e+03	+1.060e+04	+0.695
92.000	+2.399e+03	+7.676e+03	+9.859e+03	+0.762
92.100	+4.368e+03	+8.333e+03	+1.087e+04	+0.656
92.200	+2.299e+03	+6.760e+03	+1.034e+04	+0.746
92.300	+2.751e+03	+5.803e+03	+1.108e+04	+0.678
92.400	+1.896e+03	+5.841e+03	+9.329e+03	+0.755
92.500	+2.912e+03	+8.819e+03	+8.882e+03	+0.752
92.600	+3.151e+03	+6.734e+03	+9.503e+03	+0.681
92.700	+3.541e+03	+8.086e+03	+9.697e+03	+0.695
92.800	+1.883e+03	+6.867e+03	+1.100e+04	+0.785
92.900	+4.638e+03	+5.095e+03	+9.704e+03	+0.523
93.000	+2.708e+03	+7.979e+03	+9.556e+03	+0.747
93.100	+3.388e+03	+7.215e+03	+9.801e+03	+0.680
93.200	+3.043e+03	+7.653e+03	+9.757e+03	+0.716
93.300	+4.815e+03	+6.926e+03	+1.117e+04	+0.590
93.400	+3.933e+03	+6.884e+03	+9.208e+03	+0.636
93.500	+1.415e+03	+6.513e+03	+8.932e+03	+0.821
93.600	+3.107e+03	+5.897e+03	+1.058e+04	+0.655
93.700	+2.884e+03	+6.572e+03	+1.065e+04	+0.695
93.800	+7.629e+03	+3.116e+03	+1.107e+04	+0.290
93.900	+8.311e+03	+1.859e+03	+1.140e+04	+0.183
94.000	+8.173e+03	+2.577e+03	+9.134e+03	+0.240
94.100	+7.171e+03	+5.079e+03	+1.030e+04	+0.415
94.200	+6.923e+03	+2.857e+03	+1.038e+04	+0.292
94.300	+6.976e+03	+3.622e+03	+1.094e+04	+0.342
94.400	+6.134e+03	+5.244e+03	+1.036e+04	+0.461
94.500	+4.888e+03	+3.973e+03	+9.581e+03	+0.448
94.600	+6.934e+03	+2.363e+03	+9.659e+03	+0.254
94.700	+6.298e+03	+3.729e+03	+1.019e+04	+0.372
94.800	+7.565e+03	+3.976e+03	+1.070e+04	+0.345
94.900	+8.003e+03	+2.181e+03	+8.960e+03	+0.214
95.000	+6.856e+03	+3.111e+03	+9.483e+03	+0.312
95.100	+7.491e+03	+3.794e+03	+9.878e+03	+0.336
95.200	+6.762e+03	+2.665e+03	+1.107e+04	+0.283
95.300	+3.786e+03	+7.858e+03	+1.047e+04	+0.675
95.400	+3.536e+03	+5.364e+03	+9.995e+03	+0.603
95.500	+1.908e+03	+7.077e+03	+1.092e+04	+0.788
95.600	+2.188e+03	+7.970e+03	+9.346e+03	+0.785
95.700	+4.357e+03	+6.870e+03	+9.059e+03	+0.612
95.800	+2.233e+03	+7.610e+03	+1.132e+04	+0.773
95.900	+2.419e+03	+7.934e+03	+1.123e+04	+0.766
96.000	+1.836e+03	+7.721e+03	+8.087e+03	+0.808
96.100	+1.708e+03	+7.288e+03	+9.336e+03	+0.810
96.200	+2.417e+03	+7.332e+03	+1.044e+04	+0.752
96.300	+2.878e+03	+6.537e+03	+9.475e+03	+0.694
96.400	+3.155e+03	+6.112e+03	+1.006e+04	+0.660
96.500	+3.124e+03	+6.106e+03	+8.649e+03	+0.662
96.600	+3.864e+03	+6.383e+03	+9.546e+03	+0.623
96.700	+5.037e+03	+5.005e+03	+1.011e+04	+0.498
96.800	+5.630e+03	+2.385e+03	+8.870e+03	+0.298
96.900	+7.175e+03	+2.519e+03	+1.016e+04	+0.260
97.000	+5.529e+03	+3.824e+03	+9.627e+03	+0.409
97.100	+5.840e+03	+3.585e+03	+1.047e+04	+0.380
97.200	+6.469e+03	+4.098e+03	+1.161e+04	+0.388
97.300	+7.020e+03	+3.188e+03	+9.814e+03	+0.312
97.400	+7.825e+03	+3.442e+03	+9.940e+03	+0.306
97.500	+6.814e+03	+3.421e+03	+9.344e+03	+0.334
97.600	+2.668e+03	+8.267e+03	+1.069e+04	+0.756
97.700	+3.298e+03	+7.813e+03	+1.044e+04	+0.703
97.800	+2.489e+03	+7.009e+03	+1.030e+04	+0.738
97.900	+3.517e+03	+6.465e+03	+1.058e+04	+0.648
98.000	+3.305e+03	+6.314e+03	+1.025e+04	+0.656
98.100	+2.855e+03	+6.646e+03	+1.022e+04	+0.700
98.200	+1.263e+03	+5.919e+03	+8.940e+03	+0.824
98.300	+3.127e+03	+7.459e+03	+1.015e+04	+0.705
98.400	+4.431e+03	+5.731e+03	+1.147e+04	+0.564
98.500	+2.295e+03	+5.487e+03	+8.842e+03	+0.705
98.600	+7.140e+03	+3.165e+03	+8.659e+03	+0.307
98.700	+5.298e+03	+4.326e+03	+1.075e+04	+0.449
98.800	+3.530e+03	+7.171e+03	+1.076e+04	+0.670
98.900	+3.705e+03	+6.686e+03	+9.661e+03	+0.643
99.000	+2.715e+03	+8.400e+03	+8.858e+03	+0.756
99.100	+3.119e+03	+6.875e+03	+9.412e+03	+0.688
99.200	+3.213e+03	+6.756e+03	+1.168e+04	+0.678
99.300	+1.626e+03	+6.162e+03	+8.634e+03	+0.791
99.400	+1.317e+03	+6.546e+03	+9.379e+03	+0.832
99.500	+2.709e+03	+6.972e+03	+9.836e+03	+0.720
99.600	+2.777e+03	+7.328e+03	+9.060e+03	+0.725
99.700	+2.077e+03	+7.269e+03	+8.933e+03	+0.778
99.800	+4.606e+03	+6.035e+03	+9.475e+03	+0.567
99.900	+6.037e+03	+3.013e+03	+1.018e+04	+0.333
100.000	+6.729e+03	+2.055e+03	+1.073e+04	+0.234
100.100	+3.635e+03	+7.112e+03	+9.735e+03	+0.662
100.200	+3.104e+03	+6.187e+03	+9.900e+03	+0.666
100.300	+4.415e+03	+7.416e+03	+1.049e+04	+0.627
100.400	+3.189e+03	+6.351e+03	+1.050e+04	+0.666
100.500	+3.365e+03	+5.327e+03	+9.197e+03	+0.613
100.600	+2.264e+03	+6.957e+03	+8.956e+03	+0.755
100.700	+1.910e+03	+6.983e+03	+1.056e+04	+0.785
100.800	+4.349e+03	+5.385e+03	+1.107e+04	+0.553
100.900	+9.053e+03	+2.504e+03	+9.807e+03	+0.217
101.000	+6.766e+03	+2.205e+03	+1.050e+04	+0.246
101.100	+6.786e+03	+2.738e+03	+9.434e+03	+0.287
101.200	+7.810e+03	+2.604e+03	+1.039e+04	+0.250
101.300	+8.629e+03	+3.421e+03	+9.513e+03	+0.284
101.400	+8.453e+03	+3.540e+03	+9.082e+03	+0.295
101.500	+5.808e+03	+2.833e+03	+9.710e+03	+0.328
101.600	+7.047e+03	+3.423e+03	+1.166e+04	+0.327
101.700	+6.465e+03	+2.449e+03	+1.051e+04	+0.275
101.800	+7.469e+03	+2.954e+03	+1.025e+04	+0.283
101.900	+6.450e+03	+3.159e+03	+1.038e+04	+0.329
102.000	+7.400e+03	+1.539e+03	+1.043e+04	+0.172
102.100	+7.619e+03	+3.911e+03	+1.065e+04	+0.339
102.200	+6.427e+03	+2.443e+03	+8.938e+03	+0.275
102.300	+7.643e+03	+3.184e+03	+1.066e+04	+0.294
102.400	+7.886e+03	+3.249e+03	+9.422e+03	+0.292
102.500	+6.270e+03	+3.533e+03	+9.340e+03	+0.360
102.600	+6.201e+03	+2.910e+03	+1.146e+04	+0.319
102.700	+7.057e+03	+3.097e+03	+1.141e+04	+0.305
102.800	+8.726e+03	+3.555e+03	+1.025e+04	+0.289
102.900	+6.818e+03	+3.795e+03	+9.534e+03	+0.358
103.000	+6.288e+03	+4.133e+03	+8.998e+03	+0.397
103.100	+6.058e+03	+6.043e+03	+1.001e+04	+0.499
103.200	+3.526e+03	+7.345e+03	+1.000e+04	+0.676
103.300	+2.329e+03	+6.385e+03	+9.288e+03	+0.733
103.400	+1.613e+03	+6.848e+03	+9.484e+03	+0.809
103.500	+4.228e+03	+5.976e+03	+9.721e+03	+0.586
103.600	+3.462e+03	+6.912e+03	+1.076e+04	+0.666
103.700	+4.833e+03	+7.965e+03	+1.035e+04	+0.622
103.800	+3.583e+03	+7.069e+03	+1.038e+04	+0.664
103.900	+3.311e+03	+5.508e+03	+1.039e+04	+0.625
104.000	+2.860e+03	+7.803e+03	+9.769e+03	+0.732
104.100	+3.341e+03	+7.020e+03	+1.022e+04	+0.678
104.200	+3.940e+03	+7.290e+03	+9.718e+03	+0.649
104.300	+2.209e+03	+6.375e+03	+1.139e+04	+0.743
104.400	+2.143e+03	+6.620e+03	+1.112e+04	+0.755
104.500	+3.397e+03	+6.925e+03	+1.033e+04	+0.671
104.600	+3.379e+03	+6.567e+03	+1.061e+04	+0.660
104.700	+2.740e+03	+6.827e+03	+9.421e+03	+0.714
104.800	+3.745e+03	+8.183e+03	+1.101e+04	+0.686
104.900	+6.493e+03	+4.256e+03	+1.064e+04	+0.396
105.000	+8.623e+03	+2.230e+03	+1.049e+04	+0.205
105.100	+6.781e+03	+2.415e+03	+1.061e+04	+0.263
105.200	+9.358e+03	+3.973e+03	+9.710e+03	+0.298
105.300	+8.260e+03	+2.917e+03	+1.084e+04	+0.261
105.400	+6.280e+03	+3.622e+03	+9.218e+03	+0.366
105.500	+9.579e+02	+6.498e+03	+1.048e+04	+0.872
105.600	+2.705e+03	+6.663e+03	+8.731e+03	+0.711
105.700	+2.927e+03	+8.791e+03	+1.117e+04	+0.750
105.800	+5.592e+03	+4.677e+03	+9.589e+03	+0.455
105.900	+6.656e+03	+3.495e+03	+1.025e+04	+0.344
106.000	+5.388e+03	+1.643e+03	+8.380e+03	+0.234
106.100	+6.893e+03	+2.814e+03	+1.039e+04	+0.290
106.200	+6.693e+03	+3.347e+03	+1.101e+04	+0.333
106.300	+8.358e+03	+4.339e+03	+1.018e+04	+0.342
106.400	+6.178e+03	+2.515e+03	+1.070e+04	+0.289
106.500	+7.989e+03	+2.917e+03	+1.002e+04	+0.267
106.600	+7.832e+03	+2.819e+03	+1.084e+04	+0.265
106.700	+7.100e+03	+1.763e+03	+9.270e+03	+0.199
106.800	+6.081e+03	+3.322e+03	+9.648e+03	+0.353
106.900	+7.338e+03	+2.997e+03	+9.881e+03	+0.290
107.000	+7.197e+03	+2.781e+03	+9.992e+03	+0.279
107.100	+5.383e+03	+3.010e+03	+9.394e+03	+0.359
107.200	+6.379e+03	+2.539e+03	+9.791e+03	+0.285
107.300	+7.155e+03	+1.923e+03	+1.139e+04	+0.212
107.400	+5.443e+03	+4.372e+03	+9.780e+03	+0.445
107.500	+7.612e+03	+2.872e+03	+1.033e+04	+0.274
107.600	+7.448e+03	+2.010e+03	+1.017e+04	+0.212
107.700	+5.833e+03	+2.468e+03	+9.919e+03	+0.297
107.800	+4.222e+03	+2.724e+03	+1.008e+04	+0.392
107.900	+2.679e+03	+6.914e+03	+1.048e+04	+0.721
108.000	+3.500e+03	+7.643e+03	+9.958e+03	+0.686
108.100	+2.432e+03	+7.158e+03	+9.500e+03	+0.746
108.200	+3.216e+03	+8.413e+03	+1.105e+04	+0.723
108.300	+2.672e+03	+7.543e+03	+9.945e+03	+0.738
108.400	+3.668e+03	+7.000e+03	+1.056e+04	+0.656
108.500	+2.853e+03	+7.918e+03	+8.893e+03	+0.735
108.600	+3.185e+03	+8.335e+03	+1.066e+04	+0.723
108.700	+5.065e+03	+8.118e+03	+1.011e+04	+0.616
108.800	+3.083e+03	+6.930e+03	+9.825e+03	+0.692
108.900	+2.461e+03	+7.295e+03	+8.637e+03	+0.748
109.000	+1.995e+03	+6.601e+03	+9.406e+03	+0.768
109.100	+2.187e+03	+7.727e+03	+9.808e+03	+0.779
109.200	+1.509e+03	+6.726e+03	+8.843e+03	+0.817
109.300	+2.859e+03	+8.124e+03	+9.199e+03	+0.740
109.400	+4.092e+03	+7.613e+03	+1.057e+04	+0.650
109.500	+8.291e+03	+1.721e+03	+1.080e+04	+0.172
109.600	+6.442e+03	+4.135e+03	+1.032e+04	+0.391
109.700	+6.461e+03	+3.151e+03	+1.052e+04	+0.328
109.800	+6.312e+03	+3.075e+03	+1.176e+04	+0.328
109.900	+5.855e+03	+3.188e+03	+1.024e+04	+0.353
110.000	+3.452e+03	+3.922e+03	+9.437e+03	+0.532
110.100	+3.344e+03	+7.535e+03	+1.108e+04	+0.693
110.200	+2.758e+03	+7.681e+03	+1.172e+04	+0.736
110.300	+2.766e+03	+6.900e+03	+1.111e+04	+0.714
110.400	+5.116e+03	+7.352e+03	+9.318e+03	+0.590
110.500	+2.995e+03	+7.351e+03	+1.039e+04	+0.711
110.600	+4.391e+03	+6.646e+03	+9.507e+03	+0.602
110.700	+3.236e+03	+6.015e+03	+1.092e+04	+0.650
110.800	+3.464e+03	+8.409e+03	+9.139e+03	+0.708
110.900	+3.641e+03	+8.185e+03	+1.032e+04	+0.692
