%t (s)	Idd (a.u.)	Ida (a.u.)	Iaa (a.u.)	FRET E
0.000	+2.075e+03	+8.353e+03	+1.056e+04	+0.801
0.100	+3.116e+03	+8.790e+03	+1.041e+04	+0.738
0.200	+2.166e+03	+6.576e+03	+8.302e+03	+0.752
0.300	+2.176e+03	+7.483e+03	+9.548e+03	+0.775
0.400	+1.995e+03	+7.416e+03	+1.185e+04	+0.788
0.500	+2.630e+03	+6.486e+03	+1.024e+04	+0.711
0.600	+8.284e+03	+3.680e+03	+1.075e+04	+0.308
0.700	+6.625e+03	+2.214e+03	+9.629e+03	+0.251
0.800	+6.388e+03	+2.674e+03	+1.027e+04	+0.295
0.900	+6.239e+03	+2.622e+03	+1.009e+04	+0.296
1.000	+6.212e+03	+1.748e+03	+9.445e+03	+0.220
1.100	+7.895e+03	+3.355e+03	+8.486e+03	+0.298
1.200	+7.597e+03	+3.197e+03	+9.859e+03	+0.296
1.300	+7.435e+03	+3.408e+03	+9.066e+03	+0.314
1.400	+6.724e+03	+2.471e+03	+8.893e+03	+0.269
1.500	+5.685e+03	+3.390e+03	+1.035e+04	+0.374
1.600	+7.803e+03	+2.884e+03	+1.182e+04	+0.270
1.700	+6.047e+03	+3.232e+03	+9.585e+03	+0.348
1.800	+6.716e+03	+3.030e+03	+1.047e+04	+0.311
1.900	+7.042e+03	+2.375e+03	+9.693e+03	+0.252
2.000	+3.945e+03	+8.420e+03	+9.910e+03	+0.681
2.100	+3.013e+03	+7.030e+03	+1.084e+04	+0.700
2.200	+4.579e+03	+6.362e+03	+1.023e+04	+0.581
2.300	+3.525e+03	+7.373e+03	+9.486e+03	+0.677
2.400	+4.151e+03	+6.190e+03	+1.064e+04	+0.599
2.500	+1.876e+03	+7.833e+03	+9.380e+03	+0.807
2.600	+3.517e+03	+7.215e+03	+1.053e+04	+0.672
2.700	+2.320e+03	+6.875e+03	+9.665e+03	+0.748
2.800	+3.169e+03	+5.256e+03	+8.378e+03	+0.624
2.900	+3.591e+03	+7.879e+03	+1.021e+04	+0.687
3.000	+2.745e+03	+7.909e+03	+8.410e+03	+0.742
3.100	+3.469e+03	+7.489e+03	+9.833e+03	+0.683
3.200	+6.897e+03	+2.792e+03	+1.005e+04	+0.288
3.300	+4.839e+03	+7.395e+03	+9.488e+03	+0.604
3.400	+3.840e+03	+7.492e+03	+9.952e+03	+0.661
3.500	+3.132e+03	+8.459e+03	+1.086e+04	+0.730
3.600	+3.072e+03	+6.764e+03	+1.010e+04	+0.688
3.700	+3.706e+03	+7.931e+03	+1.103e+04	+0.682
3.800	+2.749e+03	+6.401e+03	+8.050e+03	+0.700
3.900	+3.056e+03	+7.128e+03	+9.804e+03	+0.700
4.000	+3.064e+03	+7.380e+03	+1.036e+04	+0.707
4.100	+3.751e+03	+6.654e+03	+9.617e+03	+0.639
4.200	+2.838e+03	+6.840e+03	+1.067e+04	+0.707
4.300	+5.972e+03	+4.350e+03	+1.027e+04	+0.421
4.400	+8.138e+03	+1.257e+03	+8.686e+03	+0.134
4.500	+6.620e+03	+4.321e+03	+9.406e+03	+0.395
4.600	+2.777e+03	+6.027e+03	+9.819e+03	+0.685
4.700	+4.416e+03	+6.678e+03	+1.090e+04	+0.602
4.800	+2.523e+03	+6.936e+03	+8.308e+03	+0.733
4.900	+4.113e+03	+7.223e+03	+8.778e+03	+0.637
5.000	+4.133e+03	+8.193e+03	+1.101e+04	+0.665
5.100	+4.099e+03	+7.522e+03	+1.114e+04	+0.647
5.200	+2.595e+03	+7.906e+03	+1.034e+04	+0.753
5.300	+2.618e+03	+5.773e+03	+1.024e+04	+0.688
5.400	+1.173e+03	+6.961e+03	+9.142e+03	+0.856
5.500	+2.037e+03	+7.184e+03	+1.006e+04	+0.779
5.600	+3.519e+03	+6.966e+03	+1.005e+04	+0.664
5.700	+2.745e+03	+5.906e+03	+1.187e+04	+0.683
5.800	+2.725e+03	+7.875e+03	+9.143e+03	+0.743
5.900	+3.945e+03	+7.045e+03	+9.632e+03	+0.641
6.000	+2.783e+03	+7.798e+03	+1.034e+04	+0.737
6.100	+4.060e+03	+6.863e+03	+9.800e+03	+0.628
6.200	+2.182e+03	+6.637e+03	+1.097e+04	+0.753
6.300	+3.094e+03	+7.714e+03	+1.028e+04	+0.714
6.400	+2.872e+03	+7.603e+03	+9.925e+03	+0.726
6.500	+2.789e+03	+6.157e+03	+8.467e+03	+0.688
6.600	+6.926e+03	+4.274e+03	+8.947e+03	+0.382
6.700	+8.687e+03	+1.365e+03	+8.328e+03	+0.136
6.800	+7.142e+03	+2.653e+03	+1.160e+04	+0.271
6.900	+7.964e+03	+3.947e+03	+1.003e+04	+0.331
7.000	+3.256e+03	+5.733e+03	+1.041e+04	+0.638
7.100	+3.196e+03	+7.504e+03	+1.076e+04	+0.701
7.200	+3.280e+03	+7.849e+03	+7.974e+03	+0.705
7.300	+2.956e+03	+6.979e+03	+9.450e+03	+0.702
7.400	+3.360e+03	+7.379e+03	+1.029e+04	+0.687
7.500	+4.056e+03	+8.376e+03	+9.069e+03	+0.674
7.600	+5.181e+03	+7.339e+03	+9.517e+03	+0.586
7.700	+3.549e+03	+6.573e+03	+8.991e+03	+0.649
7.800	+1.511e+03	+8.723e+03	+9.975e+03	+0.852
7.900	+2.934e+03	+6.672e+03	+8.692e+03	+0.695
8.000	+1.696e+03	+6.775e+03	+1.018e+04	+0.800
8.100	+3.358e+03	+5.912e+03	+1.008e+04	+0.638
8.200	+2.968e+03	+6.322e+03	+1.004e+04	+0.681
8.300	+5.625e+03	+1.897e+03	+9.086e+03	+0.252
8.400	+6.023e+03	+3.507e+03	+9.164e+03	+0.368
8.500	+7.021e+03	+2.041e+03	+8.822e+03	+0.225
8.600	+7.059e+03	+4.127e+03	+9.684e+03	+0.369
8.700	+8.965e+03	+2.569e+03	+1.079e+04	+0.223
8.800	+7.018e+03	+3.197e+03	+1.145e+04	+0.313
8.900	+7.337e+03	+2.552e+03	+1.010e+04	+0.258
9.000	+7.080e+03	+2.310e+03	+1.067e+04	+0.246
9.100	+6.585e+03	+2.361e+03	+1.040e+04	+0.264
9.200	+6.389e+03	+3.760e+03	+1.160e+04	+0.370
9.300	+8.129e+03	+2.579e+03	+1.068e+04	+0.241
9.400	+7.011e+03	+2.492e+03	+9.657e+03	+0.262
9.500	+7.450e+03	+2.399e+03	+1.102e+04	+0.244
9.600	+7.237e+03	+2.939e+03	+1.128e+04	+0.289
9.700	+6.524e+03	+2.739e+03	+1.003e+04	+0.296
9.800	+8.613e+03	+3.642e+03	+9.925e+03	+0.297
9.900	+6.780e+03	+2.683e+03	+1.041e+04	+0.284
10.000	+7.349e+03	+4.093e+03	+9.588e+03	+0.358
10.100	+7.055e+03	+3.850e+03	+8.931e+03	+0.353
10.200	+5.240e+03	+2.804e+03	+1.047e+04	+0.349
10.300	+7.153e+03	+2.677e+03	+9.437e+03	+0.272
10.400	+8.520e+03	+3.416e+03	+9.469e+03	+0.286
10.500	+6.587e+03	+1.770e+03	+9.802e+03	+0.212
10.600	+8.033e+03	+3.842e+03	+1.031e+04	+0.324
10.700	+8.150e+03	+2.126e+03	+1.134e+04	+0.207
10.800	+7.572e+03	+1.931e+03	+9.362e+03	+0.203
10.900	+6.247e+03	+3.512e+03	+1.045e+04	+0.360
11.000	+8.595e+03	+3.276e+03	+9.660e+03	+0.276
11.100	+7.516e+03	+4.310e+03	+1.017e+04	+0.364
11.200	+7.082e+03	+2.566e+03	+8.412e+03	+0.266
11.300	+6.386e+03	+3.420e+03	+9.684e+03	+0.349
11.400	+6.065e+03	+3.133e+03	+9.615e+03	+0.341
11.500	+8.211e+03	+3.446e+03	+8.858e+03	+0.296
11.600	+7.761e+03	+3.955e+03	+1.035e+04	+0.338
11.700	+3.672e+03	+6.012e+03	+1.035e+04	+0.621
11.800	+4.094e+03	+7.078e+03	+9.505e+03	+0.634
11.900	+3.985e+03	+7.052e+03	+1.025e+04	+0.639
12.000	+2.950e+03	+6.670e+03	+1.110e+04	+0.693
12.100	+2.474e+03	+6.954e+03	+1.114e+04	+0.738
12.200	+2.700e+03	+7.769e+03	+1.115e+04	+0.742
12.300	+4.416e+03	+7.057e+03	+9.867e+03	+0.615
12.400	+3.215e+03	+4.928e+03	+9.154e+03	+0.605
12.500	+3.113e+03	+7.925e+03	+8.850e+03	+0.718
12.600	+2.670e+03	+7.602e+03	+1.123e+04	+0.740
12.700	+2.350e+03	+6.773e+03	+1.082e+04	+0.742
12.800	+3.163e+03	+8.432e+03	+9.767e+03	+0.727
12.900	+5.637e+03	+5.420e+03	+1.086e+04	+0.490
13.000	+7.721e+03	+2.645e+03	+1.027e+04	+0.255
13.100	+6.447e+03	+3.055e+03	+9.507e+03	+0.321
13.200	+7.477e+03	+2.400e+03	+9.165e+03	+0.243
13.300	+6.459e+03	+2.644e+03	+1.112e+04	+0.290
13.400	+5.647e+03	+3.716e+03	+1.090e+04	+0.397
13.500	+5.981e+03	+3.117e+03	+9.161e+03	+0.343
13.600	+6.342e+03	+3.115e+03	+9.435e+03	+0.329
13.700	+6.077e+03	+2.587e+03	+1.005e+04	+0.299
13.800	+2.920e+03	+8.078e+03	+1.045e+04	+0.734
13.900	+2.523e+03	+7.940e+03	+8.805e+03	+0.759
14.000	+4.093e+03	+6.926e+03	+1.010e+04	+0.629
14.100	+2.719e+03	+6.326e+03	+8.567e+03	+0.699
14.200	+2.432e+03	+8.334e+03	+9.772e+03	+0.774
14.300	+3.107e+03	+6.664e+03	+9.761e+03	+0.682
14.400	+3.935e+03	+6.727e+03	+8.572e+03	+0.631
14.500	+5.026e+03	+7.677e+03	+8.866e+03	+0.604
14.600	+3.367e+03	+6.454e+03	+9.457e+03	+0.657
14.700	+2.241e+03	+6.261e+03	+9.904e+03	+0.736
14.800	+7.185e+03	+3.702e+03	+1.032e+04	+0.340
14.900	+6.445e+03	+2.664e+03	+9.960e+03	+0.292
15.000	+3.304e+03	+7.483e+03	+1.006e+04	+0.694
15.100	+2.207e+03	+8.316e+03	+9.632e+03	+0.790
15.200	+3.996e+03	+7.090e+03	+1.000e+04	+0.640
15.300	+2.462e+03	+7.631e+03	+1.104e+04	+0.756
15.400	+4.066e+03	+8.231e+03	+1.021e+04	+0.669
15.500	+1.942e+03	+7.680e+03	+9.817e+03	+0.798
15.600	+3.112e+03	+7.771e+03	+9.750e+03	+0.714
15.700	+2.207e+03	+7.629e+03	+9.534e+03	+0.776
15.800	+3.248e+03	+7.588e+03	+1.029e+04	+0.700
15.900	+3.010e+03	+7.806e+03	+1.106e+04	+0.722
16.000	+2.907e+03	+6.845e+03	+1.022e+04	+0.702
16.100	+1.898e+03	+7.012e+03	+9.556e+03	+0.787
16.200	+3.257e+03	+6.306e+03	+9.917e+03	+0.659
16.300	+3.276e+03	+7.290e+03	+9.460e+03	+0.690
16.400	+3.409e+03	+7.234e+03	+1.004e+04	+0.680
16.500	+2.659e+03	+6.868e+03	+8.615e+03	+0.721
16.600	+4.368e+03	+7.044e+03	+8.800e+03	+0.617
16.700	+2.428e+03	+7.402e+03	+9.872e+03	+0.753
16.800	+2.649e+03	+6.867e+03	+9.582e+03	+0.722
16.900	+2.963e+03	+6.260e+03	+1.047e+04	+0.679
17.000	+4.343e+03	+7.080e+03	+8.808e+03	+0.620
17.100	+3.030e+03	+8.103e+03	+1.027e+04	+0.728
17.200	+3.620e+03	+6.361e+03	+1.033e+04	+0.637
17.300	+6.316e+03	+3.622e+03	+9.812e+03	+0.364
17.400	+6.832e+03	+3.108e+03	+1.045e+04	+0.313
17.500	+5.612e+03	+4.494e+03	+9.224e+03	+0.445
17.600	+7.458e+03	+3.063e+03	+1.126e+04	+0.291
17.700	+5.727e+03	+3.206e+03	+1.173e+04	+0.359
17.800	+6.759e+03	+2.063e+03	+1.007e+04	+0.234
17.900	+7.515e+03	+1.362e+03	+9.890e+03	+0.153
18.000	+5.211e+03	+2.744e+03	+1.063e+04	+0.345
18.100	+8.945e+03	+2.602e+03	+1.011e+04	+0.225
18.200	+6.687e+03	+3.131e+03	+1.103e+04	+0.319
18.300	+6.465e+03	+3.449e+03	+1.027e+04	+0.348
18.400	+6.494e+03	+3.655e+03	+1.210e+04	+0.360
18.500	+6.322e+03	+2.071e+03	+1.120e+04	+0.247
18.600	+7.576e+03	+2.977e+03	+9.533e+03	+0.282
18.700	+7.018e+03	+2.805e+03	+9.296e+03	+0.286
18.800	+7.583e+03	+1.833e+03	+1.070e+04	+0.195
18.900	+6.982e+03	+2.482e+03	+9.715e+03	+0.262
19.000	+6.956e+03	+3.839e+03	+9.833e+03	+0.356
19.100	+6.325e+03	+4.117e+03	+1.062e+04	+0.394
19.200	+6.050e+03	+4.698e+03	+8.995e+03	+0.437
19.300	+7.886e+03	+3.334e+03	+1.068e+04	+0.297
19.400	+7.070e+03	+2.921e+03	+1.020e+04	+0.292
19.500	+6.944e+03	+3.289e+03	+9.105e+03	+0.321
19.600	+7.614e+03	+2.491e+03	+9.780e+03	+0.247
19.700	+8.112e+03	+2.717e+03	+9.965e+03	+0.251
19.800	+7.781e+03	+3.463e+03	+1.048e+04	+0.308
19.900	+7.300e+03	+3.081e+03	+9.581e+03	+0.297
20.000	+7.275e+03	+3.546e+03	+9.750e+03	+0.328
20.100	+7.636e+03	+3.145e+03	+9.566e+03	+0.292
20.200	+8.047e+03	+3.713e+03	+1.092e+04	+0.316
20.300	+5.248e+03	+3.477e+03	+8.891e+03	+0.398
20.400	+7.862e+03	+3.608e+03	+1.160e+04	+0.315
20.500	+5.875e+03	+2.842e+03	+1.036e+04	+0.326
20.600	+7.462e+03	+3.528e+03	+9.920e+03	+0.321
20.700	+6.929e+03	+3.590e+03	+9.388e+03	+0.341
20.800	+7.455e+03	+2.943e+03	+9.940e+03	+0.283
20.900	+6.761e+03	+3.595e+03	+9.646e+03	+0.347
21.000	+5.991e+03	+3.552e+03	+1.119e+04	+0.372
21.100	+6.516e+03	+2.348e+03	+9.790e+03	+0.265
21.200	+6.870e+03	+4.806e+03	+1.069e+04	+0.412
21.300	+6.649e+03	+2.312e+03	+9.750e+03	+0.258
21.400	+7.723e+03	+2.811e+03	+9.810e+03	+0.267
21.500	+6.148e+03	+3.511e+03	+9.132e+03	+0.364
21.600	+6.808e+03	+2.858e+03	+9.891e+03	+0.296
21.700	+5.890e+03	+2.318e+03	+1.047e+04	+0.282
21.800	+6.769e+03	+2.814e+03	+9.244e+03	+0.294
21.900	+5.814e+03	+3.170e+03	+9.718e+03	+0.353
22.000	+6.545e+03	+4.089e+03	+1.025e+04	+0.385
22.100	+6.470e+03	+2.506e+03	+9.491e+03	+0.279
22.200	+6.584e+03	+1.543e+03	+1.052e+04	+0.190
22.300	+7.310e+03	+1.699e+03	+1.098e+04	+0.189
22.400	+6.471e+03	+3.869e+03	+1.022e+04	+0.374
22.500	+7.580e+03	+3.945e+03	+1.020e+04	+0.342
22.600	+7.915e+03	+2.787e+03	+9.677e+03	+0.260
22.700	+7.298e+03	+3.433e+03	+1.004e+04	+0.320
22.800	+6.130e+03	+1.806e+03	+1.065e+04	+0.228
22.900	+8.202e+03	+1.977e+03	+8.443e+03	+0.194
23.000	+7.234e+03	+3.060e+03	+9.160e+03	+0.297
23.100	+7.135e+03	+3.810e+03	+1.211e+04	+0.348
23.200	+7.284e+03	+3.072e+03	+1.069e+04	+0.297
23.300	+6.888e+03	+3.608e+03	+1.029e+04	+0.344
23.400	+6.661e+03	+3.328e+03	+1.017e+04	+0.333
23.500	+6.888e+03	+3.805e+03	+1.075e+04	+0.356
23.600	+5.998e+03	+2.452e+03	+1.029e+04	+0.290
23.700	+7.047e+03	+3.486e+03	+1.093e+04	+0.331
23.800	+8.309e+03	+2.328e+03	+9.303e+03	+0.219
23.900	+6.042e+03	+4.140e+03	+1.057e+04	+0.407
24.000	+7.884e+03	+1.956e+03	+1.089e+04	+0.199
24.100	+7.583e+03	+2.948e+03	+1.117e+04	+0.280
24.200	+5.622e+03	+2.830e+03	+9.042e+03	+0.335
24.300	+5.732e+03	+2.839e+03	+9.860e+03	+0.331
24.400	+2.799e+03	+7.094e+03	+9.142e+03	+0.717
24.500	+3.603e+03	+6.101e+03	+9.574e+03	+0.629
24.600	+2.765e+03	+6.531e+03	+9.376e+03	+0.703
24.700	+5.653e+03	+2.056e+03	+1.036e+04	+0.267
24.800	+7.455e+03	+3.813e+03	+1.059e+04	+0.338
24.900	+8.026e+03	+2.627e+03	+1.104e+04	+0.247
25.000	+6.917e+03	+2.687e+03	+9.545e+03	+0.280
25.100	+7.049e+03	+3.201e+03	+1.117e+04	+0.312
25.200	+3.229e+03	+6.980e+03	+9.753e+03	+0.684
25.300	+2.296e+03	+7.898e+03	+9.681e+03	+0.775
25.400	+2.658e+03	+7.073e+03	+1.046e+04	+0.727
25.500	+2.166e+03	+7.220e+03	+1.034e+04	+0.769
25.600	+3.411e+03	+7.412e+03	+1.247e+04	+0.685
25.700	+2.967e+03	+7.026e+03	+8.683e+03	+0.703
25.800	+4.381e+03	+6.185e+03	+8.978e+03	+0.585
25.900	+5.090e+03	+6.711e+03	+1.040e+04	+0.569
26.000	+2.678e+03	+5.122e+03	+9.918e+03	+0.657
26.100	+3.723e+03	+7.423e+03	+8.981e+03	+0.666
26.200	+3.674e+03	+7.045e+03	+9.056e+03	+0.657
26.300	+3.156e+03	+7.047e+03	+1.030e+04	+0.691
26.400	+3.970e+03	+7.155e+03	+8.759e+03	+0.643
26.500	+2.793e+03	+8.951e+03	+1.038e+04	+0.762
26.600	+3.518e+03	+7.552e+03	+9.877e+03	+0.682
26.700	+2.410e+03	+7.282e+03	+1.016e+04	+0.751
26.800	+3.162e+03	+6.664e+03	+1.144e+04	+0.678
26.900	+2.090e+03	+8.361e+03	+1.095e+04	+0.800
27.000	+3.655e+03	+7.139e+03	+1.153e+04	+0.661
27.100	+2.074e+03	+6.964e+03	+9.519e+03	+0.770
27.200	+2.925e+03	+6.740e+03	+9.778e+03	+0.697
27.300	+2.906e+03	+7.023e+03	+1.032e+04	+0.707
27.400	+4.259e+03	+6.329e+03	+9.741e+03	+0.598
27.500	+2.741e+03	+7.308e+03	+1.028e+04	+0.727
27.600	+3.314e+03	+6.491e+03	+9.334e+03	+0.662
27.700	+2.493e+03	+8.226e+03	+1.050e+04	+0.767
27.800	+3.504e+03	+7.262e+03	+1.121e+04	+0.675
27.900	+1.331e+03	+7.646e+03	+1.019e+04	+0.852
28.000	+2.795e+03	+6.695e+03	+1.087e+04	+0.705
28.100	+3.653e+03	+7.636e+03	+1.049e+04	+0.676
28.200	+3.896e+03	+6.676e+03	+8.162e+03	+0.631
28.300	+2.332e+03	+7.681e+03	+1.038e+04	+0.767
28.400	+3.804e+03	+5.586e+03	+1.032e+04	+0.595
28.500	+4.013e+03	+6.978e+03	+9.973e+03	+0.635
28.600	+3.518e+03	+5.829e+03	+8.823e+03	+0.624
28.700	+5.542e+03	+6.443e+03	+1.003e+04	+0.538
28.800	+2.729e+03	+6.708e+03	+9.803e+03	+0.711
28.900	+2.606e+03	+6.963e+03	+8.800e+03	+0.728
29.000	+2.891e+03	+6.413e+03	+1.098e+04	+0.689
29.100	+3.211e+03	+5.345e+03	+9.321e+03	+0.625
29.200	+3.137e+03	+7.111e+03	+1.070e+04	+0.694
29.300	+3.801e+03	+6.880e+03	+9.769e+03	+0.644
29.400	+4.175e+03	+6.630e+03	+1.030e+04	+0.614
29.500	+2.810e+03	+6.605e+03	+1.112e+04	+0.702
29.600	+3.635e+03	+7.134e+03	+1.086e+04	+0.662
29.700	+3.513e+03	+6.467e+03	+1.011e+04	+0.648
29.800	+3.124e+03	+8.093e+03	+1.078e+04	+0.721
29.900	+2.612e+03	+6.734e+03	+9.353e+03	+0.721
30.000	+2.059e+03	+6.116e+03	+8.572e+03	+0.748
30.100	+3.018e+03	+6.749e+03	+9.907e+03	+0.691
30.200	+2.881e+03	+7.610e+03	+9.408e+03	+0.725
30.300	+1.800e+03	+6.969e+03	+8.758e+03	+0.795
30.400	+2.950e+03	+5.814e+03	+9.184e+03	+0.663
30.500	+3.458e+03	+7.433e+03	+9.553e+03	+0.682
30.600	+3.958e+03	+7.225e+03	+9.486e+03	+0.646
30.700	+1.113e+03	+6.500e+03	+1.031e+04	+0.854
30.800	+2.680e+03	+6.772e+03	+1.098e+04	+0.716
30.900	+1.733e+03	+6.086e+03	+1.078e+04	+0.778
31.000	+4.408e+03	+8.584e+03	+9.682e+03	+0.661
31.100	+3.316e+03	+6.381e+03	+9.599e+03	+0.658
31.200	+4.394e+03	+4.836e+03	+9.307e+03	+0.524
31.300	+4.955e+03	+6.792e+03	+1.002e+04	+0.578
31.400	+2.279e+03	+7.691e+03	+9.479e+03	+0.771
31.500	+1.722e+03	+5.961e+03	+1.072e+04	+0.776
31.600	+4.030e+03	+7.238e+03	+1.127e+04	+0.642
31.700	+1.063e+03	+5.956e+03	+9.675e+03	+0.849
31.800	+6.332e+03	+3.600e+03	+9.964e+03	+0.362
31.900	+6.189e+03	+2.402e+03	+9.989e+03	+0.280
32.000	+6.144e+03	+2.701e+03	+1.062e+04	+0.305
32.100	+6.515e+03	+3.732e+03	+1.072e+04	+0.364
32.200	+8.814e+03	+2.357e+03	+9.426e+03	+0.211
32.300	+6.251e+03	+4.373e+03	+1.134e+04	+0.412
32.400	+6.223e+03	+2.891e+03	+1.119e+04	+0.317
32.500	+6.162e+03	+2.312e+03	+9.702e+03	+0.273
32.600	+6.100e+03	+3.823e+03	+9.944e+03	+0.385
32.700	+6.283e+03	+3.907e+03	+1.034e+04	+0.383
32.800	+7.630e+03	+3.152e+03	+1.125e+04	+0.292
32.900	+8.144e+03	+2.680e+03	+1.070e+04	+0.248
33.000	+4.011e+03	+5.342e+03	+9.852e+03	+0.571
33.100	+1.581e+03	+6.723e+03	+9.146e+03	+0.810
33.200	+2.598e+03	+7.398e+03	+8.859e+03	+0.740
33.300	+3.447e+03	+7.118e+03	+1.022e+04	+0.674
33.400	+3.831e+03	+5.105e+03	+1.000e+04	+0.571
33.500	+2.528e+03	+5.198e+03	+1.047e+04	+0.673
33.600	+2.538e+03	+6.692e+03	+1.059e+04	+0.725
33.700	+1.984e+03	+8.295e+03	+1.003e+04	+0.807
33.800	+3.080e+03	+7.526e+03	+1.029e+04	+0.710
33.900	+3.222e+03	+7.163e+03	+1.043e+04	+0.690
34.000	+3.327e+03	+7.264e+03	+1.165e+04	+0.686
34.100	+3.177e+03	+8.486e+03	+9.188e+03	+0.728
34.200	+4.213e+03	+8.126e+03	+1.169e+04	+0.659
34.300	+3.710e+03	+6.603e+03	+9.810e+03	+0.640
34.400	+2.155e+03	+7.132e+03	+1.170e+04	+0.768
34.500	+3.932e+03	+7.411e+03	+9.462e+03	+0.653
34.600	+2.515e+03	+6.323e+03	+1.025e+04	+0.715
34.700	+3.900e+03	+6.905e+03	+1.033e+04	+0.639
34.800	+4.465e+03	+5.828e+03	+9.083e+03	+0.566
34.900	+3.302e+03	+7.946e+03	+1.051e+04	+0.706
35.000	+5.533e+03	+5.206e+03	+1.003e+04	+0.485
35.100	+6.543e+03	+3.635e+03	+9.323e+03	+0.357
35.200	+7.325e+03	+3.484e+03	+1.031e+04	+0.322
35.300	+6.385e+03	+3.054e+03	+9.342e+03	+0.324
35.400	+8.797e+03	+1.795e+03	+9.684e+03	+0.169
35.500	+7.058e+03	+2.471e+03	+9.101e+03	+0.259
35.600	+6.555e+03	+2.800e+03	+9.207e+03	+0.299
35.700	+6.138e+03	+2.629e+03	+1.066e+04	+0.300
35.800	+7.545e+03	+2.949e+03	+1.123e+04	+0.281
35.900	+6.643e+03	+2.678e+03	+9.426e+03	+0.287
36.000	+7.542e+03	+3.976e+03	+9.882e+03	+0.345
36.100	+8.286e+03	+2.005e+03	+9.388e+03	+0.195
36.200	+7.207e+03	+3.560e+03	+1.100e+04	+0.331
36.300	+7.265e+03	+3.330e+03	+1.163e+04	+0.314
36.400	+7.819e+03	+1.996e+03	+9.695e+03	+0.203
36.500	+6.253e+03	+2.277e+03	+8.844e+03	+0.267
36.600	+6.159e+03	+5.700e+03	+1.024e+04	+0.481
36.700	+3.948e+03	+6.890e+03	+1.049e+04	+0.636
36.800	+1.421e+03	+7.413e+03	+1.169e+04	+0.839
36.900	+3.669e+03	+6.052e+03	+1.180e+04	+0.623
37.000	+3.466e+03	+7.767e+03	+1.127e+04	+0.691
37.100	+3.047e+03	+5.865e+03	+9.222e+03	+0.658
37.200	+3.157e+03	+7.126e+03	+8.860e+03	+0.693
37.300	+2.847e+03	+7.476e+03	+1.098e+04	+0.724
37.400	+4.603e+03	+6.732e+03	+1.040e+04	+0.594
37.500	+3.101e+03	+7.629e+03	+8.603e+03	+0.711
37.600	+2.428e+03	+7.780e+03	+1.021e+04	+0.762
37.700	+3.642e+03	+7.344e+03	+1.104e+04	+0.668
37.800	+3.576e+03	+7.003e+03	+1.062e+04	+0.662
37.900	+2.407e+03	+5.291e+03	+1.008e+04	+0.687
38.000	+2.854e+03	+9.098e+03	+9.648e+03	+0.761
38.100	+4.702e+03	+5.353e+03	+9.289e+03	+0.532
38.200	+7.360e+03	+2.996e+03	+9.006e+03	+0.289
38.300	+8.263e+03	+2.650e+03	+9.839e+03	+0.243
38.400	+7.356e+03	+2.300e+03	+1.056e+04	+0.238
38.500	+7.345e+03	+2.281e+03	+9.556e+03	+0.237
38.600	+4.723e+03	+4.526e+03	+1.018e+04	+0.489
38.700	+2.591e+03	+7.435e+03	+8.870e+03	+0.742
38.800	+1.982e+03	+7.892e+03	+9.243e+03	+0.799
38.900	+3.165e+03	+6.844e+03	+9.667e+03	+0.684
39.000	+2.818e+03	+6.905e+03	+1.018e+04	+0.710
39.100	+3.074e+03	+7.408e+03	+9.897e+03	+0.707
39.200	+7.713e+03	+3.564e+03	+9.477e+03	+0.316
39.300	+3.677e+03	+5.323e+03	+9.868e+03	+0.591
39.400	+2.608e+03	+7.726e+03	+1.008e+04	+0.748
39.500	+3.342e+03	+6.471e+03	+9.739e+03	+0.659
39.600	+3.388e+03	+6.569e+03	+9.401e+03	+0.660
39.700	+4.812e+03	+6.199e+03	+9.141e+03	+0.563
39.800	+7.975e+03	+3.450e+03	+1.068e+04	+0.302
39.900	+7.601e+03	+2.500e+03	+1.117e+04	+0.248
40.000	+7.005e+03	+3.538e+03	+9.789e+03	+0.336
40.100	+6.135e+03	+2.814e+03	+8.727e+03	+0.314
40.200	+7.115e+03	+2.612e+03	+1.035e+04	+0.269
40.300	+5.172e+03	+2.783e+03	+1.193e+04	+0.350
40.400	+7.083e+03	+2.536e+03	+1.029e+04	+0.264
40.500	+6.746e+03	+2.223e+03	+9.524e+03	+0.248
40.600	+6.921e+03	+2.838e+03	+9.982e+03	+0.291
40.700	+8.801e+03	+2.187e+03	+9.818e+03	+0.199
40.800	+7.791e+03	+4.467e+03	+9.366e+03	+0.364
40.900	+6.573e+03	+1.901e+03	+1.028e+04	+0.224
41.000	+3.209e+03	+5.738e+03	+1.248e+04	+0.641
41.100	+3.169e+03	+7.338e+03	+9.302e+03	+0.698
41.200	+3.426e+03	+6.705e+03	+1.041e+04	+0.662
41.300	+3.137e+03	+7.352e+03	+1.131e+04	+0.701
41.400	+9.420e+02	+7.150e+03	+9.754e+03	+0.884
41.500	+4.297e+03	+7.533e+03	+1.000e+04	+0.637
41.600	+3.730e+03	+7.577e+03	+9.680e+03	+0.670
41.700	+3.855e+03	+6.428e+03	+9.908e+03	+0.625
41.800	+2.401e+03	+8.301e+03	+9.818e+03	+0.776
41.900	+2.082e+03	+6.529e+03	+1.034e+04	+0.758
42.000	+3.764e+03	+6.901e+03	+8.870e+03	+0.647
42.100	+2.266e+03	+7.795e+03	+1.094e+04	+0.775
42.200	+2.929e+03	+6.895e+03	+1.037e+04	+0.702
42.300	+3.528e+03	+6.825e+03	+1.063e+04	+0.659
42.400	+3.085e+03	+7.235e+03	+1.089e+04	+0.701
42.500	+3.533e+03	+6.100e+03	+9.189e+03	+0.633
42.600	+1.834e+03	+6.530e+03	+9.897e+03	+0.781
42.700	+2.892e+03	+5.932e+03	+9.194e+03	+0.672
42.800	+3.456e+03	+5.826e+03	+1.117e+04	+0.628
42.900	+6.267e+03	+2.581e+03	+1.056e+04	+0.292
43.000	+8.651e+03	+2.124e+03	+9.606e+03	+0.197
43.100	+7.993e+03	+3.381e+03	+1.142e+04	+0.297
43.200	+6.860e+03	+3.299e+03	+9.709e+03	+0.325
43.300	+7.804e+03	+2.879e+03	+1.009e+04	+0.269
43.400	+6.451e+03	+2.968e+03	+1.019e+04	+0.315
43.500	+6.566e+03	+3.687e+03	+1.031e+04	+0.360
43.600	+7.307e+03	+2.496e+03	+1.080e+04	+0.255
43.700	+6.951e+03	+2.774e+03	+1.098e+04	+0.285
43.800	+6.089e+03	+3.718e+03	+9.234e+03	+0.379
43.900	+7.229e+03	+2.284e+03	+9.681e+03	+0.240
44.000	+6.886e+03	+2.521e+03	+8.821e+03	+0.268
44.100	+4.597e+03	+5.675e+03	+1.006e+04	+0.552
44.200	+2.935e+03	+6.530e+03	+1.044e+04	+0.690
44.300	+6.379e+03	+2.557e+03	+9.295e+03	+0.286
44.400	+8.331e+03	+5.616e+03	+1.061e+04	+0.403
44.500	+7.345e+03	+1.705e+03	+1.053e+04	+0.188
44.600	+7.204e+03	+4.428e+03	+1.038e+04	+0.381
44.700	+7.072e+03	+3.148e+03	+7.837e+03	+0.308
44.800	+6.528e+03	+2.895e+03	+9.974e+03	+0.307
44.900	+5.671e+03	+4.497e+03	+9.444e+03	+0.442
45.000	+6.080e+03	+1.175e+03	+1.102e+04	+0.162
45.100	+4.845e+03	+5.318e+03	+9.948e+03	+0.523
45.200	+2.522e+03	+9.023e+03	+1.005e+04	+0.782
45.300	+2.588e+03	+7.080e+03	+9.044e+03	+0.732
45.400	+3.022e+03	+5.916e+03	+1.114e+04	+0.662
45.500	+2.501e+03	+7.902e+03	+1.112e+04	+0.760
45.600	+3.475e+03	+6.999e+03	+9.268e+03	+0.668
45.700	+1.877e+03	+7.358e+03	+9.485e+03	+0.797
45.800	+2.792e+03	+5.808e+03	+9.213e+03	+0.675
45.900	+3.118e+03	+6.810e+03	+9.977e+03	+0.686
46.000	+2.442e+03	+7.416e+03	+1.002e+04	+0.752
46.100	+3.956e+03	+7.928e+03	+1.134e+04	+0.667
46.200	+1.991e+03	+6.836e+03	+1.132e+04	+0.774
46.300	+2.104e+03	+6.465e+03	+1.109e+04	+0.754
46.400	+9.851e+02	+7.764e+03	+1.033e+04	+0.887
46.500	+2.448e+03	+6.324e+03	+1.015e+04	+0.721
46.600	+2.804e+03	+7.724e+03	+1.059e+04	+0.734
46.700	+2.894e+03	+5.234e+03	+8.617e+03	+0.644
46.800	+1.653e+03	+6.521e+03	+1.084e+04	+0.798
46.900	+1.839e+03	+8.017e+03	+9.573e+03	+0.813
47.000	+2.356e+03	+8.545e+03	+9.923e+03	+0.784
47.100	+1.533e+03	+7.319e+03	+9.794e+03	+0.827
47.200	+3.309e+03	+5.796e+03	+7.988e+03	+0.637
47.300	+2.439e+03	+7.131e+03	+8.641e+03	+0.745
47.400	+2.627e+03	+7.221e+03	+1.059e+04	+0.733
47.500	+3.753e+03	+6.244e+03	+9.821e+03	+0.625
47.600	+2.510e+03	+6.759e+03	+1.126e+04	+0.729
47.700	+3.474e+03	+6.678e+03	+1.007e+04	+0.658
47.800	+3.373e+03	+8.252e+03	+1.014e+04	+0.710
47.900	+3.234e+03	+6.663e+03	+1.015e+04	+0.673
48.000	+1.959e+03	+7.413e+03	+9.905e+03	+0.791
48.100	+2.060e+03	+7.529e+03	+1.122e+04	+0.785
48.200	+4.165e+03	+6.536e+03	+8.677e+03	+0.611
48.300	+3.886e+03	+5.561e+03	+1.037e+04	+0.589
48.400	+3.278e+03	+5.565e+03	+1.088e+04	+0.629
48.500	+2.507e+03	+6.725e+03	+1.019e+04	+0.728
48.600	+2.845e+03	+7.200e+03	+9.983e+03	+0.717
48.700	+2.318e+03	+7.258e+03	+9.833e+03	+0.758
48.800	+6.064e+03	+2.363e+03	+9.847e+03	+0.280
48.900	+7.385e+03	+3.696e+03	+9.840e+03	+0.334
49.000	+5.676e+03	+3.947e+03	+1.024e+04	+0.410
49.100	+4.572e+02	+6.370e+03	+1.098e+04	+0.933
49.200	+2.104e+03	+7.673e+03	+1.037e+04	+0.785
49.300	+3.043e+03	+6.892e+03	+1.094e+04	+0.694
49.400	+2.124e+03	+6.666e+03	+9.308e+03	+0.758
49.500	+3.376e+03	+7.397e+03	+1.061e+04	+0.687
49.600	+2.002e+03	+6.864e+03	+9.475e+03	+0.774
49.700	+2.777e+03	+7.328e+03	+9.542e+03	+0.725
49.800	+1.328e+03	+5.832e+03	+1.079e+04	+0.815
49.900	+3.315e+03	+7.384e+03	+1.006e+04	+0.690
50.000	+4.488e+03	+5.876e+03	+8.537e+03	+0.567
50.100	+3.947e+03	+7.389e+03	+9.609e+03	+0.652
50.200	+3.652e+03	+7.258e+03	+9.541e+03	+0.665
50.300	+2.842e+03	+6.064e+03	+1.027e+04	+0.681
50.400	+5.644e+03	+3.347e+03	+1.050e+04	+0.372
50.500	+3.586e+03	+7.272e+03	+1.070e+04	+0.670
50.600	+2.979e+03	+7.287e+03	+9.247e+03	+0.710
50.700	+3.580e+03	+6.517e+03	+9.963e+03	+0.645
50.800	+3.419e+03	+6.785e+03	+1.100e+04	+0.665
50.900	+4.472e+03	+7.916e+03	+1.056e+04	+0.639
51.000	+4.731e+03	+6.968e+03	+1.091e+04	+0.596
51.100	+2.953e+03	+5.818e+03	+1.052e+04	+0.663
51.200	+3.534e+03	+7.071e+03	+1.089e+04	+0.667
51.300	+3.349e+03	+7.346e+03	+9.346e+03	+0.687
51.400	+2.452e+03	+8.552e+03	+1.031e+04	+0.777
51.500	+2.706e+03	+6.045e+03	+9.651e+03	+0.691
51.600	+2.878e+03	+8.573e+03	+9.829e+03	+0.749
51.700	+2.387e+03	+6.687e+03	+9.756e+03	+0.737
51.800	+2.746e+03	+6.932e+03	+1.116e+04	+0.716
51.900	+2.723e+03	+7.832e+03	+1.019e+04	+0.742
52.000	+2.792e+03	+6.325e+03	+1.054e+04	+0.694
52.100	+3.837e+03	+5.192e+03	+9.513e+03	+0.575
52.200	+4.696e+03	+6.891e+03	+9.214e+03	+0.595
52.300	+4.234e+03	+7.283e+03	+1.053e+04	+0.632
52.400	+2.139e+03	+7.848e+03	+1.032e+04	+0.786
52.500	+2.733e+03	+6.910e+03	+1.061e+04	+0.717
52.600	+3.804e+03	+7.293e+03	+1.047e+04	+0.657
52.700	+2.698e+03	+6.425e+03	+1.022e+04	+0.704
52.800	+3.160e+03	+6.671e+03	+1.133e+04	+0.679
52.900	+1.923e+03	+4.788e+03	+9.829e+03	+0.713
53.000	+4.300e+03	+6.761e+03	+8.671e+03	+0.611
53.100	+3.033e+03	+8.351e+03	+1.004e+04	+0.734
53.200	+2.951e+03	+7.817e+03	+9.786e+03	+0.726
53.300	+3.413e+03	+5.959e+03	+9.682e+03	+0.636
53.400	+3.530e+03	+5.774e+03	+1.133e+04	+0.621
53.500	+4.336e+03	+7.243e+03	+1.043e+04	+0.626
53.600	+3.206e+03	+6.464e+03	+9.662e+03	+0.668
53.700	+3.901e+03	+6.700e+03	+9.584e+03	+0.632
53.800	+3.920e+03	+8.890e+03	+9.294e+03	+0.694
53.900	+3.578e+03	+7.448e+03	+9.089e+03	+0.676
54.000	+2.914e+03	+5.828e+03	+1.137e+04	+0.667
54.100	+2.928e+03	+7.746e+03	+9.959e+03	+0.726
54.200	+1.458e+03	+7.344e+03	+1.036e+04	+0.834
54.300	+2.796e+03	+6.483e+03	+1.038e+04	+0.699
54.400	+2.836e+03	+7.597e+03	+7.693e+03	+0.728
54.500	+3.247e+03	+7.546e+03	+9.975e+03	+0.699
54.600	+3.031e+03	+7.373e+03	+9.532e+03	+0.709
54.700	+2.371e+03	+7.491e+03	+1.137e+04	+0.760
54.800	+2.348e+03	+6.899e+03	+9.312e+03	+0.746
54.900	+2.939e+03	+5.125e+03	+9.877e+03	+0.636
55.000	+3.733e+03	+6.897e+03	+1.087e+04	+0.649
55.100	+2.688e+03	+7.122e+03	+1.027e+04	+0.726
55.200	+5.199e+03	+7.852e+03	+1.063e+04	+0.602
55.300	+2.414e+03	+6.121e+03	+9.890e+03	+0.717
55.400	+2.785e+03	+7.590e+03	+8.695e+03	+0.732
55.500	+3.601e+03	+6.702e+03	+8.973e+03	+0.650
55.600	+2.151e+03	+7.156e+03	+9.928e+03	+0.769
55.700	+4.669e+03	+7.015e+03	+9.938e+03	+0.600
55.800	+2.854e+03	+7.125e+03	+8.723e+03	+0.714
55.900	+2.216e+03	+6.083e+03	+1.083e+04	+0.733
56.000	+4.153e+03	+6.173e+03	+1.136e+04	+0.598
56.100	+3.500e+03	+7.542e+03	+9.895e+03	+0.683
56.200	+3.196e+03	+6.995e+03	+9.377e+03	+0.686
56.300	+1.626e+03	+8.214e+03	+1.064e+04	+0.835
56.400	+3.126e+03	+6.908e+03	+9.444e+03	+0.688
56.500	+2.456e+03	+6.409e+03	+1.026e+04	+0.723
56.600	+3.278e+03	+7.423e+03	+1.004e+04	+0.694
56.700	+4.351e+03	+7.385e+03	+9.561e+03	+0.629
56.800	+2.277e+03	+5.500e+03	+1.100e+04	+0.707
56.900	+3.197e+03	+5.978e+03	+1.011e+04	+0.652
57.000	+2.159e+03	+6.370e+03	+1.011e+04	+0.747
57.100	+2.575e+03	+7.654e+03	+9.583e+03	+0.748
57.200	+4.077e+03	+7.308e+03	+8.959e+03	+0.642
57.300	+4.016e+03	+6.011e+03	+1.041e+04	+0.599
57.400	+1.791e+03	+5.320e+03	+9.645e+03	+0.748
57.500	+1.739e+03	+6.321e+03	+9.620e+03	+0.784
57.600	+6.665e+03	+3.828e+03	+1.067e+04	+0.365
57.700	+7.354e+03	+2.565e+03	+1.003e+04	+0.259
57.800	+7.336e+03	+3.934e+03	+9.214e+03	+0.349
57.900	+7.195e+03	+2.989e+03	+8.293e+03	+0.293
58.000	+6.362e+03	+2.393e+03	+1.048e+04	+0.273
58.100	+6.499e+03	+4.562e+03	+1.185e+04	+0.412
58.200	+8.671e+03	+2.393e+03	+1.176e+04	+0.216
58.300	+6.523e+03	+1.993e+03	+1.047e+04	+0.234
58.400	+7.572e+03	+3.261e+03	+1.022e+04	+0.301
58.500	+7.497e+03	+2.651e+03	+1.018e+04	+0.261
58.600	+7.216e+03	+2.712e+03	+1.052e+04	+0.273
58.700	+8.794e+03	+4.346e+03	+1.041e+04	+0.331
58.800	+5.910e+03	+1.998e+03	+8.521e+03	+0.253
58.900	+5.069e+03	+1.688e+03	+1.149e+04	+0.250
59.000	+6.506e+03	+1.810e+03	+1.088e+04	+0.218
59.100	+5.732e+03	+4.716e+03	+9.941e+03	+0.451
59.200	+6.543e+03	+3.477e+03	+1.066e+04	+0.347
59.300	+7.681e+03	+3.883e+03	+1.031e+04	+0.336
59.400	+5.419e+03	+3.112e+03	+1.109e+04	+0.365
59.500	+6.851e+03	+2.791e+03	+1.010e+04	+0.289
59.600	+7.092e+03	+3.057e+03	+8.850e+03	+0.301
59.700	+6.860e+03	+4.158e+03	+1.033e+04	+0.377
59.800	+6.752e+03	+2.656e+03	+9.330e+03	+0.282
59.900	+7.649e+03	+4.724e+03	+1.020e+04	+0.382
60.000	+6.994e+03	+2.171e+03	+9.933e+03	+0.237
60.100	+7.562e+03	+3.545e+03	+9.676e+03	+0.319
60.200	+7.446e+03	+2.208e+03	+9.967e+03	+0.229
60.300	+6.525e+03	+2.648e+03	+9.359e+03	+0.289
60.400	+5.594e+03	+3.398e+03	+1.114e+04	+0.378
60.500	+8.134e+03	+3.049e+03	+9.325e+03	+0.273
60.600	+7.071e+03	+4.969e+03	+1.119e+04	+0.413
60.700	+8.119e+03	+3.676e+03	+9.061e+03	+0.312
60.800	+4.444e+03	+5.295e+03	+9.372e+03	+0.544
60.900	+3.986e+03	+6.002e+03	+9.786e+03	+0.601
61.000	+1.484e+03	+7.521e+03	+1.093e+04	+0.835
61.100	+3.512e+03	+6.653e+03	+9.966e+03	+0.655
61.200	+3.571e+03	+6.536e+03	+1.008e+04	+0.647
61.300	+3.095e+03	+7.573e+03	+1.062e+04	+0.710
61.400	+2.648e+03	+6.683e+03	+1.035e+04	+0.716
61.500	+4.068e+03	+7.407e+03	+1.067e+04	+0.646
61.600	+2.448e+03	+7.705e+03	+1.004e+04	+0.759
61.700	+3.285e+03	+6.635e+03	+9.510e+03	+0.669
61.800	+2.891e+03	+7.044e+03	+9.497e+03	+0.709
61.900	+2.763e+03	+6.787e+03	+1.078e+04	+0.711
62.000	+4.256e+03	+6.452e+03	+1.024e+04	+0.603
62.100	+3.394e+03	+6.942e+03	+1.015e+04	+0.672
62.200	+2.589e+03	+6.508e+03	+9.721e+03	+0.715
62.300	+3.960e+03	+7.673e+03	+9.950e+03	+0.660
62.400	+3.816e+03	+7.176e+03	+1.049e+04	+0.653
62.500	+2.527e+03	+6.595e+03	+9.026e+03	+0.723
62.600	+5.255e+03	+7.698e+03	+1.074e+04	+0.594
62.700	+2.382e+03	+7.851e+03	+1.173e+04	+0.767
62.800	+2.001e+03	+7.554e+03	+1.003e+04	+0.791
62.900	+3.044e+03	+6.749e+03	+1.146e+04	+0.689
63.000	+3.164e+03	+6.265e+03	+1.117e+04	+0.664
63.100	+2.300e+03	+6.898e+03	+9.440e+03	+0.750
63.200	+3.479e+03	+7.085e+03	+9.029e+03	+0.671
63.300	+4.226e+03	+5.360e+03	+9.753e+03	+0.559
63.400	+2.414e+03	+5.880e+03	+9.690e+03	+0.709
63.500	+2.533e+03	+7.395e+03	+1.119e+04	+0.745
63.600	+2.019e+03	+6.833e+03	+1.094e+04	+0.772
63.700	+3.855e+03	+6.860e+03	+9.928e+03	+0.640
63.800	+1.614e+03	+6.767e+03	+1.102e+04	+0.807
63.900	+6.808e+03	+3.366e+03	+1.093e+04	+0.331
64.000	+5.998e+03	+4.287e+03	+9.210e+03	+0.417
64.100	+2.781e+03	+6.866e+03	+1.015e+04	+0.712
64.200	+3.811e+03	+7.998e+03	+9.654e+03	+0.677
64.300	+3.882e+03	+7.472e+03	+1.079e+04	+0.658
64.400	+5.113e+03	+6.573e+03	+9.857e+03	+0.562
64.500	+3.669e+03	+7.655e+03	+9.954e+03	+0.676
64.600	+1.366e+03	+6.630e+03	+9.976e+03	+0.829
64.700	+3.195e+03	+6.938e+03	+1.060e+04	+0.685
64.800	+1.927e+03	+8.538e+03	+1.009e+04	+0.816
64.900	+3.499e+03	+8.158e+03	+9.475e+03	+0.700
65.000	+2.795e+03	+6.884e+03	+1.088e+04	+0.711
65.100	+3.572e+03	+6.426e+03	+9.523e+03	+0.643
65.200	+3.486e+03	+7.273e+03	+1.028e+04	+0.676
65.300	+3.022e+03	+5.616e+03	+9.784e+03	+0.650
65.400	+3.149e+03	+7.960e+03	+1.035e+04	+0.717
65.500	+3.853e+03	+6.180e+03	+8.438e+03	+0.616
65.600	+2.807e+03	+6.727e+03	+1.082e+04	+0.706
65.700	+2.923e+03	+6.568e+03	+9.675e+03	+0.692
65.800	+2.925e+03	+7.180e+03	+1.143e+04	+0.711
65.900	+3.227e+03	+7.479e+03	+1.104e+04	+0.699
66.000	+3.458e+03	+7.352e+03	+1.035e+04	+0.680
66.100	+2.926e+03	+7.648e+03	+1.029e+04	+0.723
66.200	+4.352e+03	+6.964e+03	+1.140e+04	+0.615
66.300	+3.878e+03	+6.596e+03	+9.773e+03	+0.630
66.400	+3.945e+03	+6.863e+03	+1.017e+04	+0.635
66.500	+3.545e+03	+7.552e+03	+1.025e+04	+0.681
66.600	+7.726e+03	+2.136e+03	+1.011e+04	+0.217
66.700	+7.837e+03	+2.919e+03	+9.656e+03	+0.271
66.800	+6.383e+03	+2.976e+03	+9.044e+03	+0.318
66.900	+8.261e+03	+2.228e+03	+9.408e+03	+0.212
67.000	+4.552e+03	+4.067e+03	+1.044e+04	+0.472
67.100	+7.026e+03	+2.780e+03	+1.048e+04	+0.284
67.200	+6.660e+03	+3.039e+03	+1.064e+04	+0.313
67.300	+8.434e+03	+3.534e+03	+9.297e+03	+0.295
67.400	+7.305e+03	+2.751e+03	+1.050e+04	+0.274
67.500	+7.003e+03	+2.128e+03	+1.075e+04	+0.233
67.600	+6.677e+03	+2.600e+03	+9.334e+03	+0.280
67.700	+5.409e+03	+4.990e+03	+9.973e+03	+0.480
67.800	+2.434e+03	+7.493e+03	+1.046e+04	+0.755
67.900	+3.429e+03	+6.730e+03	+1.166e+04	+0.662
68.000	+2.212e+03	+6.725e+03	+1.033e+04	+0.752
68.100	+4.137e+03	+7.314e+03	+9.029e+03	+0.639
68.200	+3.578e+03	+8.085e+03	+9.876e+03	+0.693
68.300	+7.615e+03	+3.904e+03	+8.939e+03	+0.339
68.400	+5.493e+03	+5.038e+03	+1.026e+04	+0.478
68.500	+4.322e+03	+7.769e+03	+9.621e+03	+0.643
68.600	+2.717e+03	+7.268e+03	+1.002e+04	+0.728
68.700	+2.563e+03	+7.184e+03	+9.748e+03	+0.737
68.800	+3.777e+03	+6.272e+03	+8.655e+03	+0.624
68.900	+2.399e+03	+5.141e+03	+9.143e+03	+0.682
69.000	+3.200e+03	+6.338e+03	+9.813e+03	+0.665
69.100	+4.901e+03	+4.409e+03	+1.045e+04	+0.474
69.200	+7.435e+03	+2.595e+03	+7.736e+03	+0.259
69.300	+7.471e+03	+3.332e+03	+1.033e+04	+0.308
69.400	+6.097e+03	+1.677e+03	+9.367e+03	+0.216
69.500	+8.061e+03	+3.713e+03	+9.637e+03	+0.315
69.600	+6.078e+03	+2.682e+03	+1.001e+04	+0.306
69.700	+6.404e+03	+2.577e+03	+9.824e+03	+0.287
69.800	+6.458e+03	+2.996e+03	+1.145e+04	+0.317
69.900	+7.137e+03	+3.099e+03	+1.018e+04	+0.303
70.000	+6.825e+03	+2.753e+03	+1.092e+04	+0.287
70.100	+6.340e+03	+4.089e+03	+1.019e+04	+0.392
70.200	+7.154e+03	+2.717e+03	+1.039e+04	+0.275
70.300	+6.200e+03	+3.127e+03	+1.171e+04	+0.335
70.400	+8.036e+03	+2.809e+03	+1.212e+04	+0.259
70.500	+5.350e+03	+2.974e+03	+1.013e+04	+0.357
70.600	+7.329e+03	+4.525e+03	+1.065e+04	+0.382
70.700	+8.473e+03	+4.275e+03	+9.089e+03	+0.335
70.800	+7.716e+03	+1.403e+03	+1.112e+04	+0.154
70.900	+8.178e+03	+4.492e+03	+1.099e+04	+0.355
71.000	+6.982e+03	+2.905e+03	+1.012e+04	+0.294
71.100	+6.877e+03	+2.386e+03	+9.417e+03	+0.258
71.200	+7.530e+03	+3.555e+03	+9.431e+03	+0.321
71.300	+6.165e+03	+4.052e+03	+9.878e+03	+0.397
71.400	+6.296e+03	+2.976e+03	+1.053e+04	+0.321
71.500	+6.517e+03	+3.731e+03	+1.107e+04	+0.364
71.600	+6.299e+03	+4.138e+03	+9.041e+03	+0.396
71.700	+6.307e+03	+3.982e+03	+1.045e+04	+0.387
71.800	+6.737e+03	+2.663e+03	+9.914e+03	+0.283
71.900	+6.147e+03	+4.259e+03	+9.796e+03	+0.409
72.000	+7.857e+03	+1.761e+03	+1.063e+04	+0.183
72.100	+7.333e+03	+3.253e+03	+1.068e+04	+0.307
72.200	+7.284e+03	+2.019e+03	+9.455e+03	+0.217
72.300	+5.529e+03	+3.175e+03	+1.026e+04	+0.365
72.400	+6.641e+03	+2.766e+03	+1.079e+04	+0.294
72.500	+7.730e+03	+3.969e+03	+1.104e+04	+0.339
72.600	+4.346e+03	+5.546e+03	+9.888e+03	+0.561
72.700	+3.772e+03	+5.843e+03	+8.971e+03	+0.608
72.800	+1.900e+03	+7.406e+03	+8.863e+03	+0.796
72.900	+2.909e+03	+7.140e+03	+1.008e+04	+0.711
73.000	+2.870e+03	+6.893e+03	+1.088e+04	+0.706
73.100	+3.082e+03	+7.564e+03	+9.362e+03	+0.710
73.200	+2.354e+03	+8.011e+03	+9.045e+03	+0.773
73.300	+2.505e+03	+6.132e+03	+9.481e+03	+0.710
73.400	+1.945e+03	+7.056e+03	+1.110e+04	+0.784
73.500	+3.040e+03	+5.768e+03	+1.089e+04	+0.655
73.600	+3.586e+03	+7.257e+03	+9.690e+03	+0.669
73.700	+2.142e+03	+6.476e+03	+9.503e+03	+0.751
73.800	+1.665e+03	+5.425e+03	+1.012e+04	+0.765
73.900	+4.725e+03	+3.925e+03	+1.004e+04	+0.454
74.000	+7.668e+03	+3.246e+03	+8.815e+03	+0.297
74.100	+4.088e+03	+6.770e+03	+9.584e+03	+0.624
74.200	+4.000e+03	+6.191e+03	+1.115e+04	+0.608
74.300	+1.998e+03	+7.730e+03	+8.308e+03	+0.795
74.400	+2.970e+03	+7.858e+03	+1.160e+04	+0.726
74.500	+3.886e+03	+8.801e+03	+9.484e+03	+0.694
74.600	+4.040e+03	+7.278e+03	+9.699e+03	+0.643
74.700	+2.214e+03	+7.048e+03	+9.146e+03	+0.761
74.800	+2.339e+03	+7.545e+03	+9.907e+03	+0.763
74.900	+2.559e+03	+7.051e+03	+8.823e+03	+0.734
75.000	+6.591e+03	+3.640e+03	+8.428e+03	+0.356
75.100	+7.126e+03	+1.925e+03	+8.169e+03	+0.213
75.200	+6.763e+03	+3.496e+03	+1.109e+04	+0.341
75.300	+8.004e+03	+3.079e+03	+1.003e+04	+0.278
75.400	+8.165e+03	+2.751e+03	+9.702e+03	+0.252
75.500	+6.310e+03	+3.006e+03	+9.547e+03	+0.323
75.600	+8.235e+03	+3.261e+03	+1.055e+04	+0.284
75.700	+5.833e+03	+3.588e+03	+1.056e+04	+0.381
75.800	+7.376e+03	+2.784e+03	+1.035e+04	+0.274
75.900	+6.512e+03	+3.018e+03	+9.847e+03	+0.317
76.000	+6.352e+03	+1.911e+03	+9.692e+03	+0.231
76.100	+2.856e+03	+7.066e+03	+9.437e+03	+0.712
76.200	+2.343e+03	+6.253e+03	+1.127e+04	+0.727
76.300	+2.485e+03	+7.247e+03	+9.093e+03	+0.745
76.400	+3.199e+03	+8.366e+03	+1.012e+04	+0.723
76.500	+4.287e+03	+5.467e+03	+1.090e+04	+0.561
76.600	+6.616e+03	+3.767e+03	+1.018e+04	+0.363
76.700	+2.516e+03	+7.481e+03	+9.644e+03	+0.748
76.800	+3.869e+03	+6.785e+03	+1.105e+04	+0.637
76.900	+3.290e+03	+6.642e+03	+1.071e+04	+0.669
77.000	+3.150e+03	+6.883e+03	+1.014e+04	+0.686
77.100	+3.174e+03	+5.914e+03	+9.919e+03	+0.651
77.200	+2.846e+03	+6.433e+03	+1.147e+04	+0.693
77.300	+3.306e+03	+6.024e+03	+9.864e+03	+0.646
77.400	+2.883e+03	+8.060e+03	+9.320e+03	+0.737
77.500	+3.650e+03	+7.515e+03	+1.097e+04	+0.673
77.600	+3.832e+03	+7.244e+03	+1.033e+04	+0.654
77.700	+3.218e+03	+6.739e+03	+9.466e+03	+0.677
77.800	+3.885e+03	+7.668e+03	+1.113e+04	+0.664
77.900	+1.733e+03	+5.725e+03	+9.559e+03	+0.768
78.000	+3.575e+03	+8.461e+03	+1.013e+04	+0.703
78.100	+2.276e+03	+7.125e+03	+9.782e+03	+0.758
78.200	+2.852e+03	+7.295e+03	+1.017e+04	+0.719
78.300	+3.065e+03	+7.317e+03	+9.721e+03	+0.705
78.400	+3.642e+03	+6.903e+03	+9.587e+03	+0.655
78.500	+1.990e+03	+5.782e+03	+9.697e+03	+0.744
78.600	+4.708e+03	+5.817e+03	+9.422e+03	+0.553
78.700	+2.736e+03	+8.052e+03	+9.525e+03	+0.746
78.800	+2.919e+03	+7.246e+03	+1.047e+04	+0.713
78.900	+2.042e+03	+6.303e+03	+1.010e+04	+0.755
79.000	+2.017e+03	+6.763e+03	+1.071e+04	+0.770
79.100	+3.303e+03	+6.309e+03	+1.087e+04	+0.656
79.200	+2.840e+03	+7.859e+03	+1.045e+04	+0.735
79.300	+2.683e+03	+7.522e+03	+9.461e+03	+0.737
79.400	+2.980e+03	+5.760e+03	+1.153e+04	+0.659
79.500	+3.902e+03	+7.594e+03	+9.563e+03	+0.661
79.600	+2.052e+03	+6.802e+03	+9.648e+03	+0.768
79.700	+2.123e+03	+7.059e+03	+1.053e+04	+0.769
79.800	+3.716e+03	+7.328e+03	+1.057e+04	+0.664
79.900	+2.692e+03	+7.678e+03	+1.043e+04	+0.740
80.000	+2.127e+03	+7.256e+03	+1.003e+04	+0.773
80.100	+2.111e+03	+7.258e+03	+8.819e+03	+0.775
80.200	+4.047e+03	+6.230e+03	+9.600e+03	+0.606
80.300	+3.076e+03	+6.288e+03	+1.109e+04	+0.672
80.400	+4.033e+03	+5.523e+03	+9.760e+03	+0.578
80.500	+3.165e+03	+8.199e+03	+8.486e+03	+0.721
80.600	+3.779e+03	+5.655e+03	+1.192e+04	+0.599
80.700	+2.106e+03	+6.965e+03	+9.560e+03	+0.768
80.800	+2.497e+03	+7.540e+03	+9.692e+03	+0.751
80.900	+4.256e+03	+7.126e+03	+7.960e+03	+0.626
81.000	+2.358e+03	+6.772e+03	+8.335e+03	+0.742
81.100	+1.580e+03	+6.927e+03	+1.013e+04	+0.814
81.200	+4.066e+03	+6.164e+03	+1.062e+04	+0.603
81.300	+2.722e+03	+7.021e+03	+1.005e+04	+0.721
81.400	+4.265e+03	+6.588e+03	+8.835e+03	+0.607
81.500	+3.669e+03	+7.317e+03	+1.156e+04	+0.666
81.600	+2.101e+03	+6.187e+03	+9.804e+03	+0.747
81.700	+1.911e+03	+7.442e+03	+1.043e+04	+0.796
81.800	+3.368e+03	+7.495e+03	+9.701e+03	+0.690
81.900	+1.836e+03	+7.213e+03	+8.800e+03	+0.797
82.000	+2.233e+03	+4.747e+03	+9.925e+03	+0.680
82.100	+1.363e+03	+5.928e+03	+1.030e+04	+0.813
82.200	+1.597e+03	+8.735e+03	+8.575e+03	+0.845
82.300	+3.225e+03	+8.190e+03	+1.056e+04	+0.718
82.400	+1.770e+03	+5.508e+03	+9.906e+03	+0.757
82.500	+5.196e+03	+4.903e+03	+1.021e+04	+0.485
82.600	+7.639e+03	+2.823e+03	+9.297e+03	+0.270
82.700	+8.205e+03	+2.181e+03	+1.139e+04	+0.210
82.800	+6.524e+03	+3.047e+03	+1.268e+04	+0.318
82.900	+6.515e+03	+3.527e+03	+1.083e+04	+0.351
83.000	+7.227e+03	+1.922e+03	+9.140e+03	+0.210
83.100	+7.406e+03	+3.900e+03	+9.196e+03	+0.345
83.200	+8.703e+03	+2.618e+03	+1.214e+04	+0.231
83.300	+6.439e+03	+2.863e+03	+9.098e+03	+0.308
83.400	+1.413e+03	+7.721e+03	+9.923e+03	+0.845
83.500	+3.185e+03	+7.688e+03	+1.006e+04	+0.707
83.600	+1.048e+03	+7.489e+03	+1.022e+04	+0.877
83.700	+2.710e+03	+6.281e+03	+1.132e+04	+0.699
83.800	+2.939e+03	+7.030e+03	+9.385e+03	+0.705
83.900	+3.517e+03	+6.684e+03	+9.746e+03	+0.655
84.000	+2.862e+03	+7.407e+03	+1.059e+04	+0.721
84.100	+2.269e+03	+6.527e+03	+8.793e+03	+0.742
84.200	+4.047e+03	+7.025e+03	+1.025e+04	+0.634
84.300	+3.170e+03	+5.338e+03	+1.004e+04	+0.627
84.400	+3.275e+03	+7.505e+03	+8.988e+03	+0.696
84.500	+2.755e+03	+6.719e+03	+1.076e+04	+0.709
84.600	+4.715e+03	+7.205e+03	+9.872e+03	+0.604
84.700	+2.477e+03	+7.283e+03	+1.176e+04	+0.746
84.800	+3.050e+03	+6.639e+03	+1.082e+04	+0.685
84.900	+3.797e+03	+6.565e+03	+9.443e+03	+0.634
85.000	+3.171e+03	+6.188e+03	+9.513e+03	+0.661
85.100	+2.872e+03	+6.824e+03	+9.986e+03	+0.704
85.200	+5.539e+03	+4.280e+03	+1.000e+04	+0.436
85.300	+5.566e+03	+3.968e+03	+1.154e+04	+0.416
85.400	+6.637e+03	+1.350e+03	+1.072e+04	+0.169
85.500	+7.346e+03	+4.287e+03	+8.358e+03	+0.369
85.600	+7.820e+03	+3.870e+03	+1.008e+04	+0.331
85.700	+5.767e+03	+3.984e+03	+1.133e+04	+0.409
85.800	+5.752e+03	+2.594e+03	+1.008e+04	+0.311
85.900	+6.579e+03	+4.306e+03	+7.968e+03	+0.396
86.000	+7.863e+03	+6.026e+02	+9.232e+03	+0.071
86.100	+8.205e+03	+1.665e+03	+8.710e+03	+0.169
86.200	+7.204e+03	+2.649e+03	+9.370e+03	+0.269
86.300	+7.321e+03	+3.480e+03	+1.036e+04	+0.322
86.400	+7.327e+03	+3.177e+03	+9.710e+03	+0.302
86.500	+7.218e+03	+2.504e+03	+9.500e+03	+0.258
86.600	+6.822e+03	+4.559e+03	+1.064e+04	+0.401
86.700	+7.689e+03	+2.139e+03	+9.886e+03	+0.218
86.800	+7.574e+03	+3.140e+03	+1.043e+04	+0.293
86.900	+7.827e+03	+3.098e+03	+1.053e+04	+0.284
87.000	+6.322e+03	+4.040e+03	+1.042e+04	+0.390
87.100	+7.035e+03	+2.821e+03	+9.635e+03	+0.286
87.200	+5.682e+03	+4.764e+03	+1.042e+04	+0.456
87.300	+2.514e+03	+7.475e+03	+9.722e+03	+0.748
87.400	+3.454e+03	+6.298e+03	+8.472e+03	+0.646
87.500	+6.509e+03	+2.605e+03	+9.858e+03	+0.286
87.600	+5.078e+03	+6.287e+03	+1.005e+04	+0.553
87.700	+2.870e+03	+6.213e+03	+9.877e+03	+0.684
87.800	+3.111e+03	+6.326e+03	+9.680e+03	+0.670
87.900	+2.620e+03	+7.527e+03	+1.110e+04	+0.742
88.000	+2.656e+03	+8.253e+03	+1.048e+04	+0.757
88.100	+5.146e+03	+5.022e+03	+9.802e+03	+0.494
88.200	+6.139e+03	+4.275e+03	+9.708e+03	+0.411
88.300	+7.888e+03	+3.595e+03	+8.294e+03	+0.313
88.400	+6.540e+03	+2.730e+03	+1.018e+04	+0.295
88.500	+3.507e+03	+6.044e+03	+9.412e+03	+0.633
88.600	+3.743e+03	+5.536e+03	+9.968e+03	+0.597
88.700	+4.802e+03	+6.461e+03	+9.028e+03	+0.574
88.800	+2.394e+03	+7.253e+03	+9.900e+03	+0.752
88.900	+2.651e+03	+6.879e+03	+9.019e+03	+0.722
89.000	+1.584e+03	+7.231e+03	+9.573e+03	+0.820
89.100	+3.289e+03	+7.166e+03	+9.754e+03	+0.685
89.200	+2.397e+03	+5.131e+03	+9.863e+03	+0.682
89.300	+2.950e+03	+5.564e+03	+1.031e+04	+0.654
89.400	+2.860e+03	+5.918e+03	+1.013e+04	+0.674
89.500	+2.254e+03	+7.405e+03	+9.593e+03	+0.767
89.600	+2.195e+03	+8.635e+03	+9.237e+03	+0.797
89.700	+2.358e+03	+4.918e+03	+1.005e+04	+0.676
89.800	+2.080e+03	+6.678e+03	+1.072e+04	+0.763
89.900	+3.034e+03	+5.781e+03	+9.947e+03	+0.656
90.000	+3.231e+03	+7.469e+03	+8.267e+03	+0.698
90.100	+2.073e+03	+6.661e+03	+1.198e+04	+0.763
90.200	+3.465e+03	+6.714e+03	+9.342e+03	+0.660
90.300	+2.149e+03	+7.316e+03	+9.318e+03	+0.773
90.400	+2.696e+03	+6.960e+03	+9.762e+03	+0.721
90.500	+3.908e+03	+8.287e+03	+1.015e+04	+0.680
90.600	+3.596e+03	+6.557e+03	+9.785e+03	+0.646
90.700	+3.133e+03	+6.076e+03	+9.521e+03	+0.660
90.800	+2.728e+03	+7.355e+03	+8.611e+03	+0.729
90.900	+2.455e+03	+6.217e+03	+8.730e+03	+0.717
91.000	+2.736e+03	+6.227e+03	+9.203e+03	+0.695
91.100	+3.475e+03	+7.146e+03	+9.311e+03	+0.673
91.200	+4.203e+03	+6.284e+03	+8.995e+03	+0.599
91.300	+1.685e+03	+7.392e+03	+1.044e+04	+0.814
91.400	+1.951e+03	+7.005e+03	+8.868e+03	+0.782
91.500	+2.056e+03	+6.270e+03	+9.543e+03	+0.753
91.600	+5.413e+03	+3.936e+03	+1.038e+04	+0.421
91.700	+7.161e+03	+3.838e+03	+1.006e+04	+0.349
91.800	+4.362e+03	+8.156e+03	+1.023e+04	+0.652
91.900	+2.805e+03	+6.422e+03	+1.094e+04	+0.696
92.000	+3.649e+03	+7.542e+03	+1.026e+04	+0.674
92.100	+3.136e+03	+7.426e+03	+1.037e+04	+0.703
92.200	+3.542e+03	+7.149e+03	+8.720e+03	+0.669
92.300	+3.586e+03	+7.452e+03	+8.044e+03	+0.675
92.400	+3.900e+03	+7.698e+03	+8.480e+03	+0.664
92.500	+3.071e+03	+6.999e+03	+1.035e+04	+0.695
92.600	+3.377e+03	+6.146e+03	+9.653e+03	+0.645
92.700	+2.984e+03	+5.533e+03	+1.062e+04	+0.650
92.800	+4.442e+03	+7.194e+03	+7.407e+03	+0.618
92.900	+3.615e+03	+7.219e+03	+9.406e+03	+0.666
93.000	+3.694e+03	+7.414e+03	+1.070e+04	+0.667
93.100	+2.095e+03	+7.591e+03	+1.007e+04	+0.784
93.200	+3.717e+03	+7.038e+03	+1.007e+04	+0.654
93.300	+3.670e+03	+6.327e+03	+9.122e+03	+0.633
93.400	+3.017e+03	+6.497e+03	+9.103e+03	+0.683
93.500	+3.143e+03	+7.411e+03	+9.455e+03	+0.702
93.600	+3.559e+03	+6.005e+03	+1.025e+04	+0.628
93.700	+2.980e+03	+7.900e+03	+8.960e+03	+0.726
93.800	+3.360e+03	+6.877e+03	+9.516e+03	+0.672
93.900	+4.841e+03	+7.693e+03	+9.763e+03	+0.614
94.000	+2.678e+03	+7.103e+03	+8.995e+03	+0.726
94.100	+4.140e+03	+5.658e+03	+9.891e+03	+0.577
94.200	+2.255e+03	+7.326e+03	+9.368e+03	+0.765
94.300	+2.532e+03	+8.104e+03	+1.059e+04	+0.762
94.400	+3.048e+03	+6.810e+03	+9.199e+03	+0.691
94.500	+2.018e+03	+6.986e+03	+9.474e+03	+0.776
94.600	+5.033e+03	+7.650e+03	+1.137e+04	+0.603
94.700	+3.560e+03	+6.851e+03	+9.460e+03	+0.658
94.800	+2.306e+03	+8.120e+03	+8.636e+03	+0.779
94.900	+3.293e+03	+6.749e+03	+1.095e+04	+0.672
95.000	+3.041e+03	+8.271e+03	+1.023e+04	+0.731
95.100	+2.241e+03	+7.845e+03	+1.011e+04	+0.778
95.200	+2.015e+03	+7.875e+03	+1.022e+04	+0.796
95.300	+4.113e+03	+6.914e+03	+1.183e+04	+0.627
95.400	+2.038e+03	+7.342e+03	+9.410e+03	+0.783
95.500	+3.908e+03	+6.016e+03	+9.712e+03	+0.606
95.600	+7.085e+03	+2.192e+03	+1.112e+04	+0.236
95.700	+6.214e+03	+2.581e+03	+1.223e+04	+0.293
95.800	+6.827e+03	+3.094e+03	+7.320e+03	+0.312
95.900	+5.737e+03	+2.841e+03	+1.100e+04	+0.331
96.000	+6.510e+03	+3.966e+03	+1.058e+04	+0.379
96.100	+6.052e+03	+3.706e+03	+1.024e+04	+0.380
96.200	+5.517e+03	+2.718e+03	+1.146e+04	+0.330
96.300	+7.969e+03	+3.245e+03	+9.903e+03	+0.289
96.400	+8.065e+03	+2.461e+03	+9.576e+03	+0.234
96.500	+7.193e+03	+3.945e+03	+1.071e+04	+0.354
96.600	+7.780e+03	+2.975e+03	+1.007e+04	+0.277
96.700	+7.255e+03	+2.962e+03	+9.728e+03	+0.290
96.800	+7.210e+03	+3.378e+03	+9.343e+03	+0.319
96.900	+5.935e+03	+4.447e+03	+1.041e+04	+0.428
97.000	+6.216e+03	+3.970e+03	+1.023e+04	+0.390
97.100	+5.461e+03	+4.682e+03	+1.007e+04	+0.462
97.200	+2.868e+03	+6.172e+03	+1.054e+04	+0.683
97.300	+3.406e+03	+7.279e+03	+9.781e+03	+0.681
97.400	+1.778e+03	+6.179e+03	+1.112e+04	+0.777
97.500	+3.478e+03	+7.266e+03	+1.018e+04	+0.676
97.600	+7.814e+03	+3.324e+03	+9.155e+03	+0.298
97.700	+7.166e+03	+3.536e+03	+1.072e+04	+0.330
97.800	+6.758e+03	+1.472e+03	+8.975e+03	+0.179
97.900	+6.530e+03	+2.091e+03	+9.476e+03	+0.243
98.000	+3.201e+03	+6.790e+03	+1.024e+04	+0.680
98.100	+1.751e+03	+7.345e+03	+1.149e+04	+0.808
98.200	+3.484e+03	+7.992e+03	+9.920e+03	+0.696
98.300	+4.487e+03	+8.386e+03	+9.971e+03	+0.651
98.400	+2.803e+03	+6.598e+03	+1.083e+04	+0.702
98.500	+2.279e+03	+5.613e+03	+1.051e+04	+0.711
98.600	+4.133e+03	+6.745e+03	+1.091e+04	+0.620
98.700	+3.518e+03	+6.202e+03	+1.094e+04	+0.638
98.800	+2.693e+03	+6.664e+03	+1.171e+04	+0.712
98.900	+2.907e+03	+7.324e+03	+9.135e+03	+0.716
99.000	+3.214e+03	+6.356e+03	+9.977e+03	+0.664
99.100	+2.588e+03	+8.036e+03	+9.549e+03	+0.756
99.200	+3.236e+03	+7.507e+03	+9.192e+03	+0.699
99.300	+2.526e+03	+8.029e+03	+1.006e+04	+0.761
99.400	+2.479e+03	+7.064e+03	+9.965e+03	+0.740
99.500	+2.685e+03	+5.864e+03	+9.281e+03	+0.686
99.600	+2.397e+03	+8.034e+03	+9.306e+03	+0.770
99.700	+1.957e+03	+6.232e+03	+9.847e+03	+0.761
99.800	+2.745e+03	+7.957e+03	+1.065e+04	+0.744
99.900	+4.331e+03	+5.716e+03	+9.722e+03	+0.569
100.000	+8.885e+03	+1.548e+03	+1.195e+04	+0.148
100.100	+3.938e+03	+4.941e+03	+1.027e+04	+0.556
100.200	+3.297e+03	+7.400e+03	+1.079e+04	+0.692
100.300	+1.622e+03	+6.186e+03	+9.789e+03	+0.792
100.400	+1.348e+03	+6.562e+03	+8.172e+03	+0.830
100.500	+3.231e+03	+5.532e+03	+1.021e+04	+0.631
100.600	+3.548e+03	+6.854e+03	+1.019e+04	+0.659
100.700	+2.904e+03	+6.085e+03	+8.226e+03	+0.677
100.800	+3.861e+03	+6.807e+03	+1.025e+04	+0.638
100.900	+3.647e+03	+6.357e+03	+1.207e+04	+0.635
101.000	+2.371e+03	+7.053e+03	+1.065e+04	+0.748
101.100	+4.072e+03	+6.667e+03	+1.093e+04	+0.621
101.200	+1.583e+03	+7.336e+03	+1.085e+04	+0.823
101.300	+2.471e+03	+6.982e+03	+1.031e+04	+0.739
101.400	+2.438e+03	+8.414e+03	+1.071e+04	+0.775
101.500	+2.462e+03	+6.720e+03	+1.092e+04	+0.732
101.600	+2.326e+03	+6.440e+03	+9.318e+03	+0.735
101.700	+2.910e+03	+6.933e+03	+9.139e+03	+0.704
101.800	+4.603e+03	+5.154e+03	+1.088e+04	+0.528
101.900	+7.340e+03	+3.469e+03	+1.105e+04	+0.321
102.000	+5.880e+03	+3.835e+03	+9.950e+03	+0.395
102.100	+5.891e+03	+3.156e+03	+8.991e+03	+0.349
102.200	+6.805e+03	+4.091e+03	+8.770e+03	+0.376
102.300	+6.888e+03	+3.372e+03	+9.551e+03	+0.329
102.400	+7.204e+03	+2.387e+03	+1.015e+04	+0.249
102.500	+6.709e+03	+2.712e+03	+1.041e+04	+0.288
102.600	+6.619e+03	+2.763e+03	+1.008e+04	+0.295
102.700	+7.015e+03	+2.398e+03	+1.006e+04	+0.255
102.800	+5.961e+03	+2.102e+03	+8.377e+03	+0.261
102.900	+7.859e+03	+4.422e+03	+1.121e+04	+0.360
103.000	+6.613e+03	+3.865e+03	+1.085e+04	+0.369
103.100	+6.592e+03	+1.868e+03	+9.820e+03	+0.221
103.200	+4.264e+03	+6.254e+03	+1.047e+04	+0.595
103.300	+2.733e+03	+6.318e+03	+1.006e+04	+0.698
103.400	+3.622e+03	+5.183e+03	+1.044e+04	+0.589
103.500	+2.612e+03	+6.072e+03	+1.136e+04	+0.699
103.600	+3.231e+03	+8.792e+03	+1.053e+04	+0.731
103.700	+2.404e+03	+8.301e+03	+1.068e+04	+0.775
103.800	+3.696e+03	+7.079e+03	+9.052e+03	+0.657
103.900	+1.791e+03	+6.820e+03	+9.469e+03	+0.792
104.000	+2.809e+03	+7.283e+03	+9.871e+03	+0.722
104.100	+2.896e+03	+8.023e+03	+1.006e+04	+0.735
104.200	+4.266e+03	+6.890e+03	+1.004e+04	+0.618
104.300	+5.941e+03	+2.537e+03	+1.066e+04	+0.299
104.400	+7.999e+03	+1.891e+03	+9.047e+03	+0.191
104.500	+6.502e+03	+1.105e+03	+8.394e+03	+0.145
104.600	+6.305e+03	+2.360e+03	+9.466e+03	+0.272
104.700	+7.396e+03	+2.578e+03	+1.026e+04	+0.258
104.800	+7.264e+03	+2.667e+03	+9.351e+03	+0.269
104.900	+6.115e+03	+3.273e+03	+1.025e+04	+0.349
105.000	+3.168e+03	+6.058e+03	+1.067e+04	+0.657
105.100	+2.583e+03	+4.629e+03	+1.046e+04	+0.642
105.200	+2.920e+03	+7.794e+03	+1.044e+04	+0.727
105.300	+2.892e+03	+7.607e+03	+9.336e+03	+0.725
105.400	+2.755e+03	+7.886e+03	+9.712e+03	+0.741
105.500	+2.629e+03	+6.948e+03	+1.054e+04	+0.725
105.600	+2.249e+03	+7.023e+03	+9.974e+03	+0.757
105.700	+3.529e+03	+6.845e+03	+9.297e+03	+0.660
105.800	+4.797e+03	+7.218e+03	+1.068e+04	+0.601
105.900	+2.658e+03	+7.979e+03	+1.044e+04	+0.750
106.000	+1.782e+03	+6.055e+03	+1.010e+04	+0.773
106.100	+3.131e+03	+6.404e+03	+1.120e+04	+0.672
106.200	+2.420e+03	+7.035e+03	+1.108e+04	+0.744
106.300	+3.510e+03	+6.487e+03	+9.481e+03	+0.649
106.400	+2.137e+03	+6.118e+03	+1.024e+04	+0.741
106.500	+3.172e+03	+6.757e+03	+1.032e+04	+0.681
106.600	+2.823e+03	+6.438e+03	+9.764e+03	+0.695
106.700	+2.260e+03	+6.750e+03	+1.054e+04	+0.749
106.800	+3.470e+03	+7.108e+03	+8.819e+03	+0.672
106.900	+2.931e+03	+7.034e+03	+1.028e+04	+0.706
107.000	+2.028e+03	+7.013e+03	+9.724e+03	+0.776
107.100	+3.071e+03	+7.914e+03	+9.533e+03	+0.720
107.200	+7.445e+03	+2.616e+03	+8.731e+03	+0.260
107.300	+7.334e+03	+2.329e+03	+9.494e+03	+0.241
107.400	+7.722e+03	+3.016e+03	+1.069e+04	+0.281
107.500	+6.742e+03	+2.948e+03	+1.081e+04	+0.304
107.600	+6.883e+03	+3.094e+03	+9.605e+03	+0.310
107.700	+7.012e+03	+2.878e+03	+9.883e+03	+0.291
107.800	+6.578e+03	+2.846e+03	+1.075e+04	+0.302
107.900	+7.288e+03	+3.154e+03	+9.465e+03	+0.302
108.000	+7.306e+03	+2.352e+03	+9.513e+03	+0.244
108.100	+6.138e+03	+2.547e+03	+9.371e+03	+0.293
108.200	+6.366e+03	+3.325e+03	+9.393e+03	+0.343
108.300	+7.624e+03	+1.934e+03	+9.972e+03	+0.202
108.400	+5.891e+03	+2.956e+03	+1.023e+04	+0.334
108.500	+7.254e+03	+1.017e+02	+9.654e+03	+0.014
108.600	+6.735e+03	+2.563e+03	+9.591e+03	+0.276
108.700	+6.086e+03	+2.676e+03	+9.786e+03	+0.305
108.800	+7.283e+03	+3.682e+03	+8.892e+03	+0.336
108.900	+6.580e+03	+3.539e+03	+9.856e+03	+0.350
109.000	+6.404e+03	+3.260e+03	+9.431e+03	+0.337
109.100	+6.819e+03	+2.201e+03	+9.411e+03	+0.244
109.200	+8.244e+03	+1.896e+03	+1.068e+04	+0.187
109.300	+7.119e+03	+2.676e+03	+9.640e+03	+0.273
109.400	+8.157e+03	+3.346e+03	+9.694e+03	+0.291
109.500	+6.164e+03	+2.395e+03	+1.032e+04	+0.280
109.600	+4.873e+03	+5.998e+03	+1.090e+04	+0.552
109.700	+3.274e+03	+6.820e+03	+9.655e+03	+0.676
109.800	+2.536e+03	+7.140e+03	+8.703e+03	+0.738
109.900	+1.934e+03	+6.159e+03	+1.105e+04	+0.761
110.000	+4.336e+03	+7.178e+03	+9.587e+03	+0.623
110.100	+3.346e+03	+7.650e+03	+9.864e+03	+0.696
110.200	+3.941e+03	+8.192e+03	+1.020e+04	+0.675
110.300	+1.141e+03	+7.458e+03	+1.001e+04	+0.867
110.400	+4.683e+03	+7.092e+03	+8.600e+03	+0.602
110.500	+3.408e+03	+6.241e+03	+8.520e+03	+0.647
110.600	+3.866e+03	+7.389e+03	+1.051e+04	+0.657
110.700	+2.922e+03	+7.442e+03	+9.395e+03	+0.718
110.800	+4.365e+03	+6.271e+03	+9.671e+03	+0.590
110.900	+5.838e+03	+4.626e+03	+9.168e+03	+0.442
111.000	+7.793e+03	+3.003e+03	+9.856e+03	+0.278
111.100	+7.470e+03	+3.989e+03	+9.192e+03	+0.348
111.200	+7.674e+03	+3.045e+03	+1.065e+04	+0.284
111.300	+7.302e+03	+2.907e+03	+1.094e+04	+0.285
111.400	+7.588e+03	+2.662e+03	+1.045e+04	+0.260
111.500	+6.003e+03	+2.599e+03	+1.053e+04	+0.302
111.600	+6.792e+03	+2.504e+03	+8.991e+03	+0.269
111.700	+3.371e+03	+5.670e+03	+1.075e+04	+0.627
111.800	+3.667e+03	+8.582e+03	+1.042e+04	+0.701
111.900	+2.439e+03	+7.717e+03	+9.238e+03	+0.760
112.000	+2.140e+03	+6.693e+03	+1.040e+04	+0.758
112.100	+2.661e+03	+6.372e+03	+9.638e+03	+0.705
112.200	+5.650e+03	+3.352e+03	+9.748e+03	+0.372
112.300	+6.504e+03	+3.303e+03	+1.037e+04	+0.337
112.400	+5.469e+03	+2.598e+03	+1.035e+04	+0.322
112.500	+8.597e+03	+3.072e+03	+1.076e+04	+0.263
112.600	+6.391e+03	+3.546e+03	+9.309e+03	+0.357
112.700	+7.700e+03	+2.330e+03	+9.496e+03	+0.232
112.800	+8.090e+03	+4.805e+03	+1.079e+04	+0.373
112.900	+7.422e+03	+3.091e+03	+8.062e+03	+0.294
113.000	+8.096e+03	+3.585e+03	+1.013e+04	+0.307
113.100	+6.846e+03	+3.155e+03	+1.014e+04	+0.315
113.200	+7.810e+03	+3.606e+03	+1.025e+04	+0.316
113.300	+7.200e+03	+2.619e+03	+9.362e+03	+0.267
113.400	+7.488e+03	+1.789e+03	+9.435e+03	+0.193
113.500	+4.780e+03	+5.540e+03	+9.566e+03	+0.537
113.600	+3.251e+03	+5.397e+03	+9.710e+03	+0.624
113.700	+3.799e+03	+6.617e+03	+1.059e+04	+0.635
113.800	+3.563e+03	+7.129e+03	+9.589e+03	+0.667
113.900	+3.416e+03	+7.272e+03	+1.075e+04	+0.680
114.000	+3.311e+03	+7.377e+03	+9.385e+03	+0.690
114.100	+2.914e+03	+7.332e+03	+1.152e+04	+0.716
114.200	+2.934e+03	+7.562e+03	+9.582e+03	+0.720
114.300	+3.983e+03	+6.416e+03	+9.642e+03	+0.617
114.400	+2.286e+03	+7.107e+03	+1.007e+04	+0.757
114.500	+3.834e+03	+7.172e+03	+8.820e+03	+0.652
114.600	+3.150e+03	+6.446e+03	+9.653e+03	+0.672
114.700	+2.459e+03	+6.834e+03	+9.531e+03	+0.735
114.800	+3.120e+03	+7.579e+03	+1.146e+04	+0.708
114.900	+2.480e+03	+5.495e+03	+9.520e+03	+0.689
115.000	+2.319e+03	+7.888e+03	+9.104e+03	+0.773
115.100	+3.725e+03	+5.598e+03	+1.079e+04	+0.600
115.200	+2.489e+03	+6.420e+03	+1.045e+04	+0.721
115.300	+2.759e+03	+6.607e+03	+9.687e+03	+0.705
115.400	+4.693e+03	+7.744e+03	+1.083e+04	+0.623
115.500	+4.546e+03	+5.928e+03	+9.834e+03	+0.566
115.600	+4.958e+03	+5.059e+03	+9.768e+03	+0.505
115.700	+2.345e+03	+6.706e+03	+8.707e+03	+0.741
115.800	+3.790e+03	+7.855e+03	+9.217e+03	+0.675
115.900	+2.386e+03	+6.062e+03	+1.038e+04	+0.718
116.000	+4.654e+02	+7.439e+03	+1.114e+04	+0.941
116.100	+2.216e+03	+8.674e+03	+8.002e+03	+0.796
116.200	+2.957e+03	+7.155e+03	+1.085e+04	+0.708
116.300	+3.080e+03	+7.339e+03	+9.225e+03	+0.704
116.400	+2.441e+03	+6.776e+03	+1.044e+04	+0.735
116.500	+4.086e+03	+7.957e+03	+8.521e+03	+0.661
116.600	+2.716e+03	+5.896e+03	+9.382e+03	+0.685
116.700	+3.773e+03	+5.351e+03	+1.086e+04	+0.586
116.800	+2.730e+03	+8.722e+03	+9.189e+03	+0.762
116.900	+2.481e+03	+6.927e+03	+8.799e+03	+0.736
117.000	+4.341e+03	+7.513e+03	+9.620e+03	+0.634
117.100	+1.633e+03	+7.220e+03	+1.041e+04	+0.816
117.200	+1.332e+03	+6.945e+03	+9.985e+03	+0.839
117.300	+2.524e+03	+5.400e+03	+1.118e+04	+0.681
117.400	+3.196e+03	+7.441e+03	+9.736e+03	+0.700
117.500	+4.347e+03	+5.832e+03	+1.048e+04	+0.573
117.600	+7.902e+03	+4.351e+03	+9.428e+03	+0.355
117.700	+7.490e+03	+4.492e+03	+9.659e+03	+0.375
117.800	+7.005e+03	+3.532e+03	+9.697e+03	+0.335
117.900	+7.553e+03	+1.785e+03	+9.011e+03	+0.191
118.000	+7.261e+03	+3.869e+03	+1.097e+04	+0.348
118.100	+5.724e+03	+4.169e+03	+9.682e+03	+0.421
118.200	+6.734e+03	+3.992e+03	+9.710e+03	+0.372
118.300	+6.965e+03	+2.290e+03	+1.086e+04	+0.247
118.400	+7.643e+03	+1.170e+03	+1.013e+04	+0.133
118.500	+6.871e+03	+4.194e+03	+1.051e+04	+0.379
118.600	+6.787e+03	+2.652e+03	+1.056e+04	+0.281
118.700	+7.268e+03	+2.733e+03	+1.054e+04	+0.273
118.800	+6.306e+03	+3.694e+03	+1.165e+04	+0.369
118.900	+7.628e+03	+2.950e+03	+1.033e+04	+0.279
119.000	+8.142e+03	+3.657e+03	+1.115e+04	+0.310
119.100	+6.554e+03	+3.442e+03	+1.123e+04	+0.344
119.200	+5.098e+03	+4.034e+03	+1.127e+04	+0.442
119.300	+7.550e+03	+3.129e+03	+9.754e+03	+0.293
119.400	+6.828e+03	+2.765e+03	+8.861e+03	+0.288
119.500	+8.818e+03	+2.306e+03	+1.156e+04	+0.207
119.600	+6.925e+03	+3.365e+03	+9.247e+03	+0.327
119.700	+8.083e+03	+3.150e+03	+1.009e+04	+0.280
119.800	+7.268e+03	+3.299e+03	+9.905e+03	+0.312
119.900	+6.891e+03	+3.250e+03	+1.082e+04	+0.320
120.000	+7.229e+03	+4.116e+03	+9.950e+03	+0.363
120.100	+5.729e+03	+3.908e+03	+8.859e+03	+0.406
120.200	+6.742e+03	+3.954e+03	+1.057e+04	+0.370
120.300	+2.635e+03	+6.545e+03	+8.695e+03	+0.713
120.400	+1.298e+03	+6.815e+03	+1.037e+04	+0.840
120.500	+2.884e+03	+6.821e+03	+1.046e+04	+0.703
120.600	+3.087e+03	+7.630e+03	+1.008e+04	+0.712
120.700	+2.920e+03	+6.783e+03	+9.163e+03	+0.699
120.800	+2.195e+03	+7.070e+03	+9.048e+03	+0.763
120.900	+1.576e+03	+7.880e+03	+9.581e+03	+0.833
121.000	+5.941e+03	+4.935e+03	+1.079e+04	+0.454
121.100	+6.194e+03	+2.295e+03	+9.060e+03	+0.270
121.200	+5.699e+03	+2.792e+03	+9.612e+03	+0.329
121.300	+8.344e+03	+4.039e+03	+9.397e+03	+0.326
121.400	+6.997e+03	+4.530e+03	+9.926e+03	+0.393
121.500	+3.450e+03	+7.823e+03	+1.017e+04	+0.694
121.600	+4.068e+03	+5.916e+03	+1.042e+04	+0.593
121.700	+3.010e+03	+6.678e+03	+9.102e+03	+0.689
121.800	+3.559e+03	+7.225e+03	+9.502e+03	+0.670
121.900	+3.997e+03	+8.212e+03	+8.229e+03	+0.673
122.000	+5.394e+03	+5.287e+03	+9.833e+03	+0.495
122.100	+8.132e+03	+2.529e+03	+9.079e+03	+0.237
122.200	+6.033e+03	+3.535e+03	+9.120e+03	+0.369
122.300	+6.833e+03	+3.297e+03	+9.882e+03	+0.325
122.400	+6.933e+03	+2.747e+03	+9.802e+03	+0.284
122.500	+4.000e+03	+6.449e+03	+1.057e+04	+0.617
122.600	+1.927e+03	+7.272e+03	+1.012e+04	+0.791
122.700	+2.317e+03	+8.157e+03	+1.008e+04	+0.779
122.800	+2.074e+03	+6.614e+03	+1.049e+04	+0.761
122.900	+3.029e+03	+6.488e+03	+1.082e+04	+0.682
123.000	+7.401e+03	+1.743e+03	+1.095e+04	+0.191
123.100	+6.186e+03	+3.203e+03	+1.021e+04	+0.341
123.200	+5.985e+03	+2.785e+03	+1.035e+04	+0.318
123.300	+6.739e+03	+2.289e+03	+1.003e+04	+0.254
123.400	+5.878e+03	+6.854e+02	+1.040e+04	+0.104
123.500	+6.151e+03	+2.583e+03	+1.023e+04	+0.296
123.600	+7.905e+03	+3.001e+03	+9.949e+03	+0.275
123.700	+7.894e+03	+2.632e+03	+1.043e+04	+0.250
123.800	+7.058e+03	+4.756e+03	+9.128e+03	+0.403
123.900	+5.279e+03	+3.563e+03	+1.063e+04	+0.403
124.000	+2.678e+03	+8.064e+03	+9.928e+03	+0.751
124.100	+4.382e+03	+6.105e+03	+8.499e+03	+0.582
124.200	+2.943e+03	+6.534e+03	+1.058e+04	+0.689
124.300	+4.465e+03	+6.701e+03	+1.028e+04	+0.600
124.400	+2.407e+03	+7.154e+03	+1.056e+04	+0.748
124.500	+4.054e+03	+7.715e+03	+9.751e+03	+0.656
124.600	+2.728e+03	+7.424e+03	+9.222e+03	+0.731
124.700	+2.626e+03	+6.450e+03	+1.017e+04	+0.711
124.800	+3.126e+03	+7.352e+03	+1.069e+04	+0.702
124.900	+3.918e+03	+6.655e+03	+1.083e+04	+0.629
125.000	+2.306e+03	+5.623e+03	+9.672e+03	+0.709
125.100	+2.708e+03	+7.366e+03	+9.568e+03	+0.731
125.200	+2.785e+03	+5.269e+03	+9.525e+03	+0.654
125.300	+1.631e+03	+6.751e+03	+8.742e+03	+0.805
125.400	+2.090e+03	+7.797e+03	+1.078e+04	+0.789
125.500	+4.452e+03	+6.061e+03	+1.114e+04	+0.577
125.600	+6.668e+03	+3.615e+03	+9.667e+03	+0.352
125.700	+7.001e+03	+2.494e+03	+8.432e+03	+0.263
125.800	+6.537e+03	+2.903e+03	+9.474e+03	+0.308
125.900	+5.516e+03	+3.141e+03	+8.962e+03	+0.363
126.000	+6.254e+03	+2.238e+03	+9.640e+03	+0.264
126.100	+6.558e+03	+3.101e+03	+1.021e+04	+0.321
126.200	+8.014e+03	+1.551e+03	+9.515e+03	+0.162
126.300	+4.578e+03	+5.832e+03	+1.082e+04	+0.560
126.400	+2.352e+03	+6.365e+03	+9.199e+03	+0.730
126.500	+2.158e+03	+7.370e+03	+9.870e+03	+0.773
126.600	+3.411e+03	+6.877e+03	+9.557e+03	+0.668
126.700	+2.291e+03	+6.878e+03	+9.961e+03	+0.750
126.800	+3.029e+03	+5.456e+03	+8.753e+03	+0.643
126.900	+3.968e+03	+7.171e+03	+1.007e+04	+0.644
127.000	+3.264e+03	+6.914e+03	+1.085e+04	+0.679
127.100	+7.030e+03	+2.948e+03	+9.193e+03	+0.295
127.200	+6.442e+03	+3.216e+03	+9.673e+03	+0.333
127.300	+6.706e+03	+2.455e+03	+1.023e+04	+0.268
127.400	+6.443e+03	+3.137e+03	+9.613e+03	+0.327
127.500	+8.027e+03	+3.574e+03	+1.053e+04	+0.308
127.600	+5.183e+03	+3.548e+03	+1.017e+04	+0.406
127.700	+6.742e+03	+2.499e+03	+9.812e+03	+0.270
127.800	+7.173e+03	+3.500e+03	+9.672e+03	+0.328
127.900	+6.866e+03	+4.408e+03	+1.035e+04	+0.391
128.000	+6.168e+03	+3.701e+03	+9.365e+03	+0.375
128.100	+7.137e+03	+1.391e+03	+9.269e+03	+0.163
128.200	+6.729e+03	+2.255e+03	+9.979e+03	+0.251
128.300	+2.645e+03	+7.391e+03	+9.258e+03	+0.736
128.400	+2.622e+03	+7.036e+03	+9.743e+03	+0.729
128.500	+2.149e+03	+7.073e+03	+9.272e+03	+0.767
128.600	+2.942e+03	+7.149e+03	+9.134e+03	+0.708
128.700	+3.346e+03	+7.579e+03	+1.092e+04	+0.694
128.800	+4.053e+03	+7.695e+03	+9.719e+03	+0.655
128.900	+3.312e+03	+7.108e+03	+9.239e+03	+0.682
129.000	+1.877e+03	+6.855e+03	+8.733e+03	+0.785
129.100	+1.926e+03	+6.768e+03	+9.964e+03	+0.778
129.200	+3.035e+03	+6.599e+03	+9.514e+03	+0.685
129.300	+2.804e+03	+7.248e+03	+9.300e+03	+0.721
129.400	+1.990e+03	+6.460e+03	+9.443e+03	+0.765
129.500	+1.866e+03	+5.961e+03	+9.149e+03	+0.762
129.600	+4.300e+03	+4.166e+03	+9.869e+03	+0.492
129.700	+7.578e+03	+3.515e+03	+1.152e+04	+0.317
129.800	+6.689e+03	+1.547e+03	+1.045e+04	+0.188
129.900	+5.899e+03	+3.203e+03	+9.394e+03	+0.352
130.000	+6.386e+03	+4.151e+03	+9.748e+03	+0.394
130.100	+7.069e+03	+3.805e+03	+1.079e+04	+0.350
130.200	+5.955e+03	+2.807e+03	+9.510e+03	+0.320
130.300	+6.738e+03	+4.577e+03	+1.134e+04	+0.405
130.400	+6.841e+03	+1.561e+03	+9.450e+03	+0.186
130.500	+7.972e+03	+4.244e+03	+1.099e+04	+0.347
130.600	+6.836e+03	+3.752e+03	+9.599e+03	+0.354
130.700	+7.924e+03	+3.476e+03	+1.097e+04	+0.305
130.800	+6.901e+03	+2.964e+03	+9.401e+03	+0.300
130.900	+5.363e+03	+3.645e+03	+8.808e+03	+0.405
131.000	+5.996e+03	+2.143e+03	+1.063e+04	+0.263
131.100	+6.960e+03	+2.804e+03	+9.964e+03	+0.287
131.200	+6.699e+03	+2.565e+03	+8.495e+03	+0.277
131.300	+5.774e+03	+1.834e+03	+9.874e+03	+0.241
131.400	+6.134e+03	+3.170e+03	+1.056e+04	+0.341
131.500	+5.199e+03	+2.735e+03	+1.082e+04	+0.345
131.600	+6.792e+03	+3.022e+03	+1.010e+04	+0.308
131.700	+4.914e+03	+6.912e+03	+1.003e+04	+0.584
131.800	+3.613e+03	+7.101e+03	+1.149e+04	+0.663
131.900	+3.940e+03	+5.439e+03	+1.005e+04	+0.580
132.000	+2.695e+03	+5.579e+03	+9.389e+03	+0.674
132.100	+2.946e+03	+6.009e+03	+8.699e+03	+0.671
132.200	+4.625e+03	+5.494e+03	+9.252e+03	+0.543
132.300	+2.053e+03	+5.009e+03	+8.310e+03	+0.709
132.400	+4.100e+03	+6.791e+03	+9.077e+03	+0.624
132.500	+3.537e+03	+8.211e+03	+1.020e+04	+0.699
132.600	+2.666e+03	+6.752e+03	+9.590e+03	+0.717
132.700	+2.414e+03	+5.996e+03	+9.646e+03	+0.713
132.800	+4.786e+03	+7.337e+03	+1.106e+04	+0.605
132.900	+3.474e+03	+7.788e+03	+1.110e+04	+0.692
133.000	+3.204e+03	+7.975e+03	+8.662e+03	+0.713
133.100	+1.935e+03	+6.324e+03	+1.008e+04	+0.766
133.200	+3.513e+03	+7.163e+03	+1.039e+04	+0.671
133.300	+3.009e+03	+6.463e+03	+1.070e+04	+0.682
133.400	+4.202e+03	+7.479e+03	+1.098e+04	+0.640
133.500	+4.912e+02	+5.434e+03	+9.703e+03	+0.917
133.600	+3.604e+03	+7.536e+03	+9.575e+03	+0.676
133.700	+2.929e+03	+7.982e+03	+1.008e+04	+0.732
133.800	+3.779e+03	+5.658e+03	+1.085e+04	+0.600
133.900	+3.310e+03	+7.049e+03	+9.822e+03	+0.680
134.000	+3.788e+03	+6.739e+03	+9.693e+03	+0.640
134.100	+4.707e+03	+7.315e+03	+1.011e+04	+0.608
134.200	+2.975e+03	+7.616e+03	+1.047e+04	+0.719
134.300	+6.499e+03	+5.354e+03	+9.144e+03	+0.452
134.400	+7.553e+03	+2.080e+03	+9.699e+03	+0.216
134.500	+7.915e+03	+2.823e+03	+9.632e+03	+0.263
134.600	+6.651e+03	+2.788e+03	+8.507e+03	+0.295
134.700	+7.333e+03	+2.939e+03	+1.063e+04	+0.286
134.800	+7.402e+03	+3.206e+03	+1.153e+04	+0.302
134.900	+6.516e+03	+2.568e+03	+1.124e+04	+0.283
135.000	+5.089e+03	+4.119e+03	+9.380e+03	+0.447
135.100	+1.929e+03	+7.644e+03	+1.044e+04	+0.798
135.200	+3.888e+03	+8.080e+03	+8.415e+03	+0.675
135.300	+3.073e+03	+6.642e+03	+1.050e+04	+0.684
135.400	+2.258e+03	+6.800e+03	+1.057e+04	+0.751
135.500	+3.316e+03	+7.556e+03	+1.133e+04	+0.695
135.600	+3.046e+03	+6.808e+03	+1.109e+04	+0.691
135.700	+3.345e+03	+6.886e+03	+1.020e+04	+0.673
135.800	+3.850e+03	+6.539e+03	+1.048e+04	+0.629
135.900	+2.524e+03	+6.909e+03	+9.160e+03	+0.732
136.000	+3.785e+03	+7.539e+03	+1.069e+04	+0.666
136.100	+2.998e+03	+5.998e+03	+9.944e+03	+0.667
136.200	+1.050e+03	+7.392e+03	+1.012e+04	+0.876
136.300	+2.812e+03	+7.346e+03	+1.044e+04	+0.723
136.400	+2.229e+03	+6.942e+03	+1.150e+04	+0.757
136.500	+3.321e+03	+6.779e+03	+1.196e+04	+0.671
136.600	+3.588e+03	+7.110e+03	+9.246e+03	+0.665
136.700	+2.426e+03	+7.079e+03	+1.022e+04	+0.745
136.800	+4.196e+03	+8.701e+03	+1.086e+04	+0.675
136.900	+3.067e+03	+5.486e+03	+9.294e+03	+0.641
137.000	+6.059e+03	+5.311e+03	+1.081e+04	+0.467
137.100	+5.654e+03	+2.397e+03	+9.732e+03	+0.298
137.200	+8.195e+03	+3.940e+03	+9.713e+03	+0.325
137.300	+5.453e+03	+3.222e+03	+1.052e+04	+0.371
137.400	+6.373e+03	+3.637e+03	+1.116e+04	+0.363
137.500	+7.419e+03	+1.558e+03	+1.041e+04	+0.174
137.600	+6.781e+03	+3.337e+03	+9.661e+03	+0.330
137.700	+8.030e+03	+2.038e+03	+9.813e+03	+0.202
137.800	+7.738e+03	+3.838e+03	+9.132e+03	+0.332
137.900	+6.790e+03	+1.200e+03	+1.081e+04	+0.150
138.000	+7.257e+03	+3.725e+03	+1.009e+04	+0.339
138.100	+6.313e+03	+2.597e+03	+9.240e+03	+0.291
138.200	+6.401e+03	+4.358e+03	+9.675e+03	+0.405
138.300	+1.754e+03	+5.500e+03	+1.017e+04	+0.758
138.400	+2.439e+03	+9.445e+03	+8.418e+03	+0.795
138.500	+1.309e+03	+7.033e+03	+1.274e+04	+0.843
138.600	+3.511e+03	+7.709e+03	+1.201e+04	+0.687
138.700	+5.610e+03	+7.026e+03	+9.485e+03	+0.556
138.800	+3.082e+03	+6.870e+03	+9.484e+03	+0.690
138.900	+2.038e+03	+6.338e+03	+9.920e+03	+0.757
139.000	+3.286e+03	+6.848e+03	+8.201e+03	+0.676
139.100	+2.692e+03	+5.858e+03	+9.915e+03	+0.685
139.200	+3.223e+03	+6.779e+03	+9.564e+03	+0.678
139.300	+2.885e+03	+8.170e+03	+1.027e+04	+0.739
139.400	+3.993e+03	+7.713e+03	+1.005e+04	+0.659
139.500	+3.283e+03	+8.240e+03	+9.712e+03	+0.715
139.600	+3.084e+03	+8.326e+03	+1.147e+04	+0.730
139.700	+4.195e+03	+5.837e+03	+1.001e+04	+0.582
139.800	+8.495e+03	+3.213e+03	+9.435e+03	+0.274
139.900	+5.522e+03	+2.585e+03	+1.004e+04	+0.319
140.000	+6.953e+03	+2.481e+03	+9.951e+03	+0.263
140.100	+7.649e+03	+2.387e+03	+9.792e+03	+0.238
140.200	+5.885e+03	+2.349e+03	+1.047e+04	+0.285
140.300	+5.410e+03	+3.858e+03	+9.306e+03	+0.416
140.400	+2.466e+03	+7.423e+03	+1.125e+04	+0.751
140.500	+2.338e+03	+6.213e+03	+1.066e+04	+0.727
140.600	+3.374e+03	+6.338e+03	+9.151e+03	+0.653
140.700	+2.455e+03	+6.574e+03	+1.111e+04	+0.728
140.800	+3.321e+03	+5.471e+03	+9.956e+03	+0.622
140.900	+2.857e+03	+6.847e+03	+1.160e+04	+0.706
141.000	+2.632e+03	+6.148e+03	+9.164e+03	+0.700
141.100	+3.571e+03	+6.111e+03	+9.631e+03	+0.631
141.200	+3.403e+03	+7.047e+03	+8.458e+03	+0.674
141.300	+2.950e+03	+7.563e+03	+9.912e+03	+0.719
141.400	+3.779e+03	+6.724e+03	+1.042e+04	+0.640
141.500	+2.402e+03	+8.076e+03	+1.010e+04	+0.771
141.600	+2.981e+03	+7.921e+03	+9.114e+03	+0.727
141.700	+1.790e+03	+7.009e+03	+1.074e+04	+0.797
141.800	+2.285e+03	+8.364e+03	+9.979e+03	+0.785
141.900	+3.277e+03	+6.469e+03	+9.136e+03	+0.664
142.000	+6.318e+03	+3.064e+03	+9.076e+03	+0.327
142.100	+7.956e+03	+1.683e+03	+9.603e+03	+0.175
142.200	+8.083e+03	+2.121e+03	+9.264e+03	+0.208
142.300	+6.968e+03	+2.454e+03	+1.061e+04	+0.260
142.400	+5.103e+03	+5.300e+03	+1.117e+04	+0.509
142.500	+6.040e+03	+4.548e+03	+1.048e+04	+0.430
142.600	+5.682e+03	+2.551e+03	+1.148e+04	+0.310
142.700	+7.201e+03	+3.114e+03	+9.767e+03	+0.302
142.800	+8.578e+03	+2.961e+03	+8.400e+03	+0.257
142.900	+7.181e+03	+4.072e+03	+1.170e+04	+0.362
143.000	+7.324e+03	+3.317e+03	+1.014e+04	+0.312
143.100	+6.597e+03	+3.148e+03	+1.111e+04	+0.323
143.200	+6.232e+03	+2.862e+03	+9.668e+03	+0.315
143.300	+6.430e+03	+3.411e+03	+1.050e+04	+0.347
143.400	+7.386e+03	+2.798e+03	+1.094e+04	+0.275
143.500	+7.075e+03	+4.059e+03	+1.065e+04	+0.365
143.600	+5.413e+03	+3.515e+03	+9.423e+03	+0.394
143.700	+2.594e+03	+6.957e+03	+1.019e+04	+0.728
143.800	+1.589e+03	+6.737e+03	+1.102e+04	+0.809
143.900	+3.003e+03	+7.058e+03	+1.041e+04	+0.701
144.000	+3.475e+03	+6.953e+03	+1.003e+04	+0.667
144.100	+3.208e+03	+8.851e+03	+1.081e+04	+0.734
144.200	+2.514e+03	+6.300e+03	+1.026e+04	+0.715
144.300	+3.146e+03	+7.461e+03	+9.275e+03	+0.703
144.400	+1.426e+03	+7.223e+03	+9.884e+03	+0.835
144.500	+2.849e+03	+7.144e+03	+9.531e+03	+0.715
144.600	+2.081e+03	+6.794e+03	+9.558e+03	+0.766
144.700	+3.216e+03	+7.493e+03	+1.034e+04	+0.700
144.800	+3.438e+03	+6.692e+03	+9.050e+03	+0.661
144.900	+4.032e+03	+4.897e+03	+1.079e+04	+0.548
145.000	+2.652e+03	+7.151e+03	+9.381e+03	+0.729
145.100	+3.893e+03	+7.899e+03	+9.869e+03	+0.670
145.200	+2.720e+03	+6.668e+03	+1.073e+04	+0.710
145.300	+2.802e+03	+5.324e+03	+8.327e+03	+0.655
145.400	+4.675e+03	+5.496e+03	+1.054e+04	+0.540
145.500	+2.019e+03	+7.915e+03	+1.135e+04	+0.797
145.600	+3.008e+03	+5.524e+03	+1.073e+04	+0.647
145.700	+3.546e+03	+7.180e+03	+8.419e+03	+0.669
145.800	+3.270e+03	+7.299e+03	+1.029e+04	+0.691
145.900	+3.161e+03	+7.274e+03	+1.055e+04	+0.697
146.000	+4.044e+03	+6.264e+03	+1.053e+04	+0.608
146.100	+1.919e+03	+6.970e+03	+9.584e+03	+0.784
146.200	+2.309e+03	+5.999e+03	+9.417e+03	+0.722
146.300	+2.509e+03	+7.941e+03	+1.031e+04	+0.760
146.400	+3.425e+03	+7.563e+03	+9.792e+03	+0.688
146.500	+2.976e+03	+7.593e+03	+1.110e+04	+0.718
146.600	+1.437e+03	+7.564e+03	+1.008e+04	+0.840
146.700	+2.321e+03	+7.165e+03	+1.023e+04	+0.755
146.800	+2.456e+03	+6.860e+03	+1.021e+04	+0.736
146.900	+2.985e+03	+6.507e+03	+1.069e+04	+0.686
147.000	+2.148e+03	+7.111e+03	+1.006e+04	+0.768
147.100	+4.011e+03	+5.847e+03	+1.058e+04	+0.593
147.200	+4.776e+03	+7.150e+03	+9.165e+03	+0.600
147.300	+3.374e+03	+7.194e+03	+1.013e+04	+0.681
147.400	+2.578e+03	+7.998e+03	+1.006e+04	+0.756
147.500	+3.179e+03	+7.396e+03	+9.821e+03	+0.699
147.600	+4.087e+03	+6.933e+03	+8.707e+03	+0.629
147.700	+2.413e+03	+8.124e+03	+9.690e+03	+0.771
147.800	+4.342e+03	+7.571e+03	+1.035e+04	+0.636
147.900	+2.378e+03	+6.211e+03	+9.948e+03	+0.723
148.000	+2.277e+03	+7.078e+03	+9.665e+03	+0.757
148.100	+2.972e+03	+8.459e+03	+1.065e+04	+0.740
148.200	+5.918e+03	+5.588e+03	+1.085e+04	+0.486
148.300	+5.739e+03	+1.427e+03	+9.562e+03	+0.199
148.400	+3.464e+03	+5.597e+03	+9.226e+03	+0.618
148.500	+2.647e+03	+6.754e+03	+9.824e+03	+0.718
148.600	+2.504e+03	+7.269e+03	+8.641e+03	+0.744
148.700	+3.552e+03	+6.574e+03	+1.138e+04	+0.649
148.800	+2.266e+03	+6.347e+03	+9.847e+03	+0.737
148.900	+3.660e+03	+6.563e+03	+9.632e+03	+0.642
149.000	+2.380e+03	+6.857e+03	+9.724e+03	+0.742
149.100	+4.957e+03	+5.886e+03	+1.118e+04	+0.543
149.200	+4.890e+03	+4.824e+03	+9.994e+03	+0.497
149.300	+2.790e+03	+7.555e+03	+8.921e+03	+0.730
149.400	+3.336e+03	+7.005e+03	+1.051e+04	+0.677
149.500	+6.399e+03	+3.884e+03	+1.006e+04	+0.378
149.600	+8.429e+03	+2.884e+03	+9.360e+03	+0.255
149.700	+6.615e+03	+3.843e+03	+9.165e+03	+0.367
149.800	+4.651e+03	+5.667e+03	+1.011e+04	+0.549
149.900	+3.720e+03	+7.062e+03	+1.056e+04	+0.655
150.000	+2.683e+03	+7.647e+03	+1.006e+04	+0.740
150.100	+2.694e+03	+8.404e+03	+9.958e+03	+0.757
150.200	+3.238e+03	+6.671e+03	+1.048e+04	+0.673
150.300	+2.501e+03	+7.363e+03	+1.028e+04	+0.746
150.400	+3.077e+03	+7.981e+03	+9.597e+03	+0.722
150.500	+3.556e+03	+6.252e+03	+1.023e+04	+0.637
150.600	+2.156e+03	+6.520e+03	+1.124e+04	+0.751
150.700	+2.364e+03	+7.535e+03	+1.114e+04	+0.761
150.800	+1.847e+03	+7.759e+03	+1.016e+04	+0.808
150.900	+7.828e+03	+3.087e+03	+9.917e+03	+0.283
151.000	+6.285e+03	+2.936e+03	+1.015e+04	+0.318
151.100	+6.067e+03	+2.991e+03	+9.683e+03	+0.330
151.200	+6.202e+03	+2.290e+03	+1.102e+04	+0.270
151.300	+7.537e+03	+4.206e+03	+9.707e+03	+0.358
151.400	+6.494e+03	+2.993e+03	+9.455e+03	+0.316
151.500	+5.593e+03	+4.061e+03	+9.414e+03	+0.421
151.600	+7.292e+03	+2.572e+03	+9.811e+03	+0.261
151.700	+8.430e+03	+2.414e+03	+9.255e+03	+0.223
151.800	+6.746e+03	+3.349e+03	+1.139e+04	+0.332
151.900	+7.924e+03	+4.090e+03	+1.058e+04	+0.340
152.000	+6.696e+03	+3.587e+03	+1.126e+04	+0.349
152.100	+6.442e+03	+3.715e+03	+9.595e+03	+0.366
152.200	+7.213e+03	+3.524e+03	+1.004e+04	+0.328
152.300	+6.894e+03	+2.832e+03	+1.123e+04	+0.291
152.400	+7.369e+03	+3.438e+03	+9.331e+03	+0.318
152.500	+7.651e+03	+2.373e+03	+7.330e+03	+0.237
152.600	+7.134e+03	+4.178e+03	+1.014e+04	+0.369
152.700	+7.569e+03	+2.863e+03	+9.548e+03	+0.274
152.800	+8.037e+03	+4.925e+03	+1.110e+04	+0.380
152.900	+8.523e+03	+3.686e+03	+9.968e+03	+0.302
153.000	+7.496e+03	+1.601e+03	+9.682e+03	+0.176
153.100	+6.653e+03	+2.407e+03	+8.877e+03	+0.266
153.200	+6.932e+03	+3.038e+03	+1.043e+04	+0.305
153.300	+6.105e+03	+5.566e+03	+1.146e+04	+0.477
153.400	+3.195e+03	+7.236e+03	+1.015e+04	+0.694
153.500	+2.209e+03	+6.036e+03	+1.020e+04	+0.732
153.600	+3.319e+03	+6.032e+03	+1.070e+04	+0.645
153.700	+4.228e+03	+6.672e+03	+1.039e+04	+0.612
153.800	+3.599e+03	+6.060e+03	+1.073e+04	+0.627
153.900	+3.430e+03	+5.417e+03	+1.058e+04	+0.612
154.000	+1.846e+03	+6.150e+03	+9.514e+03	+0.769
154.100	+2.600e+03	+6.763e+03	+9.482e+03	+0.722
154.200	+3.947e+03	+6.696e+03	+9.514e+03	+0.629
154.300	+2.881e+03	+6.307e+03	+1.024e+04	+0.686
154.400	+1.763e+03	+5.611e+03	+9.737e+03	+0.761
154.500	+2.833e+03	+7.035e+03	+1.113e+04	+0.713
154.600	+2.382e+03	+7.053e+03	+1.081e+04	+0.748
154.700	+1.938e+03	+7.187e+03	+1.033e+04	+0.788
154.800	+2.596e+03	+7.767e+03	+1.075e+04	+0.749
154.900	+2.732e+03	+7.100e+03	+9.238e+03	+0.722
155.000	+5.615e+03	+3.620e+03	+9.542e+03	+0.392
155.100	+6.355e+03	+5.192e+03	+9.728e+03	+0.450
155.200	+2.941e+03	+6.852e+03	+1.010e+04	+0.700
155.300	+3.503e+03	+8.485e+03	+9.307e+03	+0.708
155.400	+2.467e+03	+7.455e+03	+1.015e+04	+0.751
155.500	+3.869e+03	+6.578e+03	+8.682e+03	+0.630
155.600	+2.404e+03	+6.733e+03	+1.060e+04	+0.737
155.700	+2.848e+03	+7.115e+03	+1.116e+04	+0.714
155.800	+2.018e+03	+6.479e+03	+9.885e+03	+0.763
155.900	+3.287e+03	+6.383e+03	+9.625e+03	+0.660
156.000	+2.019e+03	+5.912e+03	+1.052e+04	+0.745
156.100	+3.177e+03	+7.067e+03	+9.646e+03	+0.690
156.200	+3.920e+03	+7.987e+03	+9.104e+03	+0.671
156.300	+3.135e+03	+7.264e+03	+1.119e+04	+0.699
156.400	+2.809e+03	+6.363e+03	+1.178e+04	+0.694
156.500	+4.119e+03	+5.444e+03	+1.069e+04	+0.569
156.600	+6.687e+03	+2.306e+03	+9.315e+03	+0.256
156.700	+5.975e+03	+2.645e+03	+9.900e+03	+0.307
156.800	+2.762e+03	+5.676e+03	+9.972e+03	+0.673
156.900	+2.218e+03	+7.307e+03	+9.531e+03	+0.767
157.000	+4.041e+03	+6.108e+03	+1.006e+04	+0.602
157.100	+3.319e+03	+5.502e+03	+9.894e+03	+0.624
157.200	+3.874e+03	+6.308e+03	+9.305e+03	+0.620
157.300	+7.364e+03	+3.593e+03	+8.688e+03	+0.328
157.400	+5.729e+03	+4.486e+03	+1.037e+04	+0.439
157.500	+2.892e+03	+6.418e+03	+8.910e+03	+0.689
157.600	+2.194e+03	+7.969e+03	+1.086e+04	+0.784
157.700	+3.421e+03	+5.935e+03	+9.142e+03	+0.634
157.800	+6.659e+03	+2.930e+03	+1.026e+04	+0.306
157.900	+7.228e+03	+3.156e+03	+8.793e+03	+0.304
158.000	+6.481e+03	+2.828e+03	+1.137e+04	+0.304
158.100	+8.459e+03	+3.536e+03	+9.661e+03	+0.295
158.200	+7.300e+03	+3.398e+03	+1.073e+04	+0.318
158.300	+7.447e+03	+2.817e+03	+8.319e+03	+0.274
158.400	+7.639e+03	+2.952e+03	+1.024e+04	+0.279
158.500	+4.311e+03	+6.844e+03	+8.918e+03	+0.614
158.600	+2.154e+03	+6.579e+03	+8.140e+03	+0.753
158.700	+2.352e+03	+6.086e+03	+1.028e+04	+0.721
158.800	+3.116e+03	+8.408e+03	+9.632e+03	+0.730
158.900	+1.556e+03	+6.787e+03	+1.046e+04	+0.814
159.000	+1.782e+03	+6.425e+03	+9.746e+03	+0.783
159.100	+3.613e+03	+7.163e+03	+1.023e+04	+0.665
159.200	+3.530e+03	+6.645e+03	+1.000e+04	+0.653
159.300	+3.168e+03	+6.820e+03	+1.091e+04	+0.683
159.400	+2.359e+03	+5.924e+03	+1.056e+04	+0.715
159.500	+2.225e+03	+6.606e+03	+1.055e+04	+0.748
159.600	+3.962e+03	+8.069e+03	+8.073e+03	+0.671
159.700	+2.839e+03	+8.690e+03	+9.175e+03	+0.754
159.800	+3.310e+03	+6.373e+03	+1.048e+04	+0.658
159.900	+3.570e+03	+7.491e+03	+8.801e+03	+0.677
160.000	+4.225e+03	+7.004e+03	+1.162e+04	+0.624
160.100	+2.068e+03	+7.863e+03	+1.189e+04	+0.792
160.200	+3.282e+03	+6.765e+03	+1.122e+04	+0.673
160.300	+2.368e+03	+7.701e+03	+9.588e+03	+0.765
160.400	+2.341e+03	+6.004e+03	+1.020e+04	+0.719
160.500	+3.322e+03	+6.343e+03	+1.084e+04	+0.656
160.600	+3.010e+03	+5.412e+03	+9.904e+03	+0.643
160.700	+3.966e+03	+6.919e+03	+1.024e+04	+0.636
160.800	+2.992e+03	+6.348e+03	+1.009e+04	+0.680
160.900	+1.724e+03	+6.669e+03	+1.062e+04	+0.795
161.000	+3.901e+03	+6.034e+03	+9.010e+03	+0.607
161.100	+2.834e+03	+7.673e+03	+8.541e+03	+0.730
161.200	+3.231e+03	+6.761e+03	+8.402e+03	+0.677
161.300	+2.450e+03	+6.859e+03	+9.195e+03	+0.737
161.400	+2.963e+03	+6.942e+03	+9.945e+03	+0.701
161.500	+2.957e+03	+5.770e+03	+1.035e+04	+0.661
161.600	+4.049e+03	+5.435e+03	+1.052e+04	+0.573
161.700	+8.745e+02	+6.775e+03	+1.203e+04	+0.886
161.800	+3.651e+03	+7.860e+03	+9.820e+03	+0.683
161.900	+2.279e+03	+6.983e+03	+9.872e+03	+0.754
162.000	+3.408e+03	+6.781e+03	+9.566e+03	+0.666
162.100	+2.595e+03	+7.946e+03	+1.073e+04	+0.754
162.200	+5.275e+03	+5.255e+03	+9.046e+03	+0.499
162.300	+7.690e+03	+3.132e+03	+1.008e+04	+0.289
162.400	+7.093e+03	+1.692e+03	+1.023e+04	+0.193
162.500	+6.781e+03	+4.560e+03	+1.065e+04	+0.402
162.600	+6.831e+03	+2.725e+03	+1.059e+04	+0.285
162.700	+7.807e+03	+2.336e+03	+1.039e+04	+0.230
162.800	+7.027e+03	+2.189e+03	+9.448e+03	+0.238
162.900	+6.739e+03	+3.928e+03	+1.029e+04	+0.368
163.000	+2.137e+03	+6.300e+03	+9.944e+03	+0.747
163.100	+3.594e+03	+6.975e+03	+8.939e+03	+0.660
163.200	+2.348e+03	+7.131e+03	+1.068e+04	+0.752
163.300	+2.266e+03	+7.606e+03	+9.076e+03	+0.770
163.400	+3.537e+03	+7.320e+03	+1.150e+04	+0.674
163.500	+4.733e+03	+5.872e+03	+9.866e+03	+0.554
163.600	+2.521e+03	+6.611e+03	+1.028e+04	+0.724
163.700	+3.139e+03	+7.400e+03	+9.350e+03	+0.702
163.800	+2.529e+03	+7.632e+03	+1.004e+04	+0.751
163.900	+2.377e+03	+7.543e+03	+8.924e+03	+0.760
164.000	+4.974e+03	+6.449e+03	+1.163e+04	+0.565
164.100	+4.403e+03	+4.785e+03	+9.858e+03	+0.521
164.200	+2.683e+03	+6.300e+03	+1.082e+04	+0.701
164.300	+3.905e+03	+6.292e+03	+9.021e+03	+0.617
164.400	+3.357e+03	+5.280e+03	+1.030e+04	+0.611
164.500	+9.876e+02	+7.133e+03	+9.514e+03	+0.878
164.600	+2.152e+03	+6.934e+03	+1.017e+04	+0.763
164.700	+3.414e+03	+7.610e+03	+1.007e+04	+0.690
164.800	+2.241e+03	+7.318e+03	+1.088e+04	+0.766
164.900	+2.648e+03	+7.317e+03	+1.002e+04	+0.734
165.000	+4.088e+03	+7.250e+03	+9.929e+03	+0.639
165.100	+2.235e+03	+6.599e+03	+9.317e+03	+0.747
165.200	+2.589e+03	+6.513e+03	+1.032e+04	+0.716
165.300	+3.851e+03	+6.295e+03	+9.355e+03	+0.620
165.400	+2.521e+03	+6.181e+03	+1.026e+04	+0.710
165.500	+3.556e+03	+5.732e+03	+1.049e+04	+0.617
165.600	+3.529e+03	+6.508e+03	+9.686e+03	+0.648
165.700	+2.425e+03	+8.354e+03	+1.067e+04	+0.775
165.800	+3.111e+03	+6.542e+03	+1.042e+04	+0.678
165.900	+3.682e+03	+6.801e+03	+9.743e+03	+0.649
166.000	+3.327e+03	+6.499e+03	+1.173e+04	+0.661
166.100	+2.041e+03	+7.399e+03	+9.045e+03	+0.784
166.200	+4.156e+03	+6.321e+03	+9.529e+03	+0.603
166.300	+3.560e+03	+5.765e+03	+9.168e+03	+0.618
166.400	+2.679e+03	+6.727e+03	+9.847e+03	+0.715
166.500	+3.408e+03	+7.932e+03	+9.133e+03	+0.699
166.600	+2.746e+03	+6.909e+03	+9.447e+03	+0.716
166.700	+3.970e+03	+5.650e+03	+9.526e+03	+0.587
166.800	+2.554e+03	+6.302e+03	+9.935e+03	+0.712
166.900	+6.043e+03	+3.515e+03	+1.005e+04	+0.368
167.000	+7.244e+03	+3.287e+03	+1.106e+04	+0.312
167.100	+5.889e+03	+3.027e+03	+9.307e+03	+0.340
167.200	+7.236e+03	+4.409e+03	+1.086e+04	+0.379
167.300	+7.753e+03	+1.675e+03	+1.000e+04	+0.178
167.400	+7.169e+03	+2.520e+03	+1.028e+04	+0.260
167.500	+6.043e+03	+3.261e+03	+1.010e+04	+0.351
167.600	+6.783e+03	+2.400e+03	+1.110e+04	+0.261
167.700	+6.517e+03	+3.491e+03	+8.727e+03	+0.349
167.800	+6.543e+03	+3.131e+03	+1.099e+04	+0.324
167.900	+7.553e+03	+4.105e+03	+1.046e+04	+0.352
168.000	+7.870e+03	+3.191e+03	+9.406e+03	+0.288
168.100	+6.737e+03	+1.999e+03	+1.069e+04	+0.229
168.200	+5.664e+03	+3.173e+03	+1.104e+04	+0.359
168.300	+5.791e+03	+1.319e+03	+9.478e+03	+0.186
168.400	+3.460e+03	+5.405e+03	+9.943e+03	+0.610
168.500	+4.358e+03	+6.766e+03	+1.007e+04	+0.608
168.600	+2.640e+03	+5.730e+03	+1.009e+04	+0.685
168.700	+3.731e+03	+5.925e+03	+1.151e+04	+0.614
168.800	+3.996e+03	+5.253e+03	+1.079e+04	+0.568
168.900	+3.610e+03	+6.954e+03	+1.039e+04	+0.658
169.000	+3.261e+03	+5.942e+03	+1.141e+04	+0.646
169.100	+2.062e+03	+7.299e+03	+9.970e+03	+0.780
169.200	+7.863e+03	+2.991e+03	+1.035e+04	+0.276
169.300	+6.717e+03	+2.691e+03	+1.004e+04	+0.286
169.400	+8.051e+03	+2.469e+03	+7.918e+03	+0.235
169.500	+6.978e+03	+3.033e+03	+1.086e+04	+0.303
169.600	+5.944e+03	+3.486e+03	+9.610e+03	+0.370
169.700	+7.210e+03	+2.520e+03	+1.027e+04	+0.259
169.800	+7.055e+03	+2.207e+03	+1.048e+04	+0.238
169.900	+6.045e+03	+1.888e+03	+1.045e+04	+0.238
170.000	+6.348e+03	+3.854e+03	+1.049e+04	+0.378
170.100	+5.390e+03	+3.326e+03	+9.308e+03	+0.382
170.200	+3.274e+03	+8.209e+03	+9.674e+03	+0.715
170.300	+2.891e+03	+5.459e+03	+1.046e+04	+0.654
170.400	+1.379e+03	+6.358e+03	+9.175e+03	+0.822
170.500	+2.322e+03	+6.924e+03	+1.030e+04	+0.749
170.600	+3.152e+03	+7.218e+03	+9.580e+03	+0.696
170.700	+2.828e+03	+6.195e+03	+9.461e+03	+0.687
170.800	+2.100e+03	+7.154e+03	+1.134e+04	+0.773
170.900	+3.527e+03	+6.482e+03	+1.013e+04	+0.648
171.000	+4.300e+03	+5.831e+03	+1.000e+04	+0.576
171.100	+2.552e+03	+7.539e+03	+1.091e+04	+0.747
171.200	+1.438e+03	+7.534e+03	+9.540e+03	+0.840
