%t (s)	Idd (a.u.)	Ida (a.u.)	Iaa (a.u.)	FRET E
0.000	+3.373e+03	+6.852e+03	+9.831e+03	+0.670
0.100	+2.557e+03	+7.264e+03	+9.405e+03	+0.740
0.200	+2.756e+03	+6.765e+03	+9.382e+03	+0.711
0.300	+4.560e+03	+5.036e+03	+9.860e+03	+0.525
0.400	+2.826e+03	+7.917e+03	+9.522e+03	+0.737
0.500	+2.758e+03	+5.835e+03	+9.599e+03	+0.679
0.600	+3.215e+03	+6.291e+03	+8.949e+03	+0.662
0.700	+3.976e+03	+7.814e+03	+8.776e+03	+0.663
0.800	+3.658e+03	+5.787e+03	+1.061e+04	+0.613
0.900	+1.775e+03	+6.833e+03	+1.068e+04	+0.794
1.000	+2.830e+03	+7.032e+03	+1.118e+04	+0.713
1.100	+3.123e+03	+7.107e+03	+8.355e+03	+0.695
1.200	+5.240e+03	+6.909e+03	+1.066e+04	+0.569
1.300	+2.318e+03	+7.721e+03	+9.202e+03	+0.769
1.400	+2.881e+03	+7.173e+03	+9.274e+03	+0.713
1.500	+1.447e+03	+6.180e+03	+8.351e+03	+0.810
1.600	+2.393e+03	+7.265e+03	+1.032e+04	+0.752
1.700	+1.611e+03	+7.635e+03	+1.067e+04	+0.826
1.800	+3.562e+03	+8.950e+03	+9.743e+03	+0.715
1.900	+2.157e+03	+6.659e+03	+1.065e+04	+0.755
2.000	+4.370e+03	+7.119e+03	+9.432e+03	+0.620
2.100	+3.219e+03	+7.538e+03	+9.022e+03	+0.701
2.200	+3.143e+03	+6.966e+03	+9.722e+03	+0.689
2.300	+4.022e+03	+5.114e+03	+9.499e+03	+0.560
2.400	+2.687e+03	+7.258e+03	+9.538e+03	+0.730
2.500	+2.001e+03	+7.113e+03	+9.114e+03	+0.780
2.600	+3.288e+03	+7.950e+03	+1.064e+04	+0.707
2.700	+3.540e+03	+7.841e+03	+9.340e+03	+0.689
2.800	+1.979e+03	+7.889e+03	+1.135e+04	+0.799
2.900	+2.082e+03	+7.972e+03	+8.903e+03	+0.793
3.000	+3.245e+03	+6.757e+03	+1.034e+04	+0.676
3.100	+1.949e+03	+6.449e+03	+8.412e+03	+0.768
3.200	+3.625e+03	+7.253e+03	+8.926e+03	+0.667
3.300	+3.126e+03	+5.547e+03	+1.110e+04	+0.640
3.400	+3.352e+03	+8.661e+03	+1.114e+04	+0.721
3.500	+2.893e+03	+7.047e+03	+9.473e+03	+0.709
3.600	+1.478e+03	+7.343e+03	+9.670e+03	+0.832
3.700	+3.085e+03	+7.371e+03	+9.346e+03	+0.705
3.800	+3.228e+03	+7.110e+03	+1.022e+04	+0.688
3.900	+3.340e+03	+6.418e+03	+1.021e+04	+0.658
4.000	+2.915e+03	+7.066e+03	+9.596e+03	+0.708
4.100	+3.361e+03	+7.257e+03	+1.011e+04	+0.683
4.200	+3.802e+03	+9.160e+03	+9.242e+03	+0.707
4.300	+3.535e+03	+7.453e+03	+9.545e+03	+0.678
4.400	+2.533e+03	+6.510e+03	+9.435e+03	+0.720
4.500	+2.590e+03	+7.671e+03	+1.080e+04	+0.748
4.600	+4.508e+03	+6.342e+03	+1.183e+04	+0.585
4.700	+3.389e+03	+6.590e+03	+1.100e+04	+0.660
4.800	+3.686e+03	+6.450e+03	+8.617e+03	+0.636
4.900	+3.897e+03	+7.004e+03	+1.076e+04	+0.643
5.000	+2.901e+03	+7.914e+03	+1.022e+04	+0.732
5.100	+2.972e+03	+5.839e+03	+1.011e+04	+0.663
5.200	+2.394e+03	+8.339e+03	+1.041e+04	+0.777
5.300	+4.537e+03	+6.220e+03	+8.921e+03	+0.578
5.400	+3.196e+03	+8.374e+03	+9.616e+03	+0.724
5.500	+4.319e+03	+6.325e+03	+9.922e+03	+0.594
5.600	+5.126e+03	+7.773e+03	+1.129e+04	+0.603
5.700	+6.268e+03	+4.150e+03	+1.014e+04	+0.398
5.800	+7.583e+03	+3.404e+03	+1.020e+04	+0.310
5.900	+6.316e+03	+2.006e+03	+1.080e+04	+0.241
6.000	+7.016e+03	+2.925e+03	+8.357e+03	+0.294
6.100	+1.428e+03	+6.737e+03	+9.444e+03	+0.825
6.200	+2.449e+03	+9.114e+03	+1.059e+04	+0.788
6.300	+2.351e+03	+6.836e+03	+1.016e+04	+0.744
6.400	+3.584e+03	+7.405e+03	+9.795e+03	+0.674
6.500	+3.860e+03	+6.488e+03	+9.782e+03	+0.627
6.600	+4.050e+03	+6.151e+03	+9.897e+03	+0.603
6.700	+3.821e+03	+7.516e+03	+9.869e+03	+0.663
6.800	+3.672e+03	+5.493e+03	+9.777e+03	+0.599
6.900	+4.672e+03	+7.332e+03	+9.529e+03	+0.611
7.000	+4.614e+03	+6.991e+03	+8.710e+03	+0.602
7.100	+7.100e+03	+2.393e+03	+1.079e+04	+0.252
7.200	+6.463e+03	+3.951e+03	+1.069e+04	+0.379
7.300	+6.384e+03	+3.648e+03	+1.105e+04	+0.364
7.400	+6.160e+03	+1.127e+03	+1.093e+04	+0.155
7.500	+7.431e+03	+3.340e+03	+1.062e+04	+0.310
7.600	+6.059e+03	+3.348e+02	+9.964e+03	+0.052
7.700	+7.572e+03	+2.218e+03	+1.069e+04	+0.227
7.800	+6.489e+03	+3.242e+03	+9.688e+03	+0.333
7.900	+5.827e+03	+2.798e+03	+1.096e+04	+0.324
8.000	+5.452e+03	+3.539e+03	+9.659e+03	+0.394
8.100	+5.881e+03	+3.888e+03	+9.823e+03	+0.398
8.200	+2.650e+03	+7.685e+03	+1.028e+04	+0.744
8.300	+2.887e+03	+6.848e+03	+1.020e+04	+0.703
8.400	+3.746e+03	+7.635e+03	+1.012e+04	+0.671
8.500	+3.831e+03	+6.903e+03	+1.011e+04	+0.643
8.600	+3.022e+03	+7.171e+03	+1.053e+04	+0.704
8.700	+2.369e+03	+6.552e+03	+9.464e+03	+0.734
8.800	+1.578e+03	+6.535e+03	+1.066e+04	+0.806
8.900	+5.317e+03	+6.870e+03	+1.022e+04	+0.564
9.000	+5.754e+03	+4.389e+03	+9.573e+03	+0.433
9.100	+8.474e+03	+4.119e+03	+1.165e+04	+0.327
9.200	+6.812e+03	+2.848e+03	+1.048e+04	+0.295
9.300	+3.552e+03	+6.376e+03	+9.221e+03	+0.642
9.400	+2.840e+03	+7.230e+03	+1.016e+04	+0.718
9.500	+5.494e+03	+5.939e+03	+1.070e+04	+0.519
9.600	+8.517e+03	+3.185e+03	+9.599e+03	+0.272
9.700	+6.444e+03	+2.418e+03	+1.052e+04	+0.273
9.800	+6.117e+03	+2.709e+03	+9.589e+03	+0.307
9.900	+7.003e+03	+3.862e+03	+9.171e+03	+0.355
10.000	+7.509e+03	+3.701e+03	+1.017e+04	+0.330
10.100	+8.334e+03	+1.830e+03	+8.908e+03	+0.180
10.200	+6.714e+03	+3.481e+03	+1.022e+04	+0.341
10.300	+6.279e+03	+3.535e+03	+1.087e+04	+0.360
10.400	+8.116e+03	+3.752e+03	+9.894e+03	+0.316
10.500	+3.403e+03	+7.361e+03	+9.842e+03	+0.684
10.600	+2.052e+03	+6.782e+03	+1.119e+04	+0.768
10.700	+3.277e+03	+7.775e+03	+9.655e+03	+0.704
10.800	+2.842e+03	+6.648e+03	+1.077e+04	+0.701
10.900	+2.065e+03	+7.378e+03	+9.137e+03	+0.781
11.000	+1.728e+03	+7.473e+03	+8.647e+03	+0.812
11.100	+2.532e+03	+7.705e+03	+9.085e+03	+0.753
11.200	+2.988e+03	+6.417e+03	+9.570e+03	+0.682
11.300	+2.909e+03	+7.704e+03	+1.051e+04	+0.726
11.400	+2.845e+03	+7.414e+03	+1.067e+04	+0.723
11.500	+2.698e+03	+7.738e+03	+9.516e+03	+0.741
11.600	+2.278e+03	+6.545e+03	+9.597e+03	+0.742
11.700	+3.990e+03	+7.387e+03	+9.192e+03	+0.649
11.800	+2.539e+03	+6.059e+03	+1.073e+04	+0.705
11.900	+2.628e+03	+7.717e+03	+1.069e+04	+0.746
12.000	+2.795e+03	+5.693e+03	+9.971e+03	+0.671
12.100	+2.454e+03	+7.147e+03	+8.531e+03	+0.744
12.200	+2.517e+03	+6.345e+03	+9.963e+03	+0.716
12.300	+3.663e+03	+7.313e+03	+9.090e+03	+0.666
12.400	+1.929e+03	+6.737e+03	+1.143e+04	+0.777
12.500	+1.939e+03	+8.169e+03	+1.019e+04	+0.808
12.600	+2.895e+03	+5.964e+03	+8.546e+03	+0.673
12.700	+2.685e+03	+5.869e+03	+9.295e+03	+0.686
12.800	+2.893e+03	+7.145e+03	+1.117e+04	+0.712
12.900	+3.675e+03	+5.573e+03	+1.020e+04	+0.603
13.000	+7.461e+03	+3.237e+03	+9.293e+03	+0.303
13.100	+7.464e+03	+1.939e+03	+1.073e+04	+0.206
13.200	+5.965e+03	+4.392e+03	+1.016e+04	+0.424
13.300	+6.311e+03	+3.021e+03	+9.782e+03	+0.324
13.400	+6.492e+03	+2.959e+03	+9.188e+03	+0.313
13.500	+7.911e+03	+2.486e+03	+8.461e+03	+0.239
13.600	+7.099e+03	+1.633e+03	+1.202e+04	+0.187
13.700	+5.969e+03	+4.231e+03	+1.150e+04	+0.415
13.800	+6.726e+03	+3.519e+03	+1.006e+04	+0.343
13.900	+7.319e+03	+2.469e+03	+1.096e+04	+0.252
14.000	+6.634e+03	+4.023e+03	+1.093e+04	+0.377
14.100	+6.167e+03	+3.599e+03	+9.800e+03	+0.369
14.200	+8.300e+03	+1.813e+03	+9.905e+03	+0.179
14.300	+6.648e+03	+3.098e+03	+1.084e+04	+0.318
14.400	+5.472e+03	+2.971e+03	+1.014e+04	+0.352
14.500	+6.860e+03	+3.345e+03	+9.044e+03	+0.328
14.600	+6.679e+03	+3.660e+03	+1.055e+04	+0.354
14.700	+6.918e+03	+4.362e+03	+1.014e+04	+0.387
14.800	+6.968e+03	+2.492e+03	+9.166e+03	+0.263
14.900	+6.950e+03	+3.790e+03	+1.058e+04	+0.353
15.000	+5.746e+03	+4.446e+03	+1.022e+04	+0.436
15.100	+7.554e+03	+3.430e+03	+9.492e+03	+0.312
15.200	+7.228e+03	+2.889e+03	+1.138e+04	+0.286
15.300	+4.579e+03	+5.302e+03	+1.015e+04	+0.537
15.400	+2.084e+03	+5.920e+03	+9.620e+03	+0.740
15.500	+3.463e+03	+7.652e+03	+1.056e+04	+0.688
15.600	+3.591e+03	+7.206e+03	+1.018e+04	+0.667
15.700	+3.107e+03	+6.507e+03	+1.084e+04	+0.677
15.800	+3.227e+03	+8.379e+03	+9.659e+03	+0.722
15.900	+3.220e+03	+8.246e+03	+9.490e+03	+0.719
16.000	+3.195e+03	+7.139e+03	+9.996e+03	+0.691
16.100	+3.114e+03	+7.534e+03	+1.147e+04	+0.708
16.200	+4.197e+03	+7.825e+03	+1.189e+04	+0.651
16.300	+7.636e+02	+7.343e+03	+9.691e+03	+0.906
16.400	+3.722e+03	+7.090e+03	+1.045e+04	+0.656
16.500	+3.322e+03	+6.351e+03	+1.090e+04	+0.657
16.600	+2.541e+03	+8.291e+03	+1.114e+04	+0.765
16.700	+3.162e+03	+6.684e+03	+1.005e+04	+0.679
16.800	+2.596e+03	+8.003e+03	+1.126e+04	+0.755
16.900	+2.557e+03	+7.494e+03	+9.325e+03	+0.746
17.000	+3.154e+03	+6.320e+03	+1.052e+04	+0.667
17.100	+3.940e+03	+7.265e+03	+1.014e+04	+0.648
17.200	+6.984e+03	+4.860e+03	+1.003e+04	+0.410
17.300	+8.348e+03	+2.499e+03	+9.126e+03	+0.230
17.400	+7.872e+03	+3.974e+03	+1.080e+04	+0.335
17.500	+6.962e+03	+4.804e+03	+1.010e+04	+0.408
17.600	+5.017e+03	+3.015e+03	+8.909e+03	+0.375
17.700	+6.313e+03	+2.143e+03	+9.901e+03	+0.253
17.800	+6.231e+03	+2.379e+03	+9.472e+03	+0.276
17.900	+5.895e+03	+3.563e+03	+1.035e+04	+0.377
18.000	+7.536e+03	+2.764e+03	+1.020e+04	+0.268
18.100	+3.726e+03	+5.277e+03	+9.095e+03	+0.586
18.200	+3.260e+03	+6.415e+03	+1.000e+04	+0.663
18.300	+3.306e+03	+7.111e+03	+9.366e+03	+0.683
18.400	+3.195e+03	+6.419e+03	+1.068e+04	+0.668
18.500	+2.247e+03	+6.819e+03	+9.727e+03	+0.752
18.600	+3.284e+03	+6.243e+03	+9.259e+03	+0.655
18.700	+1.610e+03	+7.814e+03	+1.007e+04	+0.829
18.800	+3.415e+03	+7.198e+03	+9.334e+03	+0.678
18.900	+2.523e+03	+7.396e+03	+1.148e+04	+0.746
19.000	+3.379e+03	+8.263e+03	+1.043e+04	+0.710
19.100	+4.177e+03	+6.981e+03	+1.110e+04	+0.626
19.200	+2.698e+03	+7.168e+03	+1.069e+04	+0.727
19.300	+2.751e+03	+7.420e+03	+1.005e+04	+0.730
19.400	+5.033e+03	+7.296e+03	+1.138e+04	+0.592
19.500	+2.764e+03	+9.219e+03	+1.039e+04	+0.769
19.600	+2.382e+03	+7.493e+03	+9.549e+03	+0.759
19.700	+3.893e+03	+7.016e+03	+1.015e+04	+0.643
19.800	+5.723e+03	+4.685e+03	+9.360e+03	+0.450
19.900	+7.067e+03	+3.068e+03	+1.034e+04	+0.303
20.000	+5.888e+03	+2.405e+03	+9.586e+03	+0.290
20.100	+3.191e+03	+6.388e+03	+9.872e+03	+0.667
20.200	+1.470e+03	+7.014e+03	+1.076e+04	+0.827
20.300	+3.638e+03	+7.264e+03	+9.468e+03	+0.666
20.400	+4.574e+03	+7.079e+03	+1.133e+04	+0.607
20.500	+3.592e+03	+7.684e+03	+1.098e+04	+0.681
20.600	+3.467e+03	+6.072e+03	+1.076e+04	+0.637
20.700	+3.909e+03	+7.394e+03	+1.001e+04	+0.654
20.800	+3.270e+03	+8.139e+03	+9.080e+03	+0.713
20.900	+4.295e+03	+5.529e+03	+1.043e+04	+0.563
21.000	+6.599e+03	+4.908e+03	+9.858e+03	+0.426
21.100	+7.043e+03	+1.740e+03	+1.132e+04	+0.198
21.200	+6.560e+03	+2.904e+03	+1.079e+04	+0.307
21.300	+6.416e+03	+3.716e+03	+9.859e+03	+0.367
21.400	+7.263e+03	+3.002e+03	+8.743e+03	+0.292
21.500	+6.385e+03	+4.581e+03	+8.099e+03	+0.418
21.600	+6.966e+03	+2.849e+03	+1.194e+04	+0.290
21.700	+3.896e+03	+6.735e+03	+1.003e+04	+0.634
21.800	+4.110e+03	+7.289e+03	+1.041e+04	+0.639
21.900	+3.897e+03	+6.685e+03	+1.027e+04	+0.632
22.000	+2.975e+03	+7.046e+03	+9.368e+03	+0.703
22.100	+3.035e+03	+6.092e+03	+1.105e+04	+0.667
22.200	+2.667e+03	+6.341e+03	+1.094e+04	+0.704
22.300	+2.339e+03	+7.154e+03	+9.836e+03	+0.754
22.400	+2.202e+03	+6.335e+03	+9.543e+03	+0.742
22.500	+2.829e+03	+5.622e+03	+1.005e+04	+0.665
22.600	+3.439e+03	+6.601e+03	+1.036e+04	+0.657
22.700	+3.501e+03	+7.480e+03	+1.090e+04	+0.681
22.800	+3.493e+03	+6.853e+03	+9.894e+03	+0.662
22.900	+1.466e+03	+6.911e+03	+9.417e+03	+0.825
23.000	+2.658e+03	+6.113e+03	+9.561e+03	+0.697
23.100	+2.924e+03	+6.974e+03	+1.022e+04	+0.705
23.200	+3.230e+03	+8.246e+03	+1.139e+04	+0.719
23.300	+3.239e+03	+7.050e+03	+1.072e+04	+0.685
23.400	+2.369e+03	+8.065e+03	+1.008e+04	+0.773
23.500	+1.367e+03	+6.763e+03	+9.370e+03	+0.832
23.600	+2.875e+03	+7.712e+03	+9.214e+03	+0.728
23.700	+3.699e+03	+4.861e+03	+1.017e+04	+0.568
23.800	+2.531e+03	+6.058e+03	+1.088e+04	+0.705
23.900	+4.377e+03	+8.556e+03	+1.037e+04	+0.662
24.000	+3.021e+03	+6.326e+03	+9.596e+03	+0.677
24.100	+2.627e+03	+6.815e+03	+9.818e+03	+0.722
24.200	+2.468e+03	+6.997e+03	+1.051e+04	+0.739
24.300	+3.911e+03	+7.445e+03	+8.924e+03	+0.656
24.400	+3.339e+03	+7.184e+03	+1.055e+04	+0.683
24.500	+2.418e+03	+6.098e+03	+9.507e+03	+0.716
24.600	+7.977e+03	+4.037e+03	+1.014e+04	+0.336
24.700	+6.411e+03	+2.558e+03	+9.954e+03	+0.285
24.800	+6.884e+03	+2.720e+03	+1.086e+04	+0.283
24.900	+3.835e+03	+6.870e+03	+1.019e+04	+0.642
25.000	+2.674e+03	+7.107e+03	+9.006e+03	+0.727
25.100	+2.921e+03	+7.723e+03	+1.095e+04	+0.726
25.200	+3.373e+03	+8.045e+03	+1.145e+04	+0.705
25.300	+3.424e+03	+7.686e+03	+9.923e+03	+0.692
25.400	+3.480e+03	+8.578e+03	+1.016e+04	+0.711
25.500	+2.437e+03	+6.057e+03	+1.048e+04	+0.713
25.600	+3.126e+03	+7.275e+03	+1.002e+04	+0.699
25.700	+3.155e+03	+7.713e+03	+9.776e+03	+0.710
25.800	+3.472e+03	+7.563e+03	+9.061e+03	+0.685
25.900	+1.923e+03	+6.768e+03	+1.113e+04	+0.779
26.000	+2.846e+03	+4.944e+03	+9.728e+03	+0.635
26.100	+4.742e+03	+6.709e+03	+9.850e+03	+0.586
26.200	+2.700e+03	+7.989e+03	+1.070e+04	+0.747
26.300	+3.645e+03	+6.947e+03	+8.536e+03	+0.656
26.400	+2.451e+03	+6.279e+03	+9.234e+03	+0.719
26.500	+3.010e+03	+6.083e+03	+8.775e+03	+0.669
26.600	+3.582e+03	+6.539e+03	+9.868e+03	+0.646
26.700	+3.954e+03	+5.964e+03	+9.963e+03	+0.601
26.800	+4.473e+03	+6.072e+03	+1.029e+04	+0.576
26.900	+3.820e+03	+5.269e+03	+8.809e+03	+0.580
27.000	+5.068e+03	+7.010e+03	+1.047e+04	+0.580
27.100	+2.908e+03	+6.474e+03	+9.195e+03	+0.690
27.200	+2.968e+03	+7.002e+03	+1.018e+04	+0.702
27.300	+4.383e+03	+6.288e+03	+1.029e+04	+0.589
27.400	+3.159e+03	+6.816e+03	+1.099e+04	+0.683
27.500	+3.188e+03	+7.572e+03	+1.021e+04	+0.704
27.600	+3.901e+03	+6.305e+03	+1.114e+04	+0.618
27.700	+3.563e+03	+6.596e+03	+1.054e+04	+0.649
27.800	+2.530e+03	+7.894e+03	+9.850e+03	+0.757
27.900	+4.261e+03	+6.832e+03	+1.028e+04	+0.616
28.000	+4.513e+03	+7.697e+03	+9.732e+03	+0.630
28.100	+2.083e+03	+5.582e+03	+9.877e+03	+0.728
28.200	+1.810e+03	+7.558e+03	+1.026e+04	+0.807
28.300	+2.576e+03	+5.548e+03	+1.040e+04	+0.683
28.400	+3.792e+03	+7.276e+03	+1.102e+04	+0.657
28.500	+4.058e+03	+6.771e+03	+1.099e+04	+0.625
28.600	+4.131e+03	+7.416e+03	+8.983e+03	+0.642
28.700	+2.736e+03	+6.294e+03	+1.054e+04	+0.697
28.800	+5.483e+03	+4.678e+03	+9.757e+03	+0.460
28.900	+7.222e+03	+3.740e+03	+9.158e+03	+0.341
29.000	+6.751e+03	+1.944e+03	+9.479e+03	+0.224
29.100	+5.706e+03	+2.147e+03	+9.951e+03	+0.273
29.200	+7.002e+03	+3.675e+03	+9.394e+03	+0.344
29.300	+7.402e+03	+1.583e+03	+1.028e+04	+0.176
29.400	+6.248e+03	+4.372e+03	+1.105e+04	+0.412
29.500	+6.231e+03	+2.955e+03	+8.028e+03	+0.322
29.600	+7.756e+03	+2.660e+03	+9.608e+03	+0.255
29.700	+6.231e+03	+4.546e+03	+1.016e+04	+0.422
29.800	+7.097e+03	+3.280e+03	+8.883e+03	+0.316
29.900	+5.950e+03	+3.487e+03	+1.065e+04	+0.369
30.000	+5.424e+03	+3.663e+03	+9.123e+03	+0.403
30.100	+4.989e+03	+6.270e+03	+9.552e+03	+0.557
30.200	+1.067e+03	+6.506e+03	+9.416e+03	+0.859
30.300	+2.720e+03	+5.884e+03	+9.346e+03	+0.684
30.400	+3.070e+03	+6.252e+03	+9.790e+03	+0.671
30.500	+3.223e+03	+7.178e+03	+1.122e+04	+0.690
30.600	+3.166e+03	+6.983e+03	+1.044e+04	+0.688
30.700	+2.795e+03	+7.305e+03	+1.073e+04	+0.723
30.800	+1.638e+03	+7.584e+03	+1.019e+04	+0.822
30.900	+2.229e+03	+8.310e+03	+1.013e+04	+0.789
31.000	+1.804e+03	+6.972e+03	+1.020e+04	+0.794
31.100	+2.819e+03	+7.186e+03	+8.985e+03	+0.718
31.200	+1.451e+03	+6.958e+03	+9.956e+03	+0.827
31.300	+2.749e+03	+7.670e+03	+1.109e+04	+0.736
31.400	+2.247e+03	+6.934e+03	+9.038e+03	+0.755
31.500	+3.870e+03	+7.158e+03	+1.009e+04	+0.649
31.600	+4.303e+03	+9.199e+03	+1.094e+04	+0.681
31.700	+4.801e+03	+7.402e+03	+1.046e+04	+0.607
31.800	+2.644e+03	+6.863e+03	+1.052e+04	+0.722
31.900	+4.161e+03	+8.552e+03	+9.804e+03	+0.673
32.000	+3.366e+03	+6.781e+03	+9.919e+03	+0.668
32.100	+3.717e+03	+7.910e+03	+9.644e+03	+0.680
32.200	+1.826e+03	+7.142e+03	+1.027e+04	+0.796
32.300	+2.507e+03	+8.856e+03	+1.101e+04	+0.779
32.400	+4.124e+03	+6.657e+03	+9.598e+03	+0.617
32.500	+3.101e+03	+4.816e+03	+1.001e+04	+0.608
32.600	+2.627e+03	+5.735e+03	+1.024e+04	+0.686
32.700	+2.627e+03	+6.727e+03	+1.143e+04	+0.719
32.800	+4.809e+03	+4.883e+03	+1.047e+04	+0.504
32.900	+7.037e+03	+2.533e+03	+9.924e+03	+0.265
33.000	+7.657e+03	+2.804e+03	+9.585e+03	+0.268
33.100	+6.834e+03	+3.806e+03	+1.031e+04	+0.358
33.200	+8.468e+03	+1.476e+03	+8.615e+03	+0.148
33.300	+6.076e+03	+3.025e+03	+9.964e+03	+0.332
33.400	+6.406e+03	+1.937e+03	+8.256e+03	+0.232
33.500	+5.566e+03	+2.997e+03	+9.892e+03	+0.350
33.600	+2.916e+03	+7.064e+03	+1.089e+04	+0.708
33.700	+2.957e+03	+6.933e+03	+9.967e+03	+0.701
33.800	+2.166e+03	+6.495e+03	+9.424e+03	+0.750
33.900	+3.625e+03	+6.232e+03	+9.446e+03	+0.632
34.000	+4.355e+03	+6.741e+03	+1.096e+04	+0.607
34.100	+4.691e+03	+7.197e+03	+1.022e+04	+0.605
34.200	+2.131e+03	+6.805e+03	+9.955e+03	+0.762
34.300	+2.156e+03	+7.423e+03	+1.030e+04	+0.775
34.400	+1.528e+03	+6.408e+03	+1.146e+04	+0.807
34.500	+2.676e+03	+6.337e+03	+9.061e+03	+0.703
34.600	+2.252e+03	+6.456e+03	+9.143e+03	+0.741
34.700	+2.427e+03	+6.155e+03	+9.330e+03	+0.717
34.800	+3.736e+03	+6.754e+03	+9.962e+03	+0.644
34.900	+1.864e+03	+8.211e+03	+9.900e+03	+0.815
35.000	+1.575e+03	+7.993e+03	+1.116e+04	+0.835
35.100	+3.227e+03	+8.438e+03	+1.067e+04	+0.723
35.200	+2.827e+03	+7.405e+03	+1.037e+04	+0.724
35.300	+3.099e+03	+8.184e+03	+9.757e+03	+0.725
35.400	+1.224e+03	+8.072e+03	+9.268e+03	+0.868
35.500	+3.076e+03	+6.400e+03	+9.480e+03	+0.675
35.600	+2.167e+03	+6.714e+03	+8.939e+03	+0.756
35.700	+2.205e+03	+7.154e+03	+9.154e+03	+0.764
35.800	+1.873e+03	+6.501e+03	+1.051e+04	+0.776
35.900	+2.044e+03	+7.242e+03	+8.506e+03	+0.780
36.000	+8.640e+02	+6.774e+03	+9.937e+03	+0.887
36.100	+2.797e+03	+7.858e+03	+9.061e+03	+0.737
36.200	+2.857e+03	+6.549e+03	+1.084e+04	+0.696
36.300	+2.493e+03	+7.166e+03	+1.064e+04	+0.742
36.400	+3.338e+03	+6.990e+03	+9.318e+03	+0.677
36.500	+3.747e+03	+6.763e+03	+9.887e+03	+0.643
36.600	+3.864e+03	+7.767e+03	+1.056e+04	+0.668
36.700	+2.090e+03	+8.776e+03	+9.754e+03	+0.808
36.800	+3.262e+03	+7.157e+03	+9.403e+03	+0.687
36.900	+2.435e+03	+5.604e+03	+9.828e+03	+0.697
37.000	+3.541e+03	+7.476e+03	+1.057e+04	+0.679
37.100	+2.436e+03	+7.410e+03	+9.490e+03	+0.753
37.200	+3.904e+03	+6.348e+03	+1.050e+04	+0.619
37.300	+2.824e+03	+6.729e+03	+1.052e+04	+0.704
37.400	+1.411e+03	+6.763e+03	+1.013e+04	+0.827
37.500	+2.450e+03	+6.411e+03	+8.912e+03	+0.724
37.600	+1.609e+03	+6.990e+03	+1.029e+04	+0.813
37.700	+6.030e+03	+3.666e+03	+1.071e+04	+0.378
37.800	+7.131e+03	+2.781e+03	+8.885e+03	+0.281
37.900	+7.813e+03	+3.571e+03	+1.024e+04	+0.314
38.000	+7.121e+03	+2.373e+03	+9.964e+03	+0.250
38.100	+7.528e+03	+2.962e+03	+8.580e+03	+0.282
38.200	+6.396e+03	+2.319e+03	+1.015e+04	+0.266
38.300	+5.713e+03	+3.372e+03	+8.922e+03	+0.371
38.400	+7.567e+03	+3.282e+03	+9.869e+03	+0.302
38.500	+4.816e+03	+4.545e+03	+1.096e+04	+0.486
38.600	+3.647e+03	+4.545e+03	+1.046e+04	+0.555
38.700	+6.055e+03	+3.020e+03	+9.064e+03	+0.333
38.800	+6.648e+03	+3.998e+03	+9.289e+03	+0.376
38.900	+5.801e+03	+2.382e+03	+9.271e+03	+0.291
39.000	+6.831e+03	+2.928e+03	+1.057e+04	+0.300
39.100	+5.685e+03	+3.159e+03	+1.029e+04	+0.357
39.200	+2.957e+03	+6.600e+03	+9.638e+03	+0.691
39.300	+3.659e+03	+7.612e+03	+1.027e+04	+0.675
39.400	+3.677e+03	+6.125e+03	+1.066e+04	+0.625
39.500	+3.668e+03	+7.240e+03	+9.801e+03	+0.664
39.600	+1.558e+03	+5.725e+03	+1.028e+04	+0.786
39.700	+3.238e+03	+7.345e+03	+9.081e+03	+0.694
39.800	+4.231e+03	+5.236e+03	+1.015e+04	+0.553
39.900	+6.396e+03	+5.129e+03	+9.865e+03	+0.445
40.000	+5.496e+03	+4.259e+03	+1.058e+04	+0.437
40.100	+7.348e+03	+3.314e+03	+1.098e+04	+0.311
40.200	+7.760e+03	+1.891e+03	+1.042e+04	+0.196
40.300	+6.416e+03	+9.218e+02	+1.043e+04	+0.126
40.400	+7.762e+03	+4.650e+02	+1.182e+04	+0.057
40.500	+6.363e+03	+3.669e+03	+1.084e+04	+0.366
40.600	+6.612e+03	+2.134e+03	+1.101e+04	+0.244
40.700	+6.083e+03	+2.852e+03	+1.004e+04	+0.319
40.800	+8.314e+03	+2.014e+03	+1.080e+04	+0.195
40.900	+8.284e+03	+4.297e+03	+1.017e+04	+0.342
41.000	+4.568e+03	+6.216e+03	+1.073e+04	+0.576
41.100	+2.762e+03	+7.684e+03	+9.065e+03	+0.736
41.200	+2.950e+03	+5.933e+03	+1.024e+04	+0.668
41.300	+2.585e+03	+5.861e+03	+1.103e+04	+0.694
41.400	+3.026e+03	+6.401e+03	+1.022e+04	+0.679
41.500	+3.468e+03	+6.576e+03	+1.050e+04	+0.655
41.600	+2.477e+03	+6.955e+03	+1.079e+04	+0.737
41.700	+3.106e+03	+7.096e+03	+1.136e+04	+0.696
41.800	+3.171e+03	+7.181e+03	+9.771e+03	+0.694
41.900	+2.005e+03	+6.553e+03	+1.155e+04	+0.766
42.000	+3.627e+03	+6.502e+03	+1.126e+04	+0.642
42.100	+2.490e+03	+6.019e+03	+9.508e+03	+0.707
42.200	+6.894e+03	+3.648e+03	+9.546e+03	+0.346
42.300	+6.397e+03	+2.856e+03	+8.473e+03	+0.309
42.400	+6.941e+03	+3.205e+03	+9.809e+03	+0.316
42.500	+7.382e+03	+2.725e+03	+1.098e+04	+0.270
42.600	+7.738e+03	+3.423e+03	+9.635e+03	+0.307
42.700	+7.570e+03	+2.478e+03	+1.020e+04	+0.247
42.800	+6.727e+03	+2.085e+03	+1.105e+04	+0.237
42.900	+7.207e+03	+3.365e+03	+9.300e+03	+0.318
43.000	+6.444e+03	+2.952e+03	+9.613e+03	+0.314
43.100	+5.789e+03	+3.557e+03	+7.962e+03	+0.381
43.200	+8.120e+03	+3.366e+03	+1.006e+04	+0.293
43.300	+6.417e+03	+1.376e+03	+9.751e+03	+0.177
43.400	+7.534e+03	+1.948e+03	+1.039e+04	+0.205
43.500	+6.119e+03	+4.401e+03	+9.645e+03	+0.418
43.600	+2.352e+03	+7.214e+03	+9.999e+03	+0.754
43.700	+2.938e+03	+6.622e+03	+1.038e+04	+0.693
43.800	+2.488e+03	+6.502e+03	+8.867e+03	+0.723
43.900	+5.974e+02	+6.625e+03	+1.028e+04	+0.917
44.000	+2.159e+03	+7.227e+03	+9.730e+03	+0.770
44.100	+4.360e+03	+6.723e+03	+9.913e+03	+0.607
44.200	+2.070e+03	+7.294e+03	+9.836e+03	+0.779
44.300	+2.471e+03	+7.843e+03	+1.021e+04	+0.760
44.400	+2.434e+03	+5.154e+03	+1.080e+04	+0.679
44.500	+2.110e+03	+6.999e+03	+8.668e+03	+0.768
44.600	+2.311e+03	+7.149e+03	+1.012e+04	+0.756
44.700	+2.223e+03	+5.981e+03	+9.883e+03	+0.729
44.800	+2.264e+03	+6.544e+03	+1.030e+04	+0.743
44.900	+2.165e+03	+7.116e+03	+9.502e+03	+0.767
45.000	+2.863e+03	+7.632e+03	+1.078e+04	+0.727
45.100	+3.223e+03	+6.379e+03	+1.033e+04	+0.664
45.200	+3.464e+03	+7.637e+03	+1.131e+04	+0.688
45.300	+4.664e+03	+5.427e+03	+9.627e+03	+0.538
45.400	+8.504e+03	+3.015e+03	+1.100e+04	+0.262
45.500	+8.479e+03	+2.513e+03	+9.860e+03	+0.229
45.600	+8.070e+03	+2.594e+03	+9.494e+03	+0.243
45.700	+6.179e+03	+3.796e+03	+9.687e+03	+0.381
45.800	+5.666e+03	+3.011e+03	+9.576e+03	+0.347
45.900	+8.649e+03	+1.645e+03	+9.750e+03	+0.160
46.000	+8.334e+03	+2.507e+03	+9.876e+03	+0.231
46.100	+6.224e+03	+4.180e+03	+9.508e+03	+0.402
46.200	+7.673e+03	+1.878e+03	+1.096e+04	+0.197
46.300	+7.660e+03	+2.916e+03	+8.926e+03	+0.276
46.400	+6.090e+03	+1.676e+03	+1.038e+04	+0.216
46.500	+7.206e+03	+2.419e+03	+1.096e+04	+0.251
46.600	+7.125e+03	+2.358e+03	+1.139e+04	+0.249
46.700	+6.341e+03	+3.624e+03	+1.066e+04	+0.364
46.800	+4.319e+03	+4.595e+03	+9.841e+03	+0.516
46.900	+2.668e+03	+7.848e+03	+1.062e+04	+0.746
47.000	+1.782e+03	+7.221e+03	+1.175e+04	+0.802
47.100	+2.045e+03	+6.673e+03	+1.047e+04	+0.765
47.200	+2.884e+03	+6.259e+03	+8.735e+03	+0.685
47.300	+2.159e+03	+7.790e+03	+1.075e+04	+0.783
47.400	+2.752e+03	+6.613e+03	+9.062e+03	+0.706
47.500	+3.419e+03	+6.453e+03	+1.224e+04	+0.654
47.600	+1.898e+03	+8.053e+03	+1.017e+04	+0.809
47.700	+3.206e+03	+7.636e+03	+1.068e+04	+0.704
47.800	+2.518e+03	+6.044e+03	+1.060e+04	+0.706
47.900	+2.302e+03	+7.842e+03	+1.046e+04	+0.773
48.000	+2.573e+03	+6.439e+03	+1.081e+04	+0.714
48.100	+2.168e+03	+7.212e+03	+1.083e+04	+0.769
48.200	+3.059e+03	+6.334e+03	+1.031e+04	+0.674
48.300	+1.964e+03	+7.415e+03	+1.103e+04	+0.791
48.400	+2.675e+03	+7.503e+03	+9.904e+03	+0.737
48.500	+2.776e+03	+7.962e+03	+9.691e+03	+0.742
48.600	+4.229e+03	+8.186e+03	+9.412e+03	+0.659
48.700	+2.026e+03	+6.244e+03	+1.092e+04	+0.755
48.800	+2.053e+03	+6.676e+03	+9.763e+03	+0.765
48.900	+3.223e+03	+7.399e+03	+9.424e+03	+0.697
49.000	+3.006e+03	+8.710e+03	+1.045e+04	+0.743
49.100	+3.280e+03	+6.356e+03	+1.039e+04	+0.660
49.200	+2.126e+03	+6.229e+03	+1.048e+04	+0.746
49.300	+1.335e+03	+6.349e+03	+1.195e+04	+0.826
49.400	+3.272e+03	+7.487e+03	+9.720e+03	+0.696
49.500	+3.385e+03	+7.168e+03	+9.303e+03	+0.679
49.600	+2.871e+03	+6.426e+03	+8.886e+03	+0.691
49.700	+2.651e+03	+7.678e+03	+9.626e+03	+0.743
49.800	+2.159e+03	+6.090e+03	+1.106e+04	+0.738
49.900	+4.733e+03	+6.814e+03	+1.009e+04	+0.590
50.000	+2.140e+03	+6.704e+03	+9.494e+03	+0.758
50.100	+4.541e+03	+8.445e+03	+1.023e+04	+0.650
50.200	+2.172e+03	+6.829e+03	+1.043e+04	+0.759
50.300	+2.621e+03	+6.145e+03	+9.721e+03	+0.701
50.400	+4.034e+03	+8.568e+03	+9.293e+03	+0.680
50.500	+3.127e+03	+7.181e+03	+9.950e+03	+0.697
50.600	+3.550e+03	+6.935e+03	+9.512e+03	+0.661
50.700	+4.153e+03	+5.890e+03	+9.210e+03	+0.586
50.800	+1.687e+03	+6.599e+03	+1.052e+04	+0.796
50.900	+3.505e+03	+6.456e+03	+9.083e+03	+0.648
51.000	+5.203e+03	+6.228e+03	+9.908e+03	+0.545
51.100	+3.257e+03	+7.870e+03	+8.800e+03	+0.707
51.200	+2.793e+03	+6.564e+03	+1.040e+04	+0.702
51.300	+3.323e+03	+6.509e+03	+8.087e+03	+0.662
51.400	+4.660e+03	+6.722e+03	+9.860e+03	+0.591
51.500	+3.552e+03	+7.642e+03	+9.997e+03	+0.683
51.600	+3.719e+03	+7.448e+03	+1.045e+04	+0.667
51.700	+3.760e+03	+6.891e+03	+1.131e+04	+0.647
51.800	+1.582e+03	+7.542e+03	+8.992e+03	+0.827
51.900	+3.809e+03	+6.905e+03	+9.749e+03	+0.644
52.000	+3.796e+03	+7.979e+03	+1.064e+04	+0.678
52.100	+2.215e+03	+7.327e+03	+1.016e+04	+0.768
52.200	+1.636e+03	+8.365e+03	+1.021e+04	+0.836
52.300	+2.816e+03	+6.046e+03	+1.181e+04	+0.682
52.400	+2.427e+03	+6.935e+03	+8.137e+03	+0.741
52.500	+2.455e+03	+7.441e+03	+1.038e+04	+0.752
52.600	+1.877e+03	+8.206e+03	+9.933e+03	+0.814
52.700	+3.912e+03	+6.631e+03	+9.817e+03	+0.629
52.800	+3.266e+03	+5.723e+03	+9.613e+03	+0.637
52.900	+2.445e+03	+7.670e+03	+1.044e+04	+0.758
53.000	+3.071e+03	+6.948e+03	+1.047e+04	+0.693
53.100	+2.606e+03	+7.316e+03	+1.050e+04	+0.737
53.200	+2.607e+03	+7.061e+03	+1.027e+04	+0.730
53.300	+2.899e+03	+7.877e+03	+9.618e+03	+0.731
53.400	+3.639e+03	+7.134e+03	+1.025e+04	+0.662
53.500	+2.438e+03	+7.046e+03	+9.988e+03	+0.743
53.600	+3.010e+03	+8.127e+03	+9.682e+03	+0.730
53.700	+5.005e+03	+3.853e+03	+1.029e+04	+0.435
53.800	+6.931e+03	+3.429e+03	+1.075e+04	+0.331
53.900	+7.023e+03	+3.831e+03	+1.028e+04	+0.353
54.000	+5.268e+03	+3.310e+03	+8.372e+03	+0.386
54.100	+7.225e+03	+4.406e+03	+1.062e+04	+0.379
54.200	+8.294e+03	+4.039e+03	+9.374e+03	+0.327
54.300	+7.524e+03	+3.801e+03	+9.815e+03	+0.336
54.400	+6.578e+03	+4.353e+03	+1.001e+04	+0.398
54.500	+7.895e+03	+3.165e+03	+8.811e+03	+0.286
54.600	+7.175e+03	+3.204e+03	+1.155e+04	+0.309
54.700	+4.323e+03	+5.040e+03	+1.089e+04	+0.538
54.800	+2.058e+03	+6.803e+03	+1.015e+04	+0.768
54.900	+2.821e+03	+6.960e+03	+8.478e+03	+0.712
55.000	+4.380e+03	+5.966e+03	+1.030e+04	+0.577
55.100	+3.616e+03	+7.653e+03	+1.058e+04	+0.679
55.200	+3.081e+03	+7.008e+03	+1.077e+04	+0.695
55.300	+1.845e+03	+7.869e+03	+1.088e+04	+0.810
55.400	+3.674e+03	+7.494e+03	+9.934e+03	+0.671
55.500	+3.057e+03	+7.513e+03	+1.003e+04	+0.711
55.600	+3.076e+03	+6.861e+03	+1.004e+04	+0.690
55.700	+2.557e+03	+7.513e+03	+9.441e+03	+0.746
55.800	+3.802e+03	+8.261e+03	+1.014e+04	+0.685
55.900	+3.071e+03	+6.744e+03	+9.985e+03	+0.687
56.000	+2.856e+03	+7.535e+03	+1.140e+04	+0.725
56.100	+3.502e+03	+6.924e+03	+9.833e+03	+0.664
56.200	+3.205e+03	+7.581e+03	+1.072e+04	+0.703
56.300	+1.811e+03	+5.652e+03	+1.146e+04	+0.757
56.400	+2.625e+03	+7.719e+03	+1.108e+04	+0.746
56.500	+4.254e+03	+5.443e+03	+8.883e+03	+0.561
56.600	+2.405e+03	+6.981e+03	+1.001e+04	+0.744
56.700	+3.626e+03	+6.996e+03	+1.060e+04	+0.659
56.800	+2.902e+03	+5.931e+03	+1.014e+04	+0.671
56.900	+3.618e+03	+6.309e+03	+9.060e+03	+0.636
57.000	+2.348e+03	+6.035e+03	+1.097e+04	+0.720
57.100	+2.659e+03	+7.016e+03	+9.760e+03	+0.725
57.200	+3.463e+03	+6.419e+03	+1.009e+04	+0.650
57.300	+3.009e+03	+6.455e+03	+8.556e+03	+0.682
57.400	+3.627e+03	+7.247e+03	+1.060e+04	+0.666
57.500	+2.976e+03	+7.053e+03	+1.026e+04	+0.703
57.600	+3.570e+03	+6.953e+03	+9.781e+03	+0.661
57.700	+8.341e+02	+7.876e+03	+1.060e+04	+0.904
57.800	+1.396e+03	+5.988e+03	+8.748e+03	+0.811
57.900	+1.784e+03	+6.331e+03	+9.567e+03	+0.780
58.000	+1.876e+03	+7.707e+03	+1.147e+04	+0.804
58.100	+1.296e+03	+8.218e+03	+9.193e+03	+0.864
58.200	+3.248e+03	+7.089e+03	+9.629e+03	+0.686
58.300	+2.419e+03	+8.617e+03	+1.122e+04	+0.781
58.400	+3.271e+03	+6.468e+03	+1.033e+04	+0.664
58.500	+2.929e+03	+6.362e+03	+8.804e+03	+0.685
58.600	+2.884e+03	+5.560e+03	+1.092e+04	+0.658
58.700	+2.958e+03	+5.933e+03	+1.145e+04	+0.667
58.800	+3.684e+03	+6.684e+03	+8.886e+03	+0.645
58.900	+1.878e+03	+7.344e+03	+1.019e+04	+0.796
59.000	+2.234e+03	+6.056e+03	+1.054e+04	+0.730
59.100	+3.517e+03	+8.261e+03	+1.027e+04	+0.701
59.200	+6.021e+03	+3.816e+03	+1.027e+04	+0.388
59.300	+8.142e+03	+2.971e+03	+1.036e+04	+0.267
59.400	+7.231e+03	+3.351e+03	+1.221e+04	+0.317
59.500	+7.445e+03	+2.905e+03	+1.045e+04	+0.281
59.600	+6.547e+03	+2.448e+03	+9.563e+03	+0.272
59.700	+7.179e+03	+2.969e+03	+1.073e+04	+0.293
59.800	+6.184e+03	+4.157e+03	+9.463e+03	+0.402
59.900	+6.433e+03	+2.808e+03	+1.058e+04	+0.304
60.000	+7.468e+03	+3.662e+03	+9.616e+03	+0.329
60.100	+6.563e+03	+6.222e+03	+1.046e+04	+0.487
60.200	+5.128e+03	+3.043e+03	+1.038e+04	+0.372
60.300	+6.849e+03	+3.476e+03	+9.013e+03	+0.337
60.400	+6.386e+03	+1.981e+03	+1.005e+04	+0.237
60.500	+8.348e+03	+2.172e+03	+8.736e+03	+0.206
60.600	+6.120e+03	+2.596e+03	+9.332e+03	+0.298
60.700	+8.443e+03	+2.700e+03	+9.780e+03	+0.242
60.800	+6.023e+03	+2.925e+03	+1.122e+04	+0.327
60.900	+4.974e+03	+3.316e+03	+1.028e+04	+0.400
61.000	+5.617e+03	+3.957e+03	+1.062e+04	+0.413
61.100	+7.794e+03	+1.363e+03	+1.031e+04	+0.149
61.200	+7.081e+03	+3.572e+03	+8.130e+03	+0.335
61.300	+7.253e+03	+3.718e+03	+7.975e+03	+0.339
61.400	+7.398e+03	+2.795e+03	+9.513e+03	+0.274
61.500	+6.537e+03	+2.053e+03	+1.027e+04	+0.239
61.600	+6.168e+03	+3.430e+03	+9.482e+03	+0.357
61.700	+5.840e+03	+3.452e+03	+1.015e+04	+0.371
61.800	+7.532e+03	+3.646e+03	+9.210e+03	+0.326
61.900	+5.988e+03	+2.323e+03	+1.124e+04	+0.279
62.000	+7.577e+03	+3.243e+03	+1.049e+04	+0.300
62.100	+7.208e+03	+2.019e+03	+1.014e+04	+0.219
62.200	+6.797e+03	+2.833e+03	+1.032e+04	+0.294
62.300	+2.772e+03	+6.499e+03	+1.111e+04	+0.701
62.400	+4.136e+03	+6.792e+03	+9.848e+03	+0.621
62.500	+2.367e+03	+5.836e+03	+1.094e+04	+0.711
62.600	+4.318e+03	+7.796e+03	+8.854e+03	+0.644
62.700	+1.409e+03	+7.731e+03	+9.069e+03	+0.846
62.800	+4.755e+03	+8.044e+03	+8.808e+03	+0.628
62.900	+3.513e+03	+8.412e+03	+1.006e+04	+0.705
63.000	+2.955e+03	+6.111e+03	+1.046e+04	+0.674
63.100	+1.712e+03	+6.932e+03	+9.271e+03	+0.802
63.200	+2.116e+03	+6.644e+03	+8.833e+03	+0.758
63.300	+3.441e+03	+5.728e+03	+9.854e+03	+0.625
63.400	+2.231e+03	+6.890e+03	+1.125e+04	+0.755
63.500	+3.339e+03	+5.172e+03	+9.452e+03	+0.608
63.600	+2.359e+03	+7.967e+03	+9.872e+03	+0.772
63.700	+4.731e+03	+6.604e+03	+1.135e+04	+0.583
63.800	+2.671e+03	+7.261e+03	+9.715e+03	+0.731
63.900	+2.674e+03	+6.284e+03	+1.007e+04	+0.701
64.000	+3.355e+03	+8.198e+03	+8.761e+03	+0.710
64.100	+2.205e+03	+7.395e+03	+8.805e+03	+0.770
64.200	+2.486e+03	+8.058e+03	+1.063e+04	+0.764
64.300	+2.451e+03	+7.222e+03	+1.066e+04	+0.747
64.400	+3.507e+03	+7.422e+03	+8.149e+03	+0.679
64.500	+3.703e+03	+7.475e+03	+9.946e+03	+0.669
64.600	+3.163e+03	+5.944e+03	+9.968e+03	+0.653
64.700	+4.823e+03	+5.440e+03	+1.053e+04	+0.530
64.800	+7.398e+03	+3.206e+03	+8.369e+03	+0.302
64.900	+7.945e+03	+3.403e+03	+7.899e+03	+0.300
65.000	+6.310e+03	+2.489e+03	+9.947e+03	+0.283
65.100	+6.293e+03	+2.857e+03	+9.638e+03	+0.312
65.200	+6.737e+03	+3.340e+03	+9.342e+03	+0.331
65.300	+6.624e+03	+3.713e+03	+1.023e+04	+0.359
65.400	+7.306e+03	+4.601e+03	+1.001e+04	+0.386
65.500	+6.804e+03	+2.326e+03	+1.115e+04	+0.255
65.600	+7.415e+03	+2.814e+03	+9.580e+03	+0.275
65.700	+7.223e+03	+3.015e+03	+1.014e+04	+0.294
65.800	+7.106e+03	+2.669e+03	+9.755e+03	+0.273
65.900	+6.235e+03	+3.005e+03	+9.670e+03	+0.325
66.000	+7.603e+03	+3.481e+03	+7.978e+03	+0.314
66.100	+7.366e+03	+3.845e+03	+7.936e+03	+0.343
66.200	+7.008e+03	+1.567e+03	+9.828e+03	+0.183
66.300	+6.805e+03	+2.098e+03	+8.734e+03	+0.236
66.400	+5.684e+03	+2.965e+03	+9.702e+03	+0.343
66.500	+6.939e+03	+3.425e+03	+1.002e+04	+0.330
66.600	+7.723e+03	+2.163e+03	+1.049e+04	+0.219
66.700	+6.405e+03	+3.072e+03	+1.188e+04	+0.324
66.800	+4.856e+03	+4.172e+03	+1.101e+04	+0.462
66.900	+5.696e+03	+3.451e+03	+9.620e+03	+0.377
67.000	+7.525e+03	+3.548e+03	+1.013e+04	+0.320
67.100	+7.284e+03	+1.449e+03	+1.037e+04	+0.166
67.200	+7.050e+03	+1.864e+03	+1.008e+04	+0.209
67.300	+5.262e+03	+2.145e+03	+8.897e+03	+0.290
67.400	+6.879e+03	+2.631e+03	+1.081e+04	+0.277
67.500	+6.810e+03	+4.173e+03	+1.059e+04	+0.380
67.600	+5.510e+03	+3.792e+03	+9.748e+03	+0.408
67.700	+6.383e+03	+5.814e+03	+1.044e+04	+0.477
67.800	+3.001e+03	+6.148e+03	+1.002e+04	+0.672
67.900	+4.179e+03	+7.615e+03	+9.142e+03	+0.646
68.000	+3.042e+03	+5.986e+03	+1.019e+04	+0.663
68.100	+2.661e+03	+7.141e+03	+1.128e+04	+0.729
68.200	+2.940e+03	+7.390e+03	+1.057e+04	+0.715
68.300	+3.415e+03	+6.678e+03	+8.072e+03	+0.662
68.400	+3.519e+03	+7.338e+03	+9.445e+03	+0.676
68.500	+2.737e+03	+5.796e+03	+9.879e+03	+0.679
68.600	+4.544e+03	+6.685e+03	+9.987e+03	+0.595
68.700	+3.168e+03	+7.577e+03	+1.014e+04	+0.705
68.800	+2.299e+03	+6.651e+03	+1.120e+04	+0.743
68.900	+2.793e+03	+7.521e+03	+1.128e+04	+0.729
69.000	+3.502e+03	+6.093e+03	+1.102e+04	+0.635
69.100	+2.922e+03	+5.726e+03	+9.933e+03	+0.662
69.200	+3.541e+03	+7.459e+03	+9.252e+03	+0.678
69.300	+4.347e+03	+6.024e+03	+1.012e+04	+0.581
69.400	+1.229e+03	+7.281e+03	+9.545e+03	+0.856
69.500	+1.756e+03	+8.075e+03	+8.738e+03	+0.821
69.600	+1.908e+03	+6.557e+03	+1.085e+04	+0.775
69.700	+1.238e+03	+8.158e+03	+9.988e+03	+0.868
69.800	+3.444e+03	+6.086e+03	+1.178e+04	+0.639
69.900	+2.963e+03	+5.691e+03	+9.473e+03	+0.658
70.000	+2.842e+03	+6.705e+03	+1.067e+04	+0.702
70.100	+2.993e+03	+5.807e+03	+1.126e+04	+0.660
70.200	+4.154e+03	+6.716e+03	+9.714e+03	+0.618
70.300	+2.347e+03	+7.011e+03	+8.794e+03	+0.749
70.400	+3.856e+03	+6.695e+03	+1.013e+04	+0.635
70.500	+3.428e+03	+5.948e+03	+9.832e+03	+0.634
70.600	+7.738e+03	+3.208e+03	+1.135e+04	+0.293
70.700	+6.686e+03	+2.766e+03	+9.553e+03	+0.293
70.800	+7.565e+03	+3.104e+03	+8.885e+03	+0.291
70.900	+6.391e+03	+2.799e+03	+9.233e+03	+0.305
71.000	+5.037e+03	+2.827e+03	+9.615e+03	+0.359
71.100	+7.319e+03	+4.530e+03	+1.029e+04	+0.382
71.200	+7.246e+03	+3.088e+03	+9.091e+03	+0.299
71.300	+6.785e+03	+3.952e+03	+1.058e+04	+0.368
71.400	+7.609e+03	+3.451e+03	+1.123e+04	+0.312
71.500	+7.698e+03	+2.566e+03	+9.704e+03	+0.250
71.600	+7.995e+03	+2.982e+03	+1.034e+04	+0.272
71.700	+7.789e+03	+2.510e+03	+9.456e+03	+0.244
71.800	+6.226e+03	+1.635e+03	+9.734e+03	+0.208
71.900	+8.391e+03	+1.410e+03	+9.381e+03	+0.144
72.000	+8.368e+03	+3.565e+03	+8.619e+03	+0.299
72.100	+8.114e+03	+3.044e+03	+9.594e+03	+0.273
72.200	+4.740e+03	+4.778e+03	+1.033e+04	+0.502
72.300	+2.384e+03	+6.187e+03	+1.122e+04	+0.722
72.400	+3.218e+03	+6.992e+03	+1.032e+04	+0.685
72.500	+4.223e+03	+6.935e+03	+8.911e+03	+0.622
72.600	+3.396e+03	+6.954e+03	+9.994e+03	+0.672
72.700	+3.078e+03	+7.107e+03	+1.057e+04	+0.698
72.800	+2.033e+03	+7.717e+03	+1.034e+04	+0.791
72.900	+3.247e+03	+7.235e+03	+9.984e+03	+0.690
73.000	+2.512e+03	+7.363e+03	+1.044e+04	+0.746
73.100	+2.852e+03	+6.661e+03	+1.077e+04	+0.700
73.200	+3.628e+03	+7.204e+03	+1.136e+04	+0.665
73.300	+3.295e+03	+5.924e+03	+9.495e+03	+0.643
73.400	+2.485e+03	+6.316e+03	+1.034e+04	+0.718
73.500	+3.991e+03	+8.816e+03	+1.060e+04	+0.688
73.600	+3.148e+03	+6.127e+03	+8.967e+03	+0.661
73.700	+3.125e+03	+6.219e+03	+1.013e+04	+0.666
73.800	+2.708e+03	+8.578e+03	+1.062e+04	+0.760
73.900	+2.486e+03	+6.769e+03	+9.743e+03	+0.731
74.000	+2.574e+03	+7.713e+03	+9.013e+03	+0.750
74.100	+2.306e+03	+6.479e+03	+9.502e+03	+0.738
74.200	+2.723e+03	+6.527e+03	+1.114e+04	+0.706
74.300	+1.819e+03	+7.228e+03	+9.460e+03	+0.799
74.400	+3.574e+03	+6.783e+03	+1.043e+04	+0.655
74.500	+3.715e+03	+5.335e+03	+1.048e+04	+0.590
74.600	+3.284e+03	+5.957e+03	+9.821e+03	+0.645
74.700	+3.893e+03	+8.329e+03	+8.936e+03	+0.681
74.800	+1.722e+03	+7.572e+03	+9.365e+03	+0.815
74.900	+3.115e+03	+7.135e+03	+1.156e+04	+0.696
75.000	+3.318e+03	+6.958e+03	+9.324e+03	+0.677
75.100	+1.748e+03	+6.438e+03	+9.376e+03	+0.786
75.200	+3.629e+03	+6.175e+03	+1.065e+04	+0.630
75.300	+5.872e+03	+3.476e+03	+1.050e+04	+0.372
75.400	+8.422e+03	+2.742e+03	+1.000e+04	+0.246
75.500	+6.517e+03	+4.283e+03	+9.904e+03	+0.397
75.600	+7.487e+03	+2.945e+03	+9.435e+03	+0.282
75.700	+7.730e+03	+2.975e+03	+9.657e+03	+0.278
75.800	+4.631e+03	+3.172e+03	+9.858e+03	+0.407
75.900	+6.142e+03	+3.645e+03	+9.551e+03	+0.372
76.000	+1.510e+03	+7.508e+03	+9.072e+03	+0.833
76.100	+2.474e+03	+7.272e+03	+1.101e+04	+0.746
76.200	+2.311e+03	+5.553e+03	+9.902e+03	+0.706
76.300	+3.095e+03	+7.145e+03	+1.037e+04	+0.698
76.400	+2.882e+03	+7.697e+03	+9.230e+03	+0.728
76.500	+3.853e+03	+6.617e+03	+8.865e+03	+0.632
76.600	+3.368e+03	+8.784e+03	+9.651e+03	+0.723
76.700	+3.189e+03	+8.009e+03	+9.986e+03	+0.715
76.800	+1.577e+03	+7.492e+03	+1.085e+04	+0.826
76.900	+3.478e+03	+7.927e+03	+9.126e+03	+0.695
77.000	+2.406e+03	+7.802e+03	+1.087e+04	+0.764
77.100	+3.977e+03	+7.386e+03	+9.856e+03	+0.650
77.200	+7.509e+03	+2.214e+03	+1.041e+04	+0.228
77.300	+8.352e+03	+4.871e+03	+1.001e+04	+0.368
77.400	+8.298e+03	+3.437e+03	+1.171e+04	+0.293
77.500	+6.996e+03	+3.819e+03	+8.795e+03	+0.353
77.600	+7.796e+03	+2.774e+03	+1.068e+04	+0.262
77.700	+6.937e+03	+4.595e+03	+9.996e+03	+0.398
77.800	+6.552e+03	+4.484e+03	+9.902e+03	+0.406
77.900	+4.570e+03	+5.810e+03	+1.103e+04	+0.560
78.000	+2.185e+03	+7.664e+03	+1.105e+04	+0.778
78.100	+1.661e+03	+7.636e+03	+1.078e+04	+0.821
78.200	+3.879e+03	+5.329e+03	+1.015e+04	+0.579
78.300	+6.674e+03	+3.255e+03	+9.529e+03	+0.328
78.400	+8.285e+03	+3.945e+03	+1.039e+04	+0.323
78.500	+7.932e+03	+2.858e+03	+1.113e+04	+0.265
78.600	+7.132e+03	+3.557e+03	+1.075e+04	+0.333
78.700	+6.319e+03	+3.583e+03	+1.028e+04	+0.362
78.800	+7.619e+03	+4.286e+03	+9.372e+03	+0.360
78.900	+7.686e+03	+2.194e+03	+9.412e+03	+0.222
79.000	+8.131e+03	+5.325e+03	+1.168e+04	+0.396
79.100	+6.968e+03	+2.921e+03	+1.096e+04	+0.295
79.200	+7.818e+03	+2.434e+03	+9.321e+03	+0.237
79.300	+6.907e+03	+2.946e+03	+1.063e+04	+0.299
79.400	+6.710e+03	+3.064e+03	+9.151e+03	+0.313
79.500	+7.905e+03	+3.420e+03	+8.797e+03	+0.302
79.600	+6.872e+03	+3.106e+03	+9.204e+03	+0.311
79.700	+6.340e+03	+2.852e+03	+1.058e+04	+0.310
79.800	+5.810e+03	+4.532e+03	+1.136e+04	+0.438
79.900	+4.730e+03	+6.609e+03	+1.053e+04	+0.583
80.000	+3.578e+03	+7.689e+03	+8.935e+03	+0.682
80.100	+3.164e+03	+7.186e+03	+9.012e+03	+0.694
80.200	+3.212e+03	+7.285e+03	+1.005e+04	+0.694
80.300	+2.479e+03	+7.582e+03	+9.642e+03	+0.754
80.400	+3.821e+03	+7.479e+03	+9.532e+03	+0.662
80.500	+2.597e+03	+6.460e+03	+1.064e+04	+0.713
80.600	+2.968e+03	+7.376e+03	+1.060e+04	+0.713
80.700	+3.630e+03	+7.639e+03	+8.118e+03	+0.678
80.800	+3.786e+03	+6.253e+03	+1.170e+04	+0.623
80.900	+2.702e+03	+8.068e+03	+1.038e+04	+0.749
81.000	+3.939e+03	+7.611e+03	+9.497e+03	+0.659
81.100	+6.981e+03	+3.216e+03	+9.872e+03	+0.315
81.200	+7.869e+03	+2.607e+03	+9.694e+03	+0.249
81.300	+6.765e+03	+2.850e+03	+9.584e+03	+0.296
81.400	+7.937e+03	+2.630e+03	+1.009e+04	+0.249
81.500	+8.656e+03	+3.454e+03	+9.999e+03	+0.285
81.600	+6.008e+03	+3.306e+03	+9.500e+03	+0.355
81.700	+7.002e+03	+1.812e+03	+8.941e+03	+0.206
81.800	+6.464e+03	+3.601e+03	+1.055e+04	+0.358
81.900	+5.847e+03	+4.042e+03	+9.600e+03	+0.409
82.000	+2.881e+03	+6.286e+03	+1.215e+04	+0.686
82.100	+2.767e+03	+5.867e+03	+1.061e+04	+0.680
82.200	+2.672e+03	+7.905e+03	+1.026e+04	+0.747
82.300	+2.722e+03	+6.594e+03	+9.845e+03	+0.708
82.400	+2.722e+03	+7.015e+03	+1.103e+04	+0.720
82.500	+3.485e+03	+7.094e+03	+8.647e+03	+0.671
82.600	+4.231e+03	+7.193e+03	+9.104e+03	+0.630
82.700	+3.338e+03	+6.071e+03	+1.022e+04	+0.645
82.800	+1.711e+03	+7.834e+03	+1.038e+04	+0.821
82.900	+2.810e+03	+6.776e+03	+9.680e+03	+0.707
83.000	+3.223e+03	+6.019e+03	+1.018e+04	+0.651
83.100	+1.827e+03	+6.505e+03	+9.347e+03	+0.781
83.200	+2.552e+03	+6.285e+03	+9.405e+03	+0.711
83.300	+3.324e+03	+7.403e+03	+9.329e+03	+0.690
83.400	+1.722e+03	+7.771e+03	+9.503e+03	+0.819
83.500	+2.772e+03	+5.841e+03	+1.025e+04	+0.678
83.600	+5.457e+03	+5.058e+03	+9.540e+03	+0.481
83.700	+8.112e+03	+2.782e+03	+9.312e+03	+0.255
83.800	+7.844e+03	+2.469e+03	+1.087e+04	+0.239
83.900	+6.732e+03	+1.944e+03	+1.121e+04	+0.224
84.000	+7.932e+03	+1.566e+03	+1.020e+04	+0.165
84.100	+6.469e+03	+3.701e+03	+1.006e+04	+0.364
84.200	+1.376e+03	+7.091e+03	+9.231e+03	+0.837
84.300	+2.428e+03	+7.791e+03	+1.021e+04	+0.762
84.400	+3.021e+03	+6.985e+03	+9.251e+03	+0.698
84.500	+3.709e+03	+6.509e+03	+9.194e+03	+0.637
84.600	+2.812e+03	+5.936e+03	+1.124e+04	+0.679
84.700	+2.801e+03	+6.338e+03	+9.057e+03	+0.694
84.800	+2.370e+03	+6.962e+03	+1.101e+04	+0.746
84.900	+2.377e+03	+6.993e+03	+1.062e+04	+0.746
85.000	+1.805e+03	+7.296e+03	+8.725e+03	+0.802
85.100	+2.555e+03	+8.003e+03	+1.040e+04	+0.758
85.200	+4.069e+03	+8.214e+03	+1.026e+04	+0.669
85.300	+2.958e+03	+6.763e+03	+1.050e+04	+0.696
85.400	+3.738e+03	+6.502e+03	+1.011e+04	+0.635
85.500	+3.565e+03	+6.337e+03	+9.965e+03	+0.640
85.600	+2.556e+03	+7.364e+03	+1.136e+04	+0.742
85.700	+1.789e+03	+8.155e+03	+1.087e+04	+0.820
85.800	+1.185e+03	+7.430e+03	+7.989e+03	+0.862
85.900	+2.819e+03	+6.534e+03	+1.031e+04	+0.699
86.000	+3.407e+03	+7.244e+03	+8.637e+03	+0.680
86.100	+1.272e+03	+6.363e+03	+1.029e+04	+0.833
86.200	+4.371e+03	+8.312e+03	+9.678e+03	+0.655
86.300	+3.718e+03	+7.190e+03	+1.076e+04	+0.659
86.400	+2.850e+03	+6.052e+03	+1.033e+04	+0.680
86.500	+2.379e+03	+7.091e+03	+1.147e+04	+0.749
86.600	+2.581e+03	+8.882e+03	+1.016e+04	+0.775
86.700	+4.361e+03	+7.191e+03	+1.014e+04	+0.622
86.800	+3.496e+03	+6.595e+03	+1.088e+04	+0.654
86.900	+3.729e+03	+6.603e+03	+1.126e+04	+0.639
87.000	+4.133e+03	+7.708e+03	+1.013e+04	+0.651
87.100	+2.891e+03	+6.127e+03	+9.375e+03	+0.679
87.200	+2.785e+03	+9.689e+03	+1.086e+04	+0.777
87.300	+2.981e+03	+8.103e+03	+1.056e+04	+0.731
87.400	+4.025e+03	+8.020e+03	+1.075e+04	+0.666
87.500	+2.753e+03	+5.516e+03	+1.005e+04	+0.667
87.600	+3.461e+03	+7.318e+03	+9.620e+03	+0.679
87.700	+2.829e+03	+8.047e+03	+9.161e+03	+0.740
87.800	+2.920e+03	+7.444e+03	+8.965e+03	+0.718
87.900	+2.908e+03	+6.139e+03	+8.766e+03	+0.679
88.000	+3.359e+03	+7.381e+03	+1.121e+04	+0.687
88.100	+3.550e+03	+7.315e+03	+8.395e+03	+0.673
88.200	+2.706e+03	+7.704e+03	+1.080e+04	+0.740
88.300	+4.200e+03	+7.671e+03	+9.566e+03	+0.646
88.400	+4.141e+03	+6.413e+03	+9.255e+03	+0.608
88.500	+1.565e+03	+8.039e+03	+1.045e+04	+0.837
88.600	+3.571e+03	+6.946e+03	+1.100e+04	+0.661
88.700	+1.708e+03	+7.002e+03	+1.131e+04	+0.804
88.800	+2.914e+03	+7.868e+03	+1.058e+04	+0.730
88.900	+3.115e+03	+9.499e+03	+1.112e+04	+0.753
89.000	+2.935e+03	+8.323e+03	+9.653e+03	+0.739
89.100	+6.012e+03	+2.442e+03	+1.053e+04	+0.289
89.200	+6.837e+03	+3.606e+03	+9.829e+03	+0.345
89.300	+6.634e+03	+2.953e+03	+9.663e+03	+0.308
89.400	+6.315e+03	+3.642e+03	+9.664e+03	+0.366
89.500	+7.347e+03	+3.613e+03	+9.220e+03	+0.330
89.600	+6.210e+03	+4.703e+03	+9.690e+03	+0.431
89.700	+7.365e+03	+3.492e+03	+1.063e+04	+0.322
89.800	+3.686e+03	+4.437e+03	+1.009e+04	+0.546
89.900	+3.609e+03	+7.831e+03	+1.045e+04	+0.685
90.000	+3.878e+03	+5.567e+03	+9.826e+03	+0.589
90.100	+6.748e+03	+2.980e+03	+1.027e+04	+0.306
90.200	+7.338e+03	+2.890e+03	+1.054e+04	+0.283
90.300	+5.921e+03	+2.801e+03	+8.340e+03	+0.321
90.400	+7.246e+03	+2.725e+03	+9.836e+03	+0.273
90.500	+7.900e+03	+3.155e+03	+8.222e+03	+0.285
90.600	+7.254e+03	+3.856e+03	+1.075e+04	+0.347
90.700	+6.721e+03	+2.104e+03	+1.032e+04	+0.238
90.800	+7.084e+03	+1.304e+03	+9.549e+03	+0.155
90.900	+8.078e+03	+3.188e+03	+9.399e+03	+0.283
91.000	+6.033e+03	+2.019e+03	+9.633e+03	+0.251
91.100	+6.669e+03	+2.627e+03	+1.032e+04	+0.283
91.200	+7.724e+03	+2.959e+03	+1.021e+04	+0.277
91.300	+6.934e+03	+3.796e+03	+1.095e+04	+0.354
91.400	+5.905e+03	+2.937e+03	+1.136e+04	+0.332
91.500	+6.116e+03	+3.314e+03	+8.291e+03	+0.351
91.600	+6.877e+03	+4.275e+03	+9.899e+03	+0.383
91.700	+3.942e+03	+8.046e+03	+1.076e+04	+0.671
91.800	+2.910e+03	+5.794e+03	+1.085e+04	+0.666
91.900	+3.705e+03	+7.761e+03	+1.014e+04	+0.677
92.000	+2.227e+03	+6.291e+03	+9.013e+03	+0.739
92.100	+3.931e+03	+5.490e+03	+9.372e+03	+0.583
92.200	+2.421e+03	+6.008e+03	+9.698e+03	+0.713
92.300	+2.703e+03	+5.941e+03	+1.047e+04	+0.687
92.400	+2.690e+03	+6.753e+03	+9.547e+03	+0.715
92.500	+3.287e+03	+7.568e+03	+9.207e+03	+0.697
92.600	+2.803e+03	+6.991e+03	+1.084e+04	+0.714
92.700	+6.746e+03	+2.818e+03	+1.047e+04	+0.295
92.800	+7.261e+03	+3.310e+03	+9.934e+03	+0.313
92.900	+6.662e+03	+2.281e+03	+1.010e+04	+0.255
93.000	+5.412e+03	+2.718e+03	+1.080e+04	+0.334
93.100	+5.941e+03	+3.369e+03	+8.673e+03	+0.362
93.200	+8.437e+03	+3.298e+03	+1.076e+04	+0.281
93.300	+6.578e+03	+1.902e+03	+1.052e+04	+0.224
93.400	+5.462e+03	+3.545e+03	+1.062e+04	+0.394
93.500	+8.164e+03	+2.001e+03	+1.031e+04	+0.197
93.600	+6.598e+03	+2.847e+03	+1.004e+04	+0.301
93.700	+7.242e+03	+5.390e+03	+1.081e+04	+0.427
93.800	+7.502e+03	+3.312e+03	+1.097e+04	+0.306
93.900	+7.781e+03	+2.594e+03	+1.038e+04	+0.250
94.000	+8.865e+03	+2.775e+03	+1.043e+04	+0.238
94.100	+7.046e+03	+2.807e+03	+1.013e+04	+0.285
94.200	+6.149e+03	+1.779e+03	+9.574e+03	+0.224
94.300	+6.005e+03	+3.527e+03	+1.002e+04	+0.370
94.400	+7.189e+03	+2.303e+03	+1.113e+04	+0.243
94.500	+6.698e+03	+4.172e+03	+1.001e+04	+0.384
94.600	+7.083e+03	+3.009e+03	+8.944e+03	+0.298
94.700	+8.159e+03	+2.350e+03	+9.076e+03	+0.224
94.800	+7.090e+03	+2.768e+03	+1.095e+04	+0.281
94.900	+6.715e+03	+2.874e+03	+9.966e+03	+0.300
95.000	+6.125e+03	+1.630e+03	+1.018e+04	+0.210
95.100	+6.339e+03	+4.941e+03	+9.569e+03	+0.438
95.200	+2.285e+03	+7.125e+03	+8.394e+03	+0.757
95.300	+2.051e+03	+6.958e+03	+1.087e+04	+0.772
95.400	+3.485e+03	+7.124e+03	+1.113e+04	+0.672
95.500	+3.531e+03	+4.941e+03	+9.782e+03	+0.583
95.600	+2.601e+03	+7.189e+03	+9.784e+03	+0.734
95.700	+3.288e+03	+7.378e+03	+1.127e+04	+0.692
95.800	+3.035e+03	+5.716e+03	+1.127e+04	+0.653
95.900	+2.664e+03	+8.043e+03	+9.902e+03	+0.751
96.000	+4.712e+03	+6.592e+03	+9.202e+03	+0.583
96.100	+2.472e+03	+6.823e+03	+9.946e+03	+0.734
96.200	+4.292e+03	+6.464e+03	+9.788e+03	+0.601
96.300	+2.412e+03	+6.961e+03	+1.017e+04	+0.743
96.400	+3.847e+03	+8.329e+03	+9.541e+03	+0.684
96.500	+2.982e+03	+6.554e+03	+1.091e+04	+0.687
96.600	+3.729e+03	+8.481e+03	+1.066e+04	+0.695
96.700	+3.534e+03	+6.579e+03	+1.057e+04	+0.651
96.800	+3.178e+03	+5.887e+03	+1.080e+04	+0.649
96.900	+3.241e+03	+5.940e+03	+9.579e+03	+0.647
97.000	+3.057e+03	+5.549e+03	+9.772e+03	+0.645
97.100	+3.840e+03	+7.934e+03	+1.007e+04	+0.674
97.200	+4.229e+03	+7.490e+03	+8.689e+03	+0.639
97.300	+1.827e+03	+6.173e+03	+1.057e+04	+0.772
97.400	+2.264e+03	+5.544e+03	+8.484e+03	+0.710
97.500	+3.579e+03	+7.104e+03	+9.877e+03	+0.665
97.600	+2.872e+03	+7.855e+03	+1.095e+04	+0.732
97.700	+2.631e+03	+7.727e+03	+9.537e+03	+0.746
97.800	+1.924e+03	+6.952e+03	+9.342e+03	+0.783
97.900	+3.007e+03	+7.987e+03	+1.122e+04	+0.726
98.000	+3.119e+03	+6.135e+03	+9.362e+03	+0.663
98.100	+3.602e+03	+5.530e+03	+9.777e+03	+0.606
98.200	+2.355e+03	+6.754e+03	+9.839e+03	+0.741
98.300	+3.076e+03	+6.834e+03	+8.625e+03	+0.690
98.400	+2.610e+03	+5.437e+03	+1.147e+04	+0.676
98.500	+3.791e+03	+6.284e+03	+8.403e+03	+0.624
98.600	+2.475e+03	+6.559e+03	+1.003e+04	+0.726
98.700	+2.925e+03	+7.608e+03	+1.117e+04	+0.722
98.800	+4.068e+03	+7.024e+03	+1.042e+04	+0.633
98.900	+2.829e+03	+6.694e+03	+9.752e+03	+0.703
99.000	+5.161e+03	+6.574e+03	+9.947e+03	+0.560
99.100	+2.205e+03	+7.561e+03	+1.014e+04	+0.774
99.200	+3.542e+03	+6.363e+03	+9.730e+03	+0.642
99.300	+2.270e+03	+7.076e+03	+9.717e+03	+0.757
99.400	+2.718e+03	+8.600e+03	+1.091e+04	+0.760
99.500	+3.622e+03	+6.937e+03	+1.039e+04	+0.657
99.600	+2.296e+03	+6.019e+03	+1.016e+04	+0.724
99.700	+3.312e+03	+7.311e+03	+1.026e+04	+0.688
99.800	+4.264e+03	+7.119e+03	+1.065e+04	+0.625
99.900	+3.888e+03	+6.963e+03	+1.090e+04	+0.642
100.000	+2.615e+03	+7.130e+03	+9.097e+03	+0.732
100.100	+5.675e+03	+3.213e+03	+1.010e+04	+0.362
100.200	+6.727e+03	+2.754e+03	+8.638e+03	+0.290
100.300	+7.428e+03	+4.000e+03	+9.496e+03	+0.350
100.400	+5.967e+03	+2.440e+03	+1.017e+04	+0.290
100.500	+7.801e+03	+2.633e+03	+9.445e+03	+0.252
100.600	+8.006e+03	+2.773e+03	+1.029e+04	+0.257
100.700	+6.808e+03	+3.361e+03	+1.060e+04	+0.331
100.800	+7.190e+03	+1.511e+03	+1.018e+04	+0.174
100.900	+5.704e+03	+3.656e+03	+9.478e+03	+0.391
101.000	+5.961e+03	+2.325e+03	+9.857e+03	+0.281
101.100	+6.322e+03	+3.525e+03	+1.078e+04	+0.358
101.200	+7.754e+03	+3.481e+03	+9.146e+03	+0.310
101.300	+7.931e+03	+2.308e+03	+1.053e+04	+0.225
101.400	+7.895e+03	+3.139e+03	+1.039e+04	+0.285
101.500	+7.138e+03	+3.044e+03	+1.006e+04	+0.299
101.600	+8.446e+03	+5.407e+02	+1.105e+04	+0.060
101.700	+3.442e+03	+5.958e+03	+9.795e+03	+0.634
101.800	+2.387e+03	+6.782e+03	+9.464e+03	+0.740
101.900	+2.555e+03	+6.919e+03	+1.102e+04	+0.730
102.000	+2.673e+03	+6.388e+03	+9.726e+03	+0.705
102.100	+1.236e+03	+5.639e+03	+9.627e+03	+0.820
102.200	+3.390e+03	+6.569e+03	+9.191e+03	+0.660
102.300	+4.195e+03	+7.634e+03	+1.036e+04	+0.645
102.400	+3.841e+03	+6.987e+03	+1.017e+04	+0.645
102.500	+4.384e+03	+6.597e+03	+9.985e+03	+0.601
102.600	+2.565e+03	+7.208e+03	+1.070e+04	+0.738
102.700	+2.555e+03	+6.698e+03	+1.024e+04	+0.724
102.800	+4.390e+03	+5.157e+03	+8.919e+03	+0.540
102.900	+5.629e+03	+4.381e+03	+9.510e+03	+0.438
103.000	+7.147e+03	+3.143e+03	+8.803e+03	+0.305
103.100	+7.526e+03	+1.057e+03	+9.857e+03	+0.123
103.200	+9.147e+03	+3.297e+03	+9.149e+03	+0.265
103.300	+6.851e+03	+1.261e+03	+9.580e+03	+0.155
103.400	+7.844e+03	+3.816e+03	+1.118e+04	+0.327
103.500	+7.075e+03	+4.116e+03	+1.074e+04	+0.368
103.600	+7.300e+03	+3.074e+03	+9.859e+03	+0.296
103.700	+6.943e+03	+1.707e+03	+7.549e+03	+0.197
103.800	+5.044e+03	+3.334e+03	+1.065e+04	+0.398
103.900	+6.221e+03	+2.679e+03	+8.990e+03	+0.301
104.000	+8.193e+03	+5.452e+03	+8.768e+03	+0.400
104.100	+6.988e+03	+2.607e+03	+1.023e+04	+0.272
104.200	+7.666e+03	+2.751e+03	+9.185e+03	+0.264
104.300	+7.068e+03	+2.983e+03	+1.074e+04	+0.297
104.400	+4.980e+03	+3.185e+03	+1.001e+04	+0.390
104.500	+5.606e+03	+2.023e+03	+1.056e+04	+0.265
104.600	+6.675e+03	+3.430e+03	+9.521e+03	+0.339
104.700	+7.885e+03	+3.646e+03	+9.820e+03	+0.316
104.800	+7.637e+03	+2.127e+03	+1.055e+04	+0.218
104.900	+6.829e+03	+4.229e+03	+7.536e+03	+0.382
105.000	+7.692e+03	+3.192e+03	+9.830e+03	+0.293
105.100	+5.890e+03	+2.827e+03	+8.879e+03	+0.324
105.200	+6.544e+03	+3.194e+03	+8.698e+03	+0.328
105.300	+6.568e+03	+3.403e+03	+9.869e+03	+0.341
105.400	+7.385e+03	+1.993e+03	+7.930e+03	+0.213
105.500	+8.016e+03	+3.961e+03	+9.802e+03	+0.331
105.600	+7.109e+03	+2.367e+03	+9.410e+03	+0.250
105.700	+7.608e+03	+4.862e+03	+9.530e+03	+0.390
105.800	+7.256e+03	+3.849e+03	+9.339e+03	+0.347
105.900	+7.610e+03	+2.042e+03	+9.696e+03	+0.212
106.000	+6.795e+03	+2.751e+03	+1.069e+04	+0.288
106.100	+7.968e+03	+3.385e+03	+1.034e+04	+0.298
106.200	+6.791e+03	+2.468e+03	+8.489e+03	+0.267
106.300	+8.204e+03	+1.720e+03	+1.003e+04	+0.173
106.400	+7.341e+03	+2.934e+03	+9.558e+03	+0.286
106.500	+6.301e+03	+2.098e+03	+9.541e+03	+0.250
106.600	+6.945e+03	+3.181e+03	+1.015e+04	+0.314
106.700	+4.593e+03	+6.357e+03	+1.103e+04	+0.581
106.800	+2.032e+03	+7.233e+03	+1.061e+04	+0.781
106.900	+4.476e+03	+6.777e+03	+1.037e+04	+0.602
107.000	+3.624e+03	+6.772e+03	+1.052e+04	+0.651
107.100	+2.290e+03	+6.842e+03	+9.349e+03	+0.749
107.200	+2.390e+03	+7.186e+03	+1.102e+04	+0.750
107.300	+3.028e+03	+7.582e+03	+1.070e+04	+0.715
107.400	+2.627e+03	+7.722e+03	+8.583e+03	+0.746
107.500	+1.879e+03	+5.785e+03	+1.011e+04	+0.755
107.600	+2.596e+03	+6.398e+03	+8.828e+03	+0.711
107.700	+2.232e+03	+5.808e+03	+9.129e+03	+0.722
107.800	+3.543e+03	+7.626e+03	+1.048e+04	+0.683
107.900	+4.153e+03	+7.000e+03	+9.248e+03	+0.628
108.000	+2.964e+03	+8.166e+03	+8.114e+03	+0.734
108.100	+2.450e+03	+5.691e+03	+1.059e+04	+0.699
108.200	+3.693e+03	+8.451e+03	+8.872e+03	+0.696
108.300	+2.954e+03	+8.153e+03	+1.126e+04	+0.734
108.400	+2.864e+03	+6.950e+03	+9.149e+03	+0.708
108.500	+1.940e+03	+6.200e+03	+1.110e+04	+0.762
108.600	+2.458e+03	+6.960e+03	+1.108e+04	+0.739
108.700	+2.810e+03	+7.696e+03	+1.013e+04	+0.733
108.800	+2.834e+03	+7.319e+03	+1.106e+04	+0.721
108.900	+2.960e+03	+5.291e+03	+1.086e+04	+0.641
109.000	+3.626e+03	+6.607e+03	+9.690e+03	+0.646
109.100	+7.398e+03	+3.989e+03	+1.030e+04	+0.350
109.200	+7.764e+03	+1.658e+03	+9.118e+03	+0.176
109.300	+6.852e+03	+3.044e+03	+1.074e+04	+0.308
109.400	+7.144e+03	+3.026e+03	+1.060e+04	+0.298
109.500	+6.550e+03	+3.072e+03	+9.177e+03	+0.319
109.600	+7.426e+03	+2.960e+03	+1.110e+04	+0.285
109.700	+6.423e+03	+1.899e+03	+9.725e+03	+0.228
109.800	+6.821e+03	+2.173e+03	+1.131e+04	+0.242
109.900	+6.417e+03	+4.130e+03	+1.016e+04	+0.392
110.000	+6.257e+03	+3.142e+03	+1.044e+04	+0.334
110.100	+2.561e+03	+6.127e+03	+9.394e+03	+0.705
110.200	+4.303e+03	+7.637e+03	+9.494e+03	+0.640
110.300	+3.270e+03	+8.459e+03	+1.011e+04	+0.721
110.400	+4.363e+03	+6.887e+03	+1.078e+04	+0.612
110.500	+2.482e+03	+6.301e+03	+1.069e+04	+0.717
110.600	+2.626e+03	+7.877e+03	+9.692e+03	+0.750
110.700	+2.344e+03	+6.971e+03	+9.490e+03	+0.748
110.800	+1.049e+03	+8.922e+03	+1.101e+04	+0.895
110.900	+2.381e+03	+6.387e+03	+1.041e+04	+0.728
111.000	+3.654e+03	+6.120e+03	+8.928e+03	+0.626
111.100	+4.709e+03	+8.671e+03	+1.013e+04	+0.648
111.200	+4.201e+03	+6.701e+03	+1.019e+04	+0.615
111.300	+6.743e+03	+3.485e+03	+9.971e+03	+0.341
111.400	+6.975e+03	+2.263e+03	+1.067e+04	+0.245
111.500	+7.764e+03	+2.892e+03	+1.009e+04	+0.271
111.600	+7.276e+03	+2.363e+03	+1.072e+04	+0.245
111.700	+3.529e+03	+7.169e+03	+9.178e+03	+0.670
111.800	+2.916e+03	+7.113e+03	+9.396e+03	+0.709
111.900	+2.177e+03	+5.988e+03	+9.630e+03	+0.733
112.000	+2.237e+03	+7.477e+03	+9.981e+03	+0.770
112.100	+2.922e+03	+7.627e+03	+1.065e+04	+0.723
112.200	+2.709e+03	+7.780e+03	+1.047e+04	+0.742
112.300	+1.280e+03	+5.425e+03	+1.003e+04	+0.809
112.400	+2.241e+03	+7.540e+03	+9.988e+03	+0.771
112.500	+2.239e+03	+6.309e+03	+1.055e+04	+0.738
112.600	+4.102e+03	+5.553e+03	+9.963e+03	+0.575
112.700	+6.101e+03	+3.397e+03	+9.658e+03	+0.358
112.800	+2.092e+03	+6.004e+03	+1.204e+04	+0.742
112.900	+3.511e+03	+7.977e+03	+9.386e+03	+0.694
113.000	+1.619e+03	+8.078e+03	+9.739e+03	+0.833
113.100	+2.750e+03	+6.318e+03	+1.065e+04	+0.697
113.200	+2.646e+03	+7.270e+03	+1.139e+04	+0.733
113.300	+3.234e+03	+7.053e+03	+8.355e+03	+0.686
113.400	+3.265e+03	+6.134e+03	+9.137e+03	+0.653
113.500	+3.010e+03	+7.849e+03	+1.016e+04	+0.723
113.600	+3.928e+03	+4.399e+03	+1.049e+04	+0.528
113.700	+3.647e+03	+7.323e+03	+1.024e+04	+0.668
113.800	+3.483e+03	+6.854e+03	+1.007e+04	+0.663
113.900	+4.233e+03	+7.116e+03	+1.004e+04	+0.627
114.000	+2.548e+03	+7.186e+03	+8.844e+03	+0.738
114.100	+3.750e+03	+6.333e+03	+1.103e+04	+0.628
114.200	+2.711e+03	+6.537e+03	+9.632e+03	+0.707
114.300	+2.037e+03	+7.432e+03	+9.077e+03	+0.785
114.400	+2.971e+03	+6.267e+03	+1.093e+04	+0.678
114.500	+2.492e+03	+4.975e+03	+1.034e+04	+0.666
114.600	+3.835e+03	+6.548e+03	+1.043e+04	+0.631
114.700	+3.233e+03	+6.526e+03	+1.039e+04	+0.669
114.800	+2.198e+03	+8.508e+03	+9.277e+03	+0.795
114.900	+2.688e+03	+8.073e+03	+7.966e+03	+0.750
115.000	+2.191e+03	+6.175e+03	+1.055e+04	+0.738
115.100	+3.459e+03	+6.435e+03	+8.858e+03	+0.650
115.200	+4.911e+03	+5.970e+03	+1.060e+04	+0.549
115.300	+7.014e+03	+3.767e+03	+9.267e+03	+0.349
115.400	+8.050e+03	+2.987e+03	+1.026e+04	+0.271
115.500	+8.313e+03	+5.037e+03	+1.005e+04	+0.377
115.600	+7.201e+03	+2.368e+03	+9.949e+03	+0.248
115.700	+9.040e+03	+3.743e+03	+1.018e+04	+0.293
115.800	+6.684e+03	+3.438e+03	+9.443e+03	+0.340
115.900	+7.775e+03	+3.641e+03	+1.015e+04	+0.319
116.000	+3.598e+03	+7.606e+03	+1.016e+04	+0.679
116.100	+3.519e+03	+6.713e+03	+1.074e+04	+0.656
116.200	+3.710e+03	+7.028e+03	+1.003e+04	+0.654
116.300	+2.749e+03	+8.195e+03	+1.002e+04	+0.749
116.400	+4.145e+03	+7.410e+03	+9.229e+03	+0.641
116.500	+2.985e+03	+7.808e+03	+1.136e+04	+0.723
116.600	+1.553e+03	+6.482e+03	+8.799e+03	+0.807
116.700	+2.890e+03	+6.440e+03	+1.047e+04	+0.690
116.800	+2.422e+03	+5.943e+03	+9.455e+03	+0.710
116.900	+4.829e+03	+7.111e+03	+1.116e+04	+0.596
117.000	+3.715e+03	+5.734e+03	+1.146e+04	+0.607
117.100	+2.913e+03	+8.944e+03	+9.690e+03	+0.754
117.200	+2.781e+03	+6.545e+03	+9.816e+03	+0.702
117.300	+2.614e+03	+6.944e+03	+1.054e+04	+0.726
117.400	+2.240e+03	+7.020e+03	+1.070e+04	+0.758
117.500	+1.409e+03	+6.645e+03	+9.823e+03	+0.825
117.600	+2.956e+03	+8.681e+03	+9.940e+03	+0.746
117.700	+1.881e+03	+7.799e+03	+1.042e+04	+0.806
117.800	+2.290e+03	+8.430e+03	+9.641e+03	+0.786
117.900	+2.599e+03	+7.527e+03	+8.946e+03	+0.743
118.000	+2.757e+03	+8.280e+03	+9.953e+03	+0.750
118.100	+6.415e+03	+3.984e+03	+1.036e+04	+0.383
118.200	+5.971e+03	+2.482e+03	+1.028e+04	+0.294
118.300	+6.444e+03	+2.339e+03	+1.095e+04	+0.266
118.400	+6.835e+03	+2.114e+03	+9.888e+03	+0.236
118.500	+3.834e+03	+6.338e+03	+1.006e+04	+0.623
118.600	+3.187e+03	+6.502e+03	+1.066e+04	+0.671
118.700	+2.096e+03	+6.829e+03	+1.132e+04	+0.765
118.800	+3.268e+03	+6.849e+03	+1.057e+04	+0.677
118.900	+3.733e+03	+8.924e+03	+9.457e+03	+0.705
119.000	+4.122e+03	+7.119e+03	+1.125e+04	+0.633
119.100	+1.882e+03	+6.231e+03	+9.851e+03	+0.768
119.200	+2.102e+03	+6.190e+03	+9.783e+03	+0.746
119.300	+3.741e+03	+5.954e+03	+1.033e+04	+0.614
119.400	+2.635e+03	+7.586e+03	+1.116e+04	+0.742
119.500	+3.666e+03	+8.551e+03	+9.394e+03	+0.700
119.600	+4.271e+03	+6.668e+03	+1.063e+04	+0.610
119.700	+2.889e+03	+6.885e+03	+1.076e+04	+0.704
119.800	+2.842e+03	+6.729e+03	+1.084e+04	+0.703
119.900	+2.398e+03	+4.625e+03	+9.859e+03	+0.659
120.000	+2.092e+03	+7.427e+03	+1.005e+04	+0.780
120.100	+6.109e+03	+2.586e+03	+9.958e+03	+0.297
120.200	+7.733e+03	+2.055e+03	+9.910e+03	+0.210
120.300	+7.234e+03	+2.282e+03	+1.080e+04	+0.240
120.400	+6.823e+03	+3.177e+03	+9.482e+03	+0.318
120.500	+6.924e+03	+3.397e+03	+9.422e+03	+0.329
120.600	+4.778e+03	+3.100e+03	+9.719e+03	+0.394
120.700	+7.350e+03	+2.297e+03	+9.272e+03	+0.238
120.800	+6.859e+03	+2.155e+03	+9.771e+03	+0.239
120.900	+4.396e+03	+5.138e+03	+8.960e+03	+0.539
121.000	+3.153e+03	+8.725e+03	+9.765e+03	+0.735
121.100	+7.253e+03	+3.292e+03	+9.178e+03	+0.312
121.200	+7.167e+03	+2.317e+03	+1.023e+04	+0.244
121.300	+7.496e+03	+2.789e+03	+1.001e+04	+0.271
121.400	+4.948e+03	+4.170e+03	+9.651e+03	+0.457
121.500	+2.528e+03	+7.286e+03	+1.048e+04	+0.742
121.600	+3.035e+03	+5.970e+03	+1.009e+04	+0.663
121.700	+4.749e+03	+4.787e+03	+9.514e+03	+0.502
121.800	+6.346e+03	+3.594e+03	+9.785e+03	+0.362
121.900	+7.225e+03	+1.908e+03	+9.798e+03	+0.209
122.000	+7.460e+03	+2.718e+03	+9.320e+03	+0.267
122.100	+7.482e+03	+2.876e+03	+9.699e+03	+0.278
122.200	+6.866e+03	+3.359e+03	+8.139e+03	+0.328
122.300	+6.510e+03	+3.815e+03	+1.115e+04	+0.369
122.400	+7.754e+03	+2.963e+03	+1.061e+04	+0.276
122.500	+7.860e+03	+1.553e+03	+1.136e+04	+0.165
122.600	+8.045e+03	+2.766e+03	+1.018e+04	+0.256
122.700	+7.074e+03	+3.985e+03	+1.133e+04	+0.360
122.800	+7.013e+03	+3.049e+03	+1.037e+04	+0.303
122.900	+7.202e+03	+1.983e+03	+1.040e+04	+0.216
123.000	+7.262e+03	+3.778e+03	+8.561e+03	+0.342
123.100	+7.038e+03	+3.751e+03	+8.770e+03	+0.348
123.200	+6.611e+03	+1.612e+03	+1.019e+04	+0.196
123.300	+6.940e+03	+4.646e+03	+1.018e+04	+0.401
123.400	+7.293e+03	+2.296e+03	+1.073e+04	+0.239
123.500	+7.047e+03	+3.095e+03	+9.943e+03	+0.305
123.600	+7.252e+03	+2.479e+03	+1.214e+04	+0.255
123.700	+9.283e+03	+2.732e+03	+1.139e+04	+0.227
123.800	+5.895e+03	+2.988e+03	+1.007e+04	+0.336
123.900	+5.073e+03	+2.955e+03	+9.796e+03	+0.368
124.000	+5.912e+03	+4.492e+03	+9.673e+03	+0.432
124.100	+2.845e+03	+6.723e+03	+8.743e+03	+0.703
124.200	+2.775e+03	+6.653e+03	+9.447e+03	+0.706
124.300	+3.074e+03	+7.394e+03	+1.023e+04	+0.706
124.400	+3.507e+03	+6.817e+03	+1.055e+04	+0.660
124.500	+3.008e+03	+7.485e+03	+1.099e+04	+0.713
124.600	+4.181e+03	+6.819e+03	+1.112e+04	+0.620
124.700	+3.657e+03	+7.338e+03	+1.037e+04	+0.667
124.800	+3.698e+03	+8.184e+03	+1.047e+04	+0.689
124.900	+2.220e+03	+6.967e+03	+8.711e+03	+0.758
125.000	+2.619e+03	+7.772e+03	+9.660e+03	+0.748
125.100	+3.800e+03	+9.111e+03	+1.013e+04	+0.706
125.200	+2.547e+03	+6.362e+03	+9.798e+03	+0.714
125.300	+2.905e+03	+6.027e+03	+1.167e+04	+0.675
125.400	+3.401e+03	+7.290e+03	+1.059e+04	+0.682
125.500	+1.863e+03	+7.755e+03	+9.443e+03	+0.806
125.600	+2.253e+03	+7.493e+03	+1.233e+04	+0.769
125.700	+3.379e+03	+7.134e+03	+1.038e+04	+0.679
125.800	+3.263e+03	+8.068e+03	+1.068e+04	+0.712
125.900	+2.605e+03	+6.902e+03	+9.907e+03	+0.726
126.000	+3.493e+03	+7.588e+03	+8.789e+03	+0.685
126.100	+3.250e+03	+6.760e+03	+8.871e+03	+0.675
126.200	+2.745e+03	+6.109e+03	+7.909e+03	+0.690
126.300	+2.420e+03	+6.803e+03	+1.204e+04	+0.738
126.400	+4.819e+03	+5.571e+03	+1.107e+04	+0.536
126.500	+2.582e+03	+6.267e+03	+9.176e+03	+0.708
126.600	+3.331e+03	+6.056e+03	+1.035e+04	+0.645
126.700	+3.787e+03	+7.632e+03	+1.023e+04	+0.668
126.800	+3.406e+03	+6.773e+03	+1.001e+04	+0.665
126.900	+3.876e+03	+7.071e+03	+1.125e+04	+0.646
127.000	+2.778e+03	+7.377e+03	+9.682e+03	+0.726
127.100	+2.047e+03	+6.575e+03	+1.008e+04	+0.763
127.200	+2.203e+03	+8.562e+03	+1.017e+04	+0.795
127.300	+2.730e+03	+8.181e+03	+9.147e+03	+0.750
127.400	+3.739e+03	+6.990e+03	+1.116e+04	+0.652
127.500	+2.601e+03	+7.058e+03	+1.157e+04	+0.731
127.600	+4.119e+03	+7.360e+03	+1.042e+04	+0.641
127.700	+3.424e+03	+6.568e+03	+9.311e+03	+0.657
127.800	+2.737e+03	+4.581e+03	+9.302e+03	+0.626
127.900	+3.497e+03	+6.573e+03	+1.016e+04	+0.653
128.000	+1.168e+03	+6.251e+03	+1.029e+04	+0.843
128.100	+2.775e+03	+6.040e+03	+1.056e+04	+0.685
128.200	+2.135e+03	+6.130e+03	+9.945e+03	+0.742
128.300	+3.649e+03	+7.767e+03	+9.616e+03	+0.680
128.400	+3.563e+03	+5.989e+03	+1.020e+04	+0.627
128.500	+1.810e+03	+7.367e+03	+1.088e+04	+0.803
128.600	+2.440e+03	+8.307e+03	+1.042e+04	+0.773
128.700	+3.942e+03	+8.377e+03	+9.804e+03	+0.680
128.800	+3.265e+03	+7.810e+03	+1.072e+04	+0.705
128.900	+2.525e+03	+7.105e+03	+9.919e+03	+0.738
129.000	+2.273e+03	+6.456e+03	+1.099e+04	+0.740
