%t (s)	Idd (a.u.)	Ida (a.u.)	Iaa (a.u.)	FRET E
0.000	+3.428e+03	+6.305e+03	+1.096e+04	+0.648
0.100	+2.905e+03	+7.009e+03	+9.940e+03	+0.707
0.200	+2.073e+03	+6.798e+03	+1.006e+04	+0.766
0.300	+2.331e+03	+7.331e+03	+9.284e+03	+0.759
0.400	+3.444e+03	+5.745e+03	+1.014e+04	+0.625
0.500	+4.274e+03	+5.033e+03	+9.390e+03	+0.541
0.600	+2.768e+03	+5.931e+03	+1.013e+04	+0.682
0.700	+2.547e+03	+6.694e+03	+9.374e+03	+0.724
0.800	+2.314e+03	+6.763e+03	+1.071e+04	+0.745
0.900	+4.487e+03	+6.497e+03	+9.297e+03	+0.591
1.000	+2.210e+03	+6.249e+03	+9.561e+03	+0.739
1.100	+4.544e+03	+5.242e+03	+1.021e+04	+0.536
1.200	+3.732e+03	+6.743e+03	+9.102e+03	+0.644
1.300	+3.224e+03	+6.962e+03	+1.008e+04	+0.683
1.400	+5.023e+03	+5.583e+03	+1.082e+04	+0.526
1.500	+6.718e+03	+2.185e+03	+1.050e+04	+0.245
1.600	+7.846e+03	+2.439e+03	+9.481e+03	+0.237
1.700	+7.579e+03	+2.065e+03	+1.075e+04	+0.214
1.800	+6.495e+03	+3.334e+03	+9.308e+03	+0.339
1.900	+6.956e+03	+2.885e+03	+1.014e+04	+0.293
2.000	+7.034e+03	+3.051e+03	+9.348e+03	+0.303
2.100	+8.056e+03	+3.190e+03	+1.013e+04	+0.284
2.200	+6.342e+03	+4.012e+03	+1.084e+04	+0.387
2.300	+6.448e+03	+3.254e+03	+1.014e+04	+0.335
2.400	+8.190e+03	+3.200e+03	+8.916e+03	+0.281
2.500	+6.840e+03	+2.047e+03	+9.492e+03	+0.230
2.600	+6.829e+03	+2.048e+03	+1.077e+04	+0.231
2.700	+7.479e+03	+3.235e+03	+9.133e+03	+0.302
2.800	+6.142e+03	+1.999e+03	+9.199e+03	+0.246
2.900	+7.312e+03	+2.788e+03	+9.018e+03	+0.276
3.000	+6.771e+03	+1.295e+03	+1.118e+04	+0.161
3.100	+6.124e+03	+1.275e+03	+9.773e+03	+0.172
3.200	+4.823e+03	+3.121e+03	+9.446e+03	+0.393
3.300	+6.020e+03	+3.234e+03	+9.841e+03	+0.350
3.400	+7.346e+03	+2.144e+03	+1.007e+04	+0.226
3.500	+6.309e+03	+3.261e+03	+9.622e+03	+0.341
3.600	+7.404e+03	+2.695e+03	+1.064e+04	+0.267
3.700	+6.491e+03	+2.055e+03	+1.013e+04	+0.240
3.800	+7.060e+03	+3.816e+03	+1.047e+04	+0.351
3.900	+4.030e+03	+6.889e+03	+9.316e+03	+0.631
4.000	+2.069e+03	+6.244e+03	+1.046e+04	+0.751
4.100	+2.249e+03	+6.354e+03	+1.005e+04	+0.739
4.200	+4.039e+03	+7.098e+03	+9.209e+03	+0.637
4.300	+3.292e+03	+5.694e+03	+9.191e+03	+0.634
4.400	+2.767e+03	+7.099e+03	+8.666e+03	+0.720
4.500	+2.625e+03	+6.115e+03	+9.406e+03	+0.700
4.600	+2.529e+03	+7.170e+03	+1.059e+04	+0.739
4.700	+4.542e+03	+8.661e+03	+9.269e+03	+0.656
4.800	+3.244e+03	+8.041e+03	+1.108e+04	+0.713
4.900	+3.645e+03	+8.538e+03	+8.520e+03	+0.701
5.000	+3.466e+03	+7.415e+03	+9.882e+03	+0.682
5.100	+1.863e+03	+6.868e+03	+1.063e+04	+0.787
5.200	+3.121e+03	+5.381e+03	+9.904e+03	+0.633
5.300	+1.836e+03	+5.992e+03	+1.027e+04	+0.765
5.400	+2.826e+03	+7.208e+03	+9.593e+03	+0.718
5.500	+3.344e+03	+6.301e+03	+1.037e+04	+0.653
5.600	+3.022e+03	+7.621e+03	+9.653e+03	+0.716
5.700	+2.156e+03	+7.123e+03	+1.170e+04	+0.768
5.800	+2.272e+03	+6.054e+03	+1.110e+04	+0.727
5.900	+2.940e+03	+7.141e+03	+9.966e+03	+0.708
6.000	+4.053e+03	+6.266e+03	+9.423e+03	+0.607
6.100	+4.446e+03	+7.878e+03	+9.393e+03	+0.639
6.200	+4.033e+03	+6.898e+03	+1.017e+04	+0.631
6.300	+3.340e+03	+6.443e+03	+9.977e+03	+0.659
6.400	+2.964e+03	+8.759e+03	+9.927e+03	+0.747
6.500	+3.184e+03	+7.349e+03	+9.231e+03	+0.698
6.600	+2.943e+03	+7.331e+03	+9.298e+03	+0.714
6.700	+4.250e+03	+7.315e+03	+1.022e+04	+0.633
6.800	+3.470e+03	+6.195e+03	+8.786e+03	+0.641
6.900	+2.122e+03	+5.589e+03	+1.049e+04	+0.725
7.000	+2.076e+03	+6.982e+03	+1.005e+04	+0.771
7.100	+4.327e+03	+8.269e+03	+1.036e+04	+0.656
7.200	+2.763e+03	+6.908e+03	+9.302e+03	+0.714
7.300	+2.182e+03	+7.746e+03	+8.892e+03	+0.780
7.400	+2.445e+03	+8.377e+03	+9.924e+03	+0.774
7.500	+3.138e+03	+7.228e+03	+9.556e+03	+0.697
7.600	+1.501e+03	+6.929e+03	+1.013e+04	+0.822
7.700	+2.031e+03	+6.465e+03	+1.003e+04	+0.761
7.800	+2.852e+03	+7.187e+03	+1.003e+04	+0.716
7.900	+2.252e+03	+6.946e+03	+1.114e+04	+0.755
8.000	+3.118e+03	+6.861e+03	+9.882e+03	+0.688
8.100	+4.218e+03	+5.513e+03	+9.793e+03	+0.567
8.200	+4.810e+03	+4.094e+03	+1.038e+04	+0.460
8.300	+7.658e+03	+3.201e+03	+1.031e+04	+0.295
8.400	+7.418e+03	+3.933e+03	+1.042e+04	+0.346
8.500	+7.775e+03	+2.525e+03	+1.037e+04	+0.245
8.600	+6.412e+03	+2.468e+03	+9.006e+03	+0.278
8.700	+7.139e+03	+3.838e+03	+9.897e+03	+0.350
8.800	+6.843e+03	+3.435e+03	+1.021e+04	+0.334
8.900	+7.033e+03	+2.099e+03	+1.020e+04	+0.230
9.000	+6.284e+03	+3.953e+03	+9.322e+03	+0.386
9.100	+3.660e+03	+5.041e+03	+1.039e+04	+0.579
9.200	+5.631e+03	+4.616e+03	+1.006e+04	+0.450
9.300	+7.179e+03	+3.226e+03	+9.816e+03	+0.310
9.400	+6.117e+03	+2.974e+03	+9.682e+03	+0.327
9.500	+7.708e+03	+2.839e+03	+8.252e+03	+0.269
9.600	+6.127e+03	+2.931e+03	+1.103e+04	+0.324
9.700	+7.101e+03	+2.308e+03	+1.001e+04	+0.245
9.800	+8.178e+03	+1.800e+03	+9.914e+03	+0.180
9.900	+6.734e+03	+3.531e+03	+8.481e+03	+0.344
10.000	+6.879e+03	+2.090e+03	+1.022e+04	+0.233
10.100	+7.251e+03	+2.466e+03	+1.073e+04	+0.254
10.200	+6.382e+03	+3.362e+03	+1.013e+04	+0.345
10.300	+7.553e+03	+2.876e+03	+1.049e+04	+0.276
10.400	+6.387e+03	+3.512e+03	+9.828e+03	+0.355
10.500	+6.111e+03	+3.479e+03	+9.393e+03	+0.363
10.600	+7.524e+03	+2.854e+03	+1.049e+04	+0.275
10.700	+7.917e+03	+3.670e+03	+1.024e+04	+0.317
10.800	+6.505e+03	+2.983e+03	+9.638e+03	+0.314
10.900	+7.748e+03	+3.109e+03	+9.193e+03	+0.286
11.000	+7.466e+03	+3.988e+03	+9.991e+03	+0.348
11.100	+7.197e+03	+2.147e+03	+9.799e+03	+0.230
11.200	+7.293e+03	+2.993e+03	+9.533e+03	+0.291
11.300	+6.884e+03	+2.951e+03	+1.123e+04	+0.300
11.400	+6.173e+03	+2.684e+03	+9.942e+03	+0.303
11.500	+6.202e+03	+2.202e+03	+9.735e+03	+0.262
11.600	+4.694e+03	+3.524e+03	+1.051e+04	+0.429
11.700	+3.240e+03	+7.417e+03	+9.593e+03	+0.696
11.800	+1.371e+03	+6.050e+03	+9.151e+03	+0.815
11.900	+3.990e+03	+7.819e+03	+9.502e+03	+0.662
12.000	+6.022e+03	+5.262e+03	+8.851e+03	+0.466
12.100	+6.873e+03	+2.984e+03	+9.190e+03	+0.303
12.200	+6.389e+03	+2.569e+03	+1.102e+04	+0.287
12.300	+6.972e+03	+2.950e+03	+9.886e+03	+0.297
12.400	+6.740e+03	+3.001e+03	+1.144e+04	+0.308
12.500	+5.308e+03	+2.042e+03	+1.049e+04	+0.278
12.600	+6.705e+03	+3.196e+03	+1.081e+04	+0.323
12.700	+5.707e+03	+2.825e+03	+8.739e+03	+0.331
12.800	+7.715e+03	+3.248e+03	+8.634e+03	+0.296
12.900	+7.787e+03	+2.432e+03	+1.186e+04	+0.238
13.000	+8.516e+03	+3.187e+03	+8.816e+03	+0.272
13.100	+9.601e+03	+3.525e+03	+9.253e+03	+0.269
13.200	+7.753e+03	+4.995e+03	+7.880e+03	+0.392
13.300	+6.814e+03	+2.473e+03	+9.163e+03	+0.266
13.400	+8.660e+03	+3.697e+03	+1.110e+04	+0.299
13.500	+6.201e+03	+3.505e+03	+9.373e+03	+0.361
13.600	+6.964e+03	+4.083e+03	+1.057e+04	+0.370
13.700	+6.622e+03	+3.125e+03	+1.017e+04	+0.321
13.800	+8.538e+03	+2.395e+03	+9.449e+03	+0.219
13.900	+6.641e+03	+4.449e+03	+1.048e+04	+0.401
14.000	+6.345e+03	+4.088e+03	+9.618e+03	+0.392
14.100	+7.599e+03	+3.010e+03	+9.088e+03	+0.284
14.200	+5.437e+03	+3.697e+03	+1.081e+04	+0.405
14.300	+6.344e+03	+3.173e+03	+9.612e+03	+0.333
14.400	+5.176e+03	+2.962e+03	+1.048e+04	+0.364
14.500	+7.144e+03	+2.432e+03	+1.113e+04	+0.254
14.600	+7.464e+03	+1.879e+03	+8.223e+03	+0.201
14.700	+6.656e+03	+4.466e+03	+1.010e+04	+0.402
14.800	+7.365e+03	+3.603e+03	+9.222e+03	+0.328
14.900	+7.003e+03	+2.285e+03	+9.189e+03	+0.246
15.000	+7.800e+03	+3.695e+03	+1.105e+04	+0.321
15.100	+6.716e+03	+2.149e+03	+8.198e+03	+0.242
15.200	+7.915e+03	+2.937e+03	+8.576e+03	+0.271
15.300	+6.157e+03	+3.873e+03	+8.130e+03	+0.386
15.400	+7.793e+03	+3.835e+03	+1.157e+04	+0.330
15.500	+6.951e+03	+2.370e+03	+9.578e+03	+0.254
15.600	+6.959e+03	+2.555e+03	+1.041e+04	+0.269
15.700	+5.545e+03	+2.545e+03	+9.210e+03	+0.315
15.800	+6.512e+03	+2.979e+03	+8.250e+03	+0.314
15.900	+6.766e+03	+1.543e+03	+1.166e+04	+0.186
16.000	+3.451e+03	+7.543e+03	+1.022e+04	+0.686
16.100	+2.086e+03	+7.390e+03	+1.033e+04	+0.780
16.200	+3.634e+03	+6.817e+03	+1.021e+04	+0.652
16.300	+1.822e+03	+7.142e+03	+9.992e+03	+0.797
16.400	+4.052e+03	+5.837e+03	+9.659e+03	+0.590
16.500	+3.619e+03	+7.172e+03	+1.087e+04	+0.665
16.600	+4.006e+03	+6.249e+03	+1.034e+04	+0.609
16.700	+2.919e+03	+6.335e+03	+1.030e+04	+0.685
16.800	+1.775e+03	+6.839e+03	+9.482e+03	+0.794
16.900	+1.391e+03	+6.267e+03	+9.618e+03	+0.818
17.000	+3.901e+03	+5.754e+03	+9.464e+03	+0.596
17.100	+2.752e+03	+7.281e+03	+1.019e+04	+0.726
17.200	+2.682e+03	+6.027e+03	+9.523e+03	+0.692
17.300	+4.665e+03	+5.778e+03	+1.025e+04	+0.553
17.400	+6.714e+03	+3.414e+03	+9.675e+03	+0.337
17.500	+8.639e+03	+2.135e+03	+1.044e+04	+0.198
17.600	+6.744e+03	+3.126e+03	+9.810e+03	+0.317
17.700	+6.400e+03	+3.191e+03	+9.935e+03	+0.333
17.800	+6.955e+03	+2.426e+03	+1.094e+04	+0.259
17.900	+7.939e+03	+2.649e+03	+1.026e+04	+0.250
18.000	+6.577e+03	+2.241e+03	+9.576e+03	+0.254
18.100	+7.131e+03	+3.018e+03	+9.179e+03	+0.297
18.200	+6.141e+03	+3.343e+03	+1.094e+04	+0.353
18.300	+4.609e+03	+8.647e+03	+1.058e+04	+0.652
18.400	+3.841e+03	+5.973e+03	+9.502e+03	+0.609
18.500	+2.270e+03	+6.389e+03	+1.165e+04	+0.738
18.600	+3.095e+03	+7.068e+03	+1.102e+04	+0.695
18.700	+2.370e+03	+6.680e+03	+1.154e+04	+0.738
18.800	+3.135e+03	+7.331e+03	+9.756e+03	+0.700
18.900	+4.252e+03	+7.975e+03	+1.099e+04	+0.652
19.000	+3.427e+03	+6.958e+03	+1.029e+04	+0.670
19.100	+1.699e+03	+7.349e+03	+1.027e+04	+0.812
19.200	+2.683e+03	+7.874e+03	+9.928e+03	+0.746
19.300	+6.910e+03	+3.631e+03	+1.054e+04	+0.344
19.400	+7.533e+03	+3.780e+03	+8.384e+03	+0.334
19.500	+5.797e+03	+3.357e+03	+9.971e+03	+0.367
19.600	+5.550e+03	+1.929e+03	+1.045e+04	+0.258
19.700	+4.685e+03	+6.773e+03	+9.634e+03	+0.591
19.800	+2.820e+03	+6.899e+03	+1.005e+04	+0.710
19.900	+2.750e+03	+5.606e+03	+1.127e+04	+0.671
20.000	+2.079e+03	+6.582e+03	+1.027e+04	+0.760
20.100	+2.084e+03	+7.261e+03	+1.016e+04	+0.777
20.200	+2.913e+03	+6.991e+03	+8.381e+03	+0.706
20.300	+2.801e+03	+6.867e+03	+1.068e+04	+0.710
20.400	+7.089e+03	+1.905e+03	+1.092e+04	+0.212
20.500	+7.222e+03	+2.635e+03	+8.718e+03	+0.267
20.600	+7.456e+03	+2.252e+03	+1.037e+04	+0.232
20.700	+7.084e+03	+2.732e+03	+1.040e+04	+0.278
20.800	+7.126e+03	+3.783e+03	+1.019e+04	+0.347
20.900	+6.161e+03	+3.754e+03	+1.095e+04	+0.379
21.000	+6.306e+03	+4.923e+03	+1.038e+04	+0.438
21.100	+3.998e+03	+6.500e+03	+9.862e+03	+0.619
21.200	+2.385e+03	+7.654e+03	+9.689e+03	+0.762
21.300	+1.038e+03	+6.908e+03	+9.599e+03	+0.869
21.400	+1.910e+03	+7.896e+03	+1.032e+04	+0.805
21.500	+3.578e+03	+6.166e+03	+1.012e+04	+0.633
21.600	+2.936e+03	+6.381e+03	+1.150e+04	+0.685
21.700	+3.662e+03	+6.495e+03	+1.101e+04	+0.639
21.800	+3.697e+03	+7.928e+03	+9.168e+03	+0.682
21.900	+3.016e+03	+6.758e+03	+1.056e+04	+0.691
22.000	+2.164e+03	+7.963e+03	+9.206e+03	+0.786
22.100	+2.775e+03	+6.644e+03	+9.840e+03	+0.705
22.200	+3.450e+03	+6.323e+03	+1.062e+04	+0.647
22.300	+5.540e+03	+3.956e+03	+1.052e+04	+0.417
22.400	+6.025e+03	+4.764e+03	+1.144e+04	+0.442
22.500	+5.677e+03	+3.366e+03	+1.023e+04	+0.372
22.600	+4.539e+03	+5.887e+03	+1.072e+04	+0.565
22.700	+3.162e+03	+6.010e+03	+9.218e+03	+0.655
22.800	+3.115e+03	+6.537e+03	+9.848e+03	+0.677
22.900	+3.815e+03	+7.279e+03	+1.085e+04	+0.656
23.000	+1.505e+03	+7.318e+03	+9.235e+03	+0.829
23.100	+2.595e+03	+5.744e+03	+9.481e+03	+0.689
23.200	+2.788e+03	+7.010e+03	+9.458e+03	+0.715
23.300	+4.609e+03	+7.521e+03	+1.038e+04	+0.620
23.400	+2.851e+03	+6.694e+03	+9.545e+03	+0.701
23.500	+2.399e+03	+7.338e+03	+1.038e+04	+0.754
23.600	+2.677e+03	+6.990e+03	+1.120e+04	+0.723
23.700	+3.149e+03	+6.911e+03	+1.010e+04	+0.687
23.800	+7.333e+03	+4.842e+03	+1.082e+04	+0.398
23.900	+2.965e+03	+6.123e+03	+1.014e+04	+0.674
24.000	+5.906e+03	+3.765e+03	+1.001e+04	+0.389
24.100	+8.091e+03	+2.596e+03	+1.236e+04	+0.243
24.200	+5.818e+03	+3.621e+03	+8.915e+03	+0.384
24.300	+7.138e+03	+2.527e+03	+1.177e+04	+0.261
24.400	+6.267e+03	+2.403e+03	+9.397e+03	+0.277
24.500	+2.807e+03	+6.976e+03	+1.108e+04	+0.713
24.600	+2.719e+03	+8.341e+03	+1.012e+04	+0.754
24.700	+5.687e+03	+4.542e+03	+9.922e+03	+0.444
24.800	+5.015e+03	+3.806e+03	+1.008e+04	+0.431
24.900	+6.710e+03	+2.699e+03	+1.026e+04	+0.287
25.000	+6.231e+03	+2.910e+03	+1.007e+04	+0.318
25.100	+7.428e+03	+3.944e+03	+1.031e+04	+0.347
25.200	+5.156e+03	+2.933e+03	+1.074e+04	+0.363
25.300	+6.693e+03	+3.195e+03	+9.028e+03	+0.323
25.400	+5.950e+03	+1.789e+03	+9.986e+03	+0.231
25.500	+6.827e+03	+2.385e+03	+9.833e+03	+0.259
25.600	+6.320e+03	+2.804e+03	+7.924e+03	+0.307
25.700	+5.947e+03	+2.759e+03	+8.178e+03	+0.317
25.800	+7.001e+03	+3.080e+03	+9.508e+03	+0.306
25.900	+8.375e+03	+2.031e+03	+1.069e+04	+0.195
26.000	+6.377e+03	+2.900e+03	+9.742e+03	+0.313
26.100	+8.381e+03	+3.739e+03	+1.063e+04	+0.308
26.200	+5.682e+03	+4.032e+03	+9.761e+03	+0.415
26.300	+6.588e+03	+3.656e+03	+1.005e+04	+0.357
26.400	+6.114e+03	+3.347e+03	+1.001e+04	+0.354
26.500	+7.457e+03	+3.367e+03	+1.024e+04	+0.311
26.600	+5.830e+03	+3.196e+03	+1.086e+04	+0.354
26.700	+7.373e+03	+1.208e+03	+9.065e+03	+0.141
26.800	+8.391e+03	+5.056e+03	+1.003e+04	+0.376
26.900	+7.478e+03	+3.227e+03	+1.055e+04	+0.301
27.000	+7.590e+03	+2.055e+03	+1.051e+04	+0.213
27.100	+7.174e+03	+1.881e+03	+8.928e+03	+0.208
27.200	+5.963e+03	+4.188e+03	+8.651e+03	+0.413
27.300	+8.019e+03	+3.019e+03	+1.151e+04	+0.274
27.400	+7.095e+03	+3.304e+03	+9.756e+03	+0.318
27.500	+5.394e+03	+3.226e+03	+1.028e+04	+0.374
27.600	+3.615e+03	+6.757e+03	+9.782e+03	+0.651
27.700	+6.268e+03	+4.111e+03	+9.752e+03	+0.396
27.800	+4.423e+03	+5.166e+03	+1.007e+04	+0.539
27.900	+2.153e+03	+6.861e+03	+1.133e+04	+0.761
28.000	+3.397e+03	+5.850e+03	+9.345e+03	+0.633
28.100	+3.382e+03	+7.532e+03	+9.404e+03	+0.690
28.200	+3.151e+03	+7.900e+03	+1.088e+04	+0.715
28.300	+1.783e+03	+5.322e+03	+9.420e+03	+0.749
28.400	+3.212e+03	+7.851e+03	+1.100e+04	+0.710
28.500	+2.110e+03	+6.933e+03	+1.035e+04	+0.767
28.600	+2.484e+03	+6.664e+03	+9.781e+03	+0.728
28.700	+5.363e+03	+7.478e+03	+9.620e+03	+0.582
28.800	+3.323e+03	+6.868e+03	+7.913e+03	+0.674
28.900	+1.857e+03	+5.426e+03	+1.043e+04	+0.745
29.000	+3.532e+03	+7.647e+03	+1.018e+04	+0.684
29.100	+3.469e+03	+6.531e+03	+1.109e+04	+0.653
29.200	+3.271e+03	+7.313e+03	+9.629e+03	+0.691
29.300	+2.800e+03	+4.417e+03	+9.790e+03	+0.612
29.400	+3.345e+03	+6.884e+03	+9.327e+03	+0.673
29.500	+2.923e+03	+8.741e+03	+9.382e+03	+0.749
29.600	+2.450e+03	+8.184e+03	+9.069e+03	+0.770
29.700	+2.385e+03	+6.246e+03	+9.727e+03	+0.724
29.800	+2.612e+03	+6.258e+03	+1.039e+04	+0.705
29.900	+3.490e+03	+7.694e+03	+8.522e+03	+0.688
30.000	+1.120e+03	+6.166e+03	+1.049e+04	+0.846
30.100	+3.106e+03	+5.916e+03	+9.841e+03	+0.656
30.200	+2.771e+03	+6.571e+03	+8.352e+03	+0.703
30.300	+4.116e+03	+6.437e+03	+9.646e+03	+0.610
30.400	+7.058e+03	+1.956e+03	+9.742e+03	+0.217
30.500	+6.394e+03	+2.453e+03	+1.016e+04	+0.277
30.600	+6.772e+03	+3.084e+03	+1.005e+04	+0.313
30.700	+7.206e+03	+3.729e+03	+1.016e+04	+0.341
30.800	+2.923e+03	+7.493e+03	+9.518e+03	+0.719
30.900	+3.603e+03	+7.260e+03	+1.009e+04	+0.668
31.000	+3.011e+03	+6.664e+03	+9.664e+03	+0.689
31.100	+1.715e+03	+8.647e+03	+1.022e+04	+0.834
31.200	+4.025e+03	+8.433e+03	+1.062e+04	+0.677
31.300	+3.600e+03	+7.510e+03	+1.009e+04	+0.676
31.400	+1.473e+03	+7.575e+03	+8.946e+03	+0.837
31.500	+2.072e+03	+6.418e+03	+9.192e+03	+0.756
31.600	+2.518e+03	+6.591e+03	+9.054e+03	+0.724
31.700	+3.732e+03	+7.888e+03	+1.088e+04	+0.679
31.800	+3.929e+03	+6.296e+03	+1.065e+04	+0.616
31.900	+1.296e+03	+6.310e+03	+1.041e+04	+0.830
32.000	+2.807e+03	+6.922e+03	+1.035e+04	+0.711
32.100	+2.661e+03	+7.188e+03	+1.080e+04	+0.730
32.200	+2.604e+03	+6.617e+03	+1.029e+04	+0.718
32.300	+1.710e+03	+6.833e+03	+9.721e+03	+0.800
32.400	+2.577e+03	+7.890e+03	+9.880e+03	+0.754
32.500	+2.332e+03	+7.506e+03	+1.093e+04	+0.763
32.600	+1.485e+03	+7.069e+03	+1.098e+04	+0.826
32.700	+2.977e+03	+6.811e+03	+1.069e+04	+0.696
32.800	+2.247e+03	+6.996e+03	+1.072e+04	+0.757
32.900	+2.706e+03	+6.351e+03	+1.008e+04	+0.701
33.000	+4.288e+03	+7.601e+03	+9.126e+03	+0.639
33.100	+2.842e+03	+7.351e+03	+9.397e+03	+0.721
33.200	+2.287e+03	+7.216e+03	+9.741e+03	+0.759
33.300	+4.904e+03	+7.411e+03	+1.035e+04	+0.602
33.400	+1.974e+03	+8.056e+03	+1.101e+04	+0.803
33.500	+2.087e+03	+7.496e+03	+9.823e+03	+0.782
33.600	+2.563e+03	+5.804e+03	+1.162e+04	+0.694
33.700	+3.324e+03	+6.488e+03	+9.492e+03	+0.661
33.800	+4.097e+03	+7.704e+03	+1.041e+04	+0.653
33.900	+3.203e+03	+7.638e+03	+9.918e+03	+0.705
34.000	+2.568e+03	+7.686e+03	+1.083e+04	+0.750
34.100	+1.827e+03	+5.871e+03	+1.015e+04	+0.763
34.200	+2.858e+03	+6.408e+03	+8.893e+03	+0.692
34.300	+3.595e+03	+6.575e+03	+1.146e+04	+0.647
34.400	+3.616e+03	+8.759e+03	+1.007e+04	+0.708
34.500	+2.371e+03	+6.625e+03	+9.628e+03	+0.736
34.600	+4.372e+03	+6.803e+03	+9.530e+03	+0.609
34.700	+8.091e+03	+4.057e+03	+9.645e+03	+0.334
34.800	+6.869e+03	+2.524e+03	+1.043e+04	+0.269
34.900	+6.713e+03	+2.687e+03	+8.438e+03	+0.286
35.000	+7.589e+03	+4.192e+03	+9.914e+03	+0.356
35.100	+8.059e+03	+1.694e+03	+1.073e+04	+0.174
35.200	+6.831e+03	+3.875e+03	+1.091e+04	+0.362
35.300	+6.493e+03	+2.332e+03	+9.280e+03	+0.264
35.400	+7.241e+03	+3.294e+03	+1.109e+04	+0.313
35.500	+7.066e+03	+1.556e+03	+8.936e+03	+0.180
35.600	+5.347e+03	+3.614e+03	+1.012e+04	+0.403
35.700	+8.331e+03	+1.661e+03	+9.561e+03	+0.166
35.800	+7.069e+03	+2.750e+03	+9.116e+03	+0.280
35.900	+6.319e+03	+4.170e+03	+9.958e+03	+0.398
36.000	+5.732e+03	+2.202e+03	+1.102e+04	+0.278
36.100	+7.673e+03	+1.308e+03	+1.013e+04	+0.146
36.200	+5.592e+03	+3.573e+03	+9.826e+03	+0.390
36.300	+7.145e+03	+2.671e+03	+1.076e+04	+0.272
36.400	+6.784e+03	+4.147e+03	+1.099e+04	+0.379
36.500	+6.959e+03	+2.776e+03	+1.026e+04	+0.285
36.600	+6.516e+03	+2.480e+03	+1.032e+04	+0.276
36.700	+6.608e+03	+2.865e+03	+9.898e+03	+0.302
36.800	+7.590e+03	+2.857e+03	+9.969e+03	+0.274
36.900	+5.761e+03	+3.995e+03	+9.860e+03	+0.410
37.000	+6.423e+03	+1.993e+03	+9.924e+03	+0.237
37.100	+6.265e+03	+2.840e+03	+9.448e+03	+0.312
37.200	+6.937e+03	+3.018e+03	+9.341e+03	+0.303
37.300	+5.912e+03	+2.966e+03	+9.302e+03	+0.334
37.400	+6.911e+03	+2.180e+03	+9.594e+03	+0.240
37.500	+4.882e+03	+5.266e+03	+9.376e+03	+0.519
37.600	+3.958e+03	+7.901e+03	+9.421e+03	+0.666
37.700	+4.132e+03	+6.656e+03	+1.011e+04	+0.617
37.800	+4.838e+03	+6.555e+03	+9.323e+03	+0.575
37.900	+2.651e+03	+5.772e+03	+1.067e+04	+0.685
38.000	+3.209e+03	+6.731e+03	+9.896e+03	+0.677
38.100	+4.655e+03	+7.715e+03	+8.714e+03	+0.624
38.200	+3.030e+03	+7.169e+03	+1.045e+04	+0.703
38.300	+2.910e+03	+7.094e+03	+9.886e+03	+0.709
38.400	+2.897e+03	+7.168e+03	+9.030e+03	+0.712
38.500	+3.172e+03	+6.677e+03	+1.072e+04	+0.678
38.600	+4.243e+03	+6.397e+03	+1.081e+04	+0.601
38.700	+3.127e+03	+6.485e+03	+8.974e+03	+0.675
38.800	+3.388e+03	+7.997e+03	+1.008e+04	+0.702
38.900	+2.983e+03	+5.929e+03	+9.656e+03	+0.665
39.000	+5.837e+03	+3.799e+03	+9.833e+03	+0.394
39.100	+7.209e+03	+2.726e+03	+9.994e+03	+0.274
39.200	+6.014e+03	+2.925e+03	+8.554e+03	+0.327
39.300	+6.338e+03	+1.754e+03	+1.035e+04	+0.217
39.400	+6.294e+03	+2.828e+03	+1.126e+04	+0.310
39.500	+6.293e+03	+3.978e+03	+1.164e+04	+0.387
39.600	+7.279e+03	+3.629e+03	+9.974e+03	+0.333
39.700	+7.241e+03	+1.632e+03	+9.966e+03	+0.184
39.800	+5.418e+03	+3.313e+03	+1.015e+04	+0.379
39.900	+5.642e+03	+3.391e+03	+9.604e+03	+0.375
40.000	+6.680e+03	+3.298e+03	+1.054e+04	+0.331
40.100	+6.675e+03	+3.676e+03	+9.670e+03	+0.355
40.200	+6.647e+03	+2.840e+03	+1.122e+04	+0.299
40.300	+5.817e+03	+4.799e+03	+1.111e+04	+0.452
40.400	+1.629e+03	+7.721e+03	+8.558e+03	+0.826
40.500	+4.030e+03	+6.274e+03	+9.727e+03	+0.609
40.600	+3.027e+03	+6.911e+03	+9.945e+03	+0.695
40.700	+2.634e+03	+6.584e+03	+9.954e+03	+0.714
40.800	+5.336e+03	+2.843e+03	+1.010e+04	+0.348
40.900	+7.248e+03	+2.298e+03	+9.030e+03	+0.241
41.000	+6.448e+03	+3.470e+03	+1.120e+04	+0.350
41.100	+6.427e+03	+2.149e+03	+1.151e+04	+0.251
41.200	+7.994e+03	+2.352e+03	+9.381e+03	+0.227
41.300	+3.065e+03	+6.403e+03	+1.095e+04	+0.676
41.400	+4.335e+03	+7.499e+03	+8.619e+03	+0.634
41.500	+3.446e+03	+7.150e+03	+9.932e+03	+0.675
41.600	+2.504e+03	+7.190e+03	+1.111e+04	+0.742
41.700	+2.624e+03	+6.340e+03	+1.054e+04	+0.707
41.800	+2.230e+03	+6.810e+03	+9.920e+03	+0.753
41.900	+3.529e+03	+5.321e+03	+1.047e+04	+0.601
42.000	+2.399e+03	+7.711e+03	+8.709e+03	+0.763
42.100	+3.033e+03	+5.846e+03	+1.012e+04	+0.658
42.200	+3.575e+03	+7.484e+03	+9.628e+03	+0.677
42.300	+3.774e+03	+6.619e+03	+1.081e+04	+0.637
42.400	+3.308e+03	+8.877e+03	+9.849e+03	+0.729
42.500	+2.935e+03	+7.041e+03	+1.082e+04	+0.706
42.600	+3.026e+03	+6.509e+03	+9.753e+03	+0.683
42.700	+2.602e+03	+8.030e+03	+8.307e+03	+0.755
42.800	+1.886e+03	+6.394e+03	+8.556e+03	+0.772
42.900	+5.616e+03	+4.883e+03	+1.015e+04	+0.465
43.000	+6.808e+03	+2.132e+03	+1.040e+04	+0.238
43.100	+6.796e+03	+2.542e+03	+1.031e+04	+0.272
43.200	+7.904e+03	+1.047e+03	+1.022e+04	+0.117
43.300	+5.293e+03	+1.908e+03	+1.130e+04	+0.265
43.400	+6.352e+03	+1.321e+03	+1.058e+04	+0.172
43.500	+7.534e+03	+1.978e+03	+1.079e+04	+0.208
43.600	+6.459e+03	+3.464e+03	+9.895e+03	+0.349
43.700	+7.322e+03	+3.166e+03	+1.100e+04	+0.302
43.800	+6.692e+03	+2.407e+03	+9.222e+03	+0.264
43.900	+6.410e+03	+4.187e+03	+1.034e+04	+0.395
44.000	+7.498e+03	+3.312e+03	+9.587e+03	+0.306
44.100	+7.091e+03	+1.484e+03	+9.212e+03	+0.173
44.200	+6.812e+03	+4.144e+03	+8.810e+03	+0.378
44.300	+6.286e+03	+1.951e+03	+1.054e+04	+0.237
44.400	+6.253e+03	+4.512e+03	+9.681e+03	+0.419
44.500	+6.855e+03	+4.182e+03	+1.070e+04	+0.379
44.600	+7.616e+03	+7.771e+02	+8.911e+03	+0.093
44.700	+8.270e+03	+2.990e+03	+1.032e+04	+0.266
44.800	+7.334e+03	+2.995e+03	+1.027e+04	+0.290
44.900	+5.856e+03	+4.041e+03	+9.458e+03	+0.408
45.000	+6.603e+03	+2.423e+03	+9.921e+03	+0.268
45.100	+5.910e+03	+2.874e+03	+1.013e+04	+0.327
45.200	+6.745e+03	+4.247e+03	+9.767e+03	+0.386
45.300	+7.337e+03	+3.318e+03	+1.063e+04	+0.311
45.400	+6.238e+03	+1.464e+03	+1.023e+04	+0.190
45.500	+2.945e+03	+6.234e+03	+9.534e+03	+0.679
45.600	+2.015e+03	+5.745e+03	+9.415e+03	+0.740
45.700	+2.828e+03	+7.759e+03	+9.164e+03	+0.733
45.800	+3.182e+03	+7.286e+03	+9.671e+03	+0.696
45.900	+3.451e+03	+5.561e+03	+1.181e+04	+0.617
46.000	+2.596e+03	+6.455e+03	+9.854e+03	+0.713
46.100	+3.449e+03	+5.217e+03	+9.250e+03	+0.602
46.200	+3.770e+03	+7.057e+03	+8.764e+03	+0.652
46.300	+3.574e+03	+5.979e+03	+1.104e+04	+0.626
46.400	+2.602e+03	+6.302e+03	+9.773e+03	+0.708
46.500	+3.427e+03	+7.088e+03	+8.306e+03	+0.674
46.600	+2.915e+03	+6.857e+03	+8.890e+03	+0.702
46.700	+2.623e+03	+6.968e+03	+1.086e+04	+0.727
46.800	+1.939e+03	+6.595e+03	+1.084e+04	+0.773
46.900	+3.318e+03	+7.732e+03	+1.110e+04	+0.700
47.000	+6.110e+03	+1.601e+03	+7.868e+03	+0.208
47.100	+7.317e+03	+2.138e+03	+1.162e+04	+0.226
47.200	+4.252e+03	+6.050e+03	+9.691e+03	+0.587
47.300	+3.226e+03	+7.404e+03	+1.021e+04	+0.696
47.400	+2.220e+03	+7.484e+03	+1.121e+04	+0.771
47.500	+3.141e+03	+7.458e+03	+1.224e+04	+0.704
47.600	+3.023e+03	+6.690e+03	+9.730e+03	+0.689
47.700	+2.047e+03	+6.612e+03	+1.256e+04	+0.764
47.800	+2.302e+03	+8.514e+03	+9.919e+03	+0.787
47.900	+1.726e+03	+8.363e+03	+1.074e+04	+0.829
48.000	+4.006e+03	+7.205e+03	+9.303e+03	+0.643
48.100	+2.605e+03	+6.898e+03	+9.699e+03	+0.726
48.200	+3.633e+03	+6.025e+03	+9.549e+03	+0.624
48.300	+2.364e+03	+7.170e+03	+1.006e+04	+0.752
48.400	+4.610e+03	+6.133e+03	+1.187e+04	+0.571
48.500	+3.656e+03	+7.654e+03	+8.931e+03	+0.677
48.600	+3.924e+03	+6.939e+03	+1.062e+04	+0.639
48.700	+3.986e+03	+7.130e+03	+1.028e+04	+0.641
48.800	+2.500e+03	+7.434e+03	+1.237e+04	+0.748
48.900	+3.662e+03	+7.592e+03	+9.215e+03	+0.675
49.000	+3.547e+03	+7.052e+03	+9.796e+03	+0.665
49.100	+2.339e+03	+6.739e+03	+1.083e+04	+0.742
49.200	+3.875e+03	+8.516e+03	+1.017e+04	+0.687
49.300	+3.957e+03	+7.216e+03	+9.349e+03	+0.646
49.400	+3.355e+03	+7.438e+03	+9.935e+03	+0.689
49.500	+2.748e+03	+8.110e+03	+9.915e+03	+0.747
49.600	+7.402e+03	+3.041e+03	+1.007e+04	+0.291
49.700	+7.903e+03	+3.492e+03	+9.211e+03	+0.306
49.800	+7.463e+03	+1.443e+03	+9.532e+03	+0.162
49.900	+7.063e+03	+1.964e+03	+1.061e+04	+0.218
50.000	+7.228e+03	+1.361e+03	+1.013e+04	+0.158
50.100	+7.789e+03	+3.261e+03	+1.120e+04	+0.295
50.200	+7.377e+03	+3.480e+03	+1.038e+04	+0.321
50.300	+4.453e+03	+6.582e+03	+9.106e+03	+0.596
50.400	+3.570e+03	+7.292e+03	+1.224e+04	+0.671
50.500	+3.574e+03	+7.045e+03	+9.951e+03	+0.663
50.600	+3.834e+03	+7.401e+03	+1.031e+04	+0.659
50.700	+2.499e+03	+5.528e+03	+1.009e+04	+0.689
50.800	+2.446e+03	+7.552e+03	+9.991e+03	+0.755
50.900	+2.724e+03	+7.493e+03	+1.004e+04	+0.733
51.000	+3.654e+03	+7.505e+03	+1.118e+04	+0.673
51.100	+3.637e+03	+7.736e+03	+1.005e+04	+0.680
51.200	+3.317e+03	+6.428e+03	+9.740e+03	+0.660
51.300	+2.627e+03	+6.712e+03	+1.035e+04	+0.719
51.400	+2.710e+03	+7.375e+03	+9.810e+03	+0.731
51.500	+3.483e+03	+6.783e+03	+8.693e+03	+0.661
51.600	+5.415e+03	+4.602e+03	+9.293e+03	+0.459
51.700	+7.487e+03	+5.025e+03	+8.909e+03	+0.402
51.800	+6.403e+03	+1.240e+03	+1.007e+04	+0.162
51.900	+6.217e+03	+2.996e+03	+8.804e+03	+0.325
52.000	+3.096e+03	+6.011e+03	+1.159e+04	+0.660
52.100	+2.770e+03	+6.663e+03	+1.021e+04	+0.706
52.200	+3.275e+03	+8.097e+03	+9.420e+03	+0.712
52.300	+4.595e+03	+6.927e+03	+1.007e+04	+0.601
52.400	+3.544e+03	+7.912e+03	+9.795e+03	+0.691
52.500	+3.333e+03	+7.257e+03	+1.069e+04	+0.685
52.600	+2.885e+03	+6.951e+03	+9.891e+03	+0.707
52.700	+2.068e+03	+6.622e+03	+1.054e+04	+0.762
52.800	+3.284e+03	+7.835e+03	+1.022e+04	+0.705
52.900	+3.319e+03	+6.208e+03	+1.001e+04	+0.652
53.000	+3.638e+03	+5.920e+03	+1.175e+04	+0.619
53.100	+2.594e+03	+7.036e+03	+1.090e+04	+0.731
53.200	+2.951e+03	+6.960e+03	+8.859e+03	+0.702
53.300	+2.844e+03	+5.663e+03	+9.773e+03	+0.666
53.400	+3.305e+03	+5.649e+03	+1.048e+04	+0.631
53.500	+2.164e+03	+8.140e+03	+9.955e+03	+0.790
53.600	+4.165e+03	+7.204e+03	+1.027e+04	+0.634
53.700	+3.139e+03	+6.581e+03	+1.186e+04	+0.677
53.800	+3.798e+03	+7.734e+03	+1.023e+04	+0.671
53.900	+2.795e+03	+6.839e+03	+8.440e+03	+0.710
54.000	+2.844e+03	+7.170e+03	+1.112e+04	+0.716
54.100	+7.766e+03	+3.266e+03	+1.107e+04	+0.296
54.200	+8.254e+03	+3.374e+03	+9.276e+03	+0.290
54.300	+5.871e+03	+3.683e+03	+9.161e+03	+0.385
54.400	+4.436e+03	+6.584e+03	+1.001e+04	+0.597
54.500	+3.490e+03	+6.462e+03	+1.054e+04	+0.649
54.600	+2.196e+03	+5.522e+03	+9.303e+03	+0.715
54.700	+4.010e+03	+5.395e+03	+1.053e+04	+0.574
54.800	+2.913e+03	+8.877e+03	+1.041e+04	+0.753
54.900	+2.249e+03	+5.777e+03	+1.019e+04	+0.720
55.000	+3.206e+03	+7.638e+03	+9.273e+03	+0.704
55.100	+3.472e+03	+6.920e+03	+9.553e+03	+0.666
55.200	+3.107e+03	+7.991e+03	+1.092e+04	+0.720
55.300	+1.882e+03	+7.598e+03	+9.998e+03	+0.801
55.400	+3.330e+03	+6.053e+03	+1.045e+04	+0.645
55.500	+2.261e+03	+7.402e+03	+1.049e+04	+0.766
55.600	+3.363e+03	+7.747e+03	+9.502e+03	+0.697
55.700	+3.711e+03	+7.508e+03	+1.175e+04	+0.669
55.800	+2.406e+03	+6.796e+03	+9.205e+03	+0.739
55.900	+3.544e+03	+6.417e+03	+1.041e+04	+0.644
56.000	+2.958e+03	+7.695e+03	+1.055e+04	+0.722
56.100	+2.372e+03	+7.194e+03	+9.339e+03	+0.752
56.200	+1.527e+03	+6.092e+03	+9.334e+03	+0.800
56.300	+6.901e+03	+3.501e+03	+9.846e+03	+0.337
56.400	+7.094e+03	+2.995e+03	+1.005e+04	+0.297
56.500	+7.483e+03	+2.512e+03	+9.217e+03	+0.251
56.600	+7.979e+03	+3.877e+03	+9.019e+03	+0.327
56.700	+9.157e+03	+2.778e+03	+1.017e+04	+0.233
56.800	+7.031e+03	+2.921e+03	+9.990e+03	+0.294
56.900	+6.342e+03	+2.163e+03	+8.789e+03	+0.254
57.000	+7.599e+03	+2.581e+03	+8.835e+03	+0.254
57.100	+3.632e+03	+7.235e+03	+1.075e+04	+0.666
57.200	+3.652e+03	+6.587e+03	+9.387e+03	+0.643
57.300	+2.206e+03	+8.869e+03	+1.000e+04	+0.801
57.400	+3.246e+03	+6.205e+03	+1.080e+04	+0.657
57.500	+3.256e+03	+6.475e+03	+1.078e+04	+0.665
57.600	+2.416e+03	+8.683e+03	+1.116e+04	+0.782
57.700	+2.015e+03	+7.879e+03	+8.768e+03	+0.796
57.800	+2.381e+03	+7.280e+03	+9.753e+03	+0.754
57.900	+2.892e+03	+6.858e+03	+1.100e+04	+0.703
58.000	+7.585e+03	+3.526e+03	+8.674e+03	+0.317
58.100	+5.010e+03	+6.377e+03	+1.067e+04	+0.560
58.200	+1.655e+03	+6.481e+03	+1.145e+04	+0.797
58.300	+2.752e+03	+7.742e+03	+1.052e+04	+0.738
58.400	+1.357e+03	+8.198e+03	+8.776e+03	+0.858
58.500	+2.670e+03	+7.568e+03	+1.026e+04	+0.739
58.600	+3.003e+03	+6.040e+03	+1.032e+04	+0.668
58.700	+3.072e+03	+6.366e+03	+9.851e+03	+0.674
58.800	+2.893e+03	+7.461e+03	+1.084e+04	+0.721
58.900	+3.341e+03	+6.391e+03	+1.071e+04	+0.657
59.000	+7.022e+03	+4.669e+03	+1.012e+04	+0.399
59.100	+7.107e+03	+3.793e+03	+1.038e+04	+0.348
59.200	+6.410e+03	+2.688e+03	+1.151e+04	+0.295
59.300	+6.213e+03	+3.664e+03	+1.154e+04	+0.371
59.400	+7.177e+03	+4.550e+03	+9.975e+03	+0.388
59.500	+6.163e+03	+2.974e+03	+9.585e+03	+0.325
59.600	+6.120e+03	+4.714e+03	+1.041e+04	+0.435
59.700	+7.059e+03	+1.622e+03	+1.070e+04	+0.187
59.800	+7.728e+03	+1.768e+03	+8.607e+03	+0.186
59.900	+6.948e+03	+2.069e+03	+1.079e+04	+0.229
60.000	+7.046e+03	+3.304e+03	+9.804e+03	+0.319
60.100	+5.379e+03	+2.348e+03	+1.081e+04	+0.304
60.200	+8.104e+03	+1.646e+03	+8.615e+03	+0.169
60.300	+7.540e+03	+2.840e+03	+9.624e+03	+0.274
60.400	+3.321e+03	+5.382e+03	+9.997e+03	+0.618
60.500	+2.702e+03	+7.441e+03	+9.838e+03	+0.734
60.600	+2.906e+03	+6.982e+03	+1.019e+04	+0.706
60.700	+6.904e+02	+6.888e+03	+9.924e+03	+0.909
60.800	+3.071e+03	+6.295e+03	+8.967e+03	+0.672
60.900	+2.174e+03	+6.927e+03	+9.010e+03	+0.761
61.000	+3.322e+03	+7.439e+03	+1.026e+04	+0.691
61.100	+1.693e+03	+7.699e+03	+1.030e+04	+0.820
61.200	+2.631e+03	+8.592e+03	+1.006e+04	+0.766
61.300	+3.045e+03	+7.564e+03	+1.073e+04	+0.713
61.400	+5.516e+03	+5.142e+03	+9.924e+03	+0.482
61.500	+7.591e+03	+2.521e+03	+9.769e+03	+0.249
61.600	+7.788e+03	+3.446e+03	+1.007e+04	+0.307
61.700	+5.801e+03	+2.762e+03	+1.036e+04	+0.323
61.800	+4.916e+03	+6.360e+03	+9.755e+03	+0.564
61.900	+2.946e+03	+6.489e+03	+9.422e+03	+0.688
62.000	+2.126e+03	+7.486e+03	+6.751e+03	+0.779
62.100	+3.512e+03	+6.975e+03	+9.669e+03	+0.665
62.200	+3.046e+03	+7.283e+03	+1.032e+04	+0.705
62.300	+3.031e+03	+7.503e+03	+8.149e+03	+0.712
62.400	+3.799e+03	+7.486e+03	+1.159e+04	+0.663
62.500	+4.996e+03	+9.566e+03	+1.044e+04	+0.657
62.600	+3.061e+03	+7.137e+03	+9.866e+03	+0.700
62.700	+3.026e+03	+6.298e+03	+1.005e+04	+0.675
62.800	+3.311e+03	+5.384e+03	+9.148e+03	+0.619
62.900	+2.110e+03	+7.119e+03	+1.084e+04	+0.771
63.000	+2.414e+03	+7.873e+03	+9.308e+03	+0.765
63.100	+3.593e+03	+7.984e+03	+9.073e+03	+0.690
63.200	+3.226e+03	+7.022e+03	+9.056e+03	+0.685
63.300	+4.221e+03	+7.101e+03	+1.076e+04	+0.627
63.400	+2.648e+03	+5.721e+03	+1.017e+04	+0.684
63.500	+2.999e+03	+6.859e+03	+1.014e+04	+0.696
63.600	+3.221e+03	+5.836e+03	+9.684e+03	+0.644
63.700	+2.907e+03	+6.803e+03	+1.075e+04	+0.701
63.800	+3.792e+03	+6.500e+03	+9.284e+03	+0.632
63.900	+2.364e+03	+7.328e+03	+9.475e+03	+0.756
64.000	+3.191e+03	+6.325e+03	+9.083e+03	+0.665
64.100	+2.731e+03	+6.638e+03	+9.415e+03	+0.709
64.200	+3.244e+03	+7.250e+03	+8.291e+03	+0.691
64.300	+3.764e+03	+6.520e+03	+1.155e+04	+0.634
64.400	+2.916e+03	+7.580e+03	+1.067e+04	+0.722
64.500	+2.059e+03	+6.232e+03	+9.777e+03	+0.752
64.600	+3.859e+03	+8.415e+03	+1.036e+04	+0.686
64.700	+2.464e+03	+5.699e+03	+9.070e+03	+0.698
64.800	+2.140e+03	+8.297e+03	+1.070e+04	+0.795
64.900	+2.450e+03	+7.169e+03	+9.740e+03	+0.745
65.000	+3.149e+03	+7.988e+03	+8.797e+03	+0.717
65.100	+4.151e+03	+7.405e+03	+9.273e+03	+0.641
65.200	+2.532e+03	+6.466e+03	+1.106e+04	+0.719
65.300	+4.560e+03	+5.347e+03	+1.024e+04	+0.540
65.400	+1.773e+03	+6.336e+03	+1.041e+04	+0.781
65.500	+2.663e+03	+6.455e+03	+9.296e+03	+0.708
65.600	+2.360e+03	+5.598e+03	+1.102e+04	+0.703
65.700	+2.860e+03	+7.553e+03	+1.026e+04	+0.725
65.800	+1.336e+03	+6.877e+03	+9.523e+03	+0.837
65.900	+3.279e+03	+7.445e+03	+9.610e+03	+0.694
66.000	+3.152e+03	+6.102e+03	+1.006e+04	+0.659
66.100	+3.005e+03	+7.976e+03	+9.811e+03	+0.726
66.200	+3.722e+03	+7.766e+03	+1.003e+04	+0.676
66.300	+3.546e+03	+6.885e+03	+1.020e+04	+0.660
66.400	+2.313e+03	+8.261e+03	+9.405e+03	+0.781
66.500	+1.701e+03	+8.000e+03	+1.070e+04	+0.825
66.600	+2.575e+03	+7.571e+03	+1.045e+04	+0.746
66.700	+2.359e+03	+7.330e+03	+9.178e+03	+0.757
66.800	+2.729e+03	+7.260e+03	+1.021e+04	+0.727
66.900	+2.865e+03	+7.495e+03	+8.610e+03	+0.723
67.000	+2.733e+03	+7.802e+03	+9.953e+03	+0.741
67.100	+3.221e+03	+6.787e+03	+1.066e+04	+0.678
67.200	+3.702e+03	+6.751e+03	+9.585e+03	+0.646
67.300	+1.706e+03	+7.789e+03	+9.801e+03	+0.820
67.400	+4.531e+03	+5.765e+03	+9.496e+03	+0.560
67.500	+3.936e+03	+5.319e+03	+8.787e+03	+0.575
67.600	+7.160e+03	+3.824e+03	+1.032e+04	+0.348
67.700	+7.503e+03	+2.204e+03	+9.970e+03	+0.227
67.800	+5.527e+03	+4.230e+03	+9.952e+03	+0.434
67.900	+3.045e+03	+7.997e+03	+1.036e+04	+0.724
68.000	+2.560e+03	+6.711e+03	+1.084e+04	+0.724
68.100	+3.150e+03	+6.702e+03	+1.032e+04	+0.680
68.200	+2.367e+03	+8.034e+03	+8.688e+03	+0.772
68.300	+4.591e+03	+7.726e+03	+1.047e+04	+0.627
68.400	+1.394e+03	+4.598e+03	+9.708e+03	+0.767
68.500	+4.098e+03	+7.491e+03	+9.385e+03	+0.646
68.600	+2.749e+03	+5.588e+03	+9.992e+03	+0.670
68.700	+1.860e+03	+6.495e+03	+8.929e+03	+0.777
68.800	+1.626e+03	+7.505e+03	+1.037e+04	+0.822
68.900	+2.878e+03	+8.373e+03	+1.022e+04	+0.744
69.000	+2.666e+03	+8.014e+03	+8.698e+03	+0.750
69.100	+1.684e+03	+6.567e+03	+1.046e+04	+0.796
69.200	+4.407e+03	+4.828e+03	+9.172e+03	+0.523
69.300	+3.627e+03	+8.505e+03	+9.832e+03	+0.701
69.400	+4.313e+03	+6.820e+03	+1.013e+04	+0.613
69.500	+2.212e+03	+7.393e+03	+1.136e+04	+0.770
69.600	+2.568e+03	+6.524e+03	+1.123e+04	+0.718
69.700	+1.896e+03	+7.723e+03	+1.123e+04	+0.803
69.800	+1.916e+03	+7.495e+03	+9.350e+03	+0.796
69.900	+4.578e+03	+5.576e+03	+1.017e+04	+0.549
70.000	+3.907e+03	+8.087e+03	+9.619e+03	+0.674
70.100	+3.883e+03	+7.135e+03	+1.031e+04	+0.648
70.200	+3.113e+03	+8.587e+03	+1.125e+04	+0.734
70.300	+3.016e+03	+5.647e+03	+9.810e+03	+0.652
70.400	+3.753e+03	+8.827e+03	+1.028e+04	+0.702
70.500	+3.557e+03	+6.740e+03	+9.226e+03	+0.655
70.600	+3.908e+03	+6.929e+03	+1.046e+04	+0.639
70.700	+2.817e+03	+5.054e+03	+9.175e+03	+0.642
70.800	+4.666e+03	+4.976e+03	+9.667e+03	+0.516
70.900	+3.628e+03	+7.185e+03	+1.005e+04	+0.664
71.000	+2.995e+03	+5.728e+03	+7.319e+03	+0.657
71.100	+2.287e+03	+7.504e+03	+1.098e+04	+0.766
71.200	+3.247e+03	+7.137e+03	+1.041e+04	+0.687
71.300	+2.979e+03	+6.950e+03	+9.171e+03	+0.700
71.400	+7.841e+03	+3.545e+03	+1.027e+04	+0.311
71.500	+6.471e+03	+2.659e+03	+1.034e+04	+0.291
71.600	+7.409e+03	+3.150e+03	+8.186e+03	+0.298
71.700	+7.123e+03	+1.485e+03	+9.768e+03	+0.173
71.800	+4.816e+03	+5.625e+03	+1.078e+04	+0.539
71.900	+3.305e+03	+7.642e+03	+1.045e+04	+0.698
72.000	+1.584e+03	+7.560e+03	+1.025e+04	+0.827
72.100	+2.262e+03	+6.225e+03	+9.294e+03	+0.733
72.200	+1.784e+03	+6.497e+03	+1.031e+04	+0.785
72.300	+6.273e+03	+1.981e+03	+9.220e+03	+0.240
72.400	+2.907e+03	+8.302e+03	+8.464e+03	+0.741
72.500	+3.385e+03	+6.085e+03	+1.002e+04	+0.643
72.600	+2.804e+03	+7.075e+03	+9.165e+03	+0.716
72.700	+4.149e+03	+6.666e+03	+9.991e+03	+0.616
72.800	+3.412e+03	+7.970e+03	+1.078e+04	+0.700
72.900	+2.155e+03	+6.509e+03	+1.011e+04	+0.751
73.000	+3.753e+03	+6.823e+03	+1.049e+04	+0.645
73.100	+4.640e+03	+5.036e+03	+1.015e+04	+0.520
73.200	+2.026e+03	+6.596e+03	+9.741e+03	+0.765
73.300	+3.893e+03	+8.129e+03	+8.553e+03	+0.676
73.400	+2.576e+03	+7.472e+03	+1.000e+04	+0.744
73.500	+3.026e+03	+7.234e+03	+9.814e+03	+0.705
73.600	+3.769e+03	+7.947e+03	+9.834e+03	+0.678
73.700	+1.493e+03	+5.946e+03	+9.155e+03	+0.799
73.800	+3.144e+03	+6.617e+03	+9.730e+03	+0.678
73.900	+3.614e+03	+6.715e+03	+9.220e+03	+0.650
74.000	+6.250e+03	+3.730e+03	+9.729e+03	+0.374
74.100	+7.209e+03	+2.849e+03	+8.851e+03	+0.283
74.200	+8.594e+03	+2.531e+03	+9.430e+03	+0.227
74.300	+6.878e+03	+2.705e+03	+1.060e+04	+0.282
74.400	+7.137e+03	+3.833e+03	+1.055e+04	+0.349
74.500	+6.650e+03	+3.597e+03	+9.367e+03	+0.351
74.600	+7.820e+03	+3.844e+03	+1.050e+04	+0.330
74.700	+6.556e+03	+3.331e+03	+1.015e+04	+0.337
74.800	+7.022e+03	+5.228e+03	+8.923e+03	+0.427
74.900	+6.253e+03	+3.314e+03	+1.058e+04	+0.346
75.000	+7.687e+03	+2.857e+03	+1.102e+04	+0.271
75.100	+7.102e+03	+2.457e+03	+9.332e+03	+0.257
75.200	+5.244e+03	+2.647e+03	+9.228e+03	+0.335
75.300	+6.920e+03	+3.088e+03	+9.224e+03	+0.309
75.400	+6.817e+03	+3.137e+03	+1.079e+04	+0.315
75.500	+5.520e+03	+4.023e+03	+9.296e+03	+0.422
75.600	+8.074e+03	+3.280e+03	+1.097e+04	+0.289
75.700	+7.219e+03	+2.457e+03	+8.235e+03	+0.254
75.800	+7.599e+03	+3.307e+03	+9.505e+03	+0.303
75.900	+7.148e+03	+3.004e+03	+1.040e+04	+0.296
76.000	+6.496e+03	+3.609e+03	+9.012e+03	+0.357
76.100	+7.070e+03	+1.642e+03	+1.158e+04	+0.188
76.200	+7.114e+03	+3.409e+03	+9.108e+03	+0.324
76.300	+4.742e+03	+3.588e+03	+1.068e+04	+0.431
76.400	+3.861e+03	+6.027e+03	+9.405e+03	+0.609
76.500	+2.140e+03	+7.242e+03	+9.772e+03	+0.772
76.600	+3.660e+03	+6.870e+03	+1.084e+04	+0.652
76.700	+3.356e+03	+8.550e+03	+9.116e+03	+0.718
76.800	+4.038e+03	+7.592e+03	+1.049e+04	+0.653
76.900	+2.235e+03	+6.264e+03	+1.059e+04	+0.737
77.000	+2.259e+03	+8.099e+03	+8.751e+03	+0.782
77.100	+5.033e+03	+6.863e+03	+1.047e+04	+0.577
77.200	+6.017e+03	+5.562e+03	+1.038e+04	+0.480
77.300	+7.359e+03	+3.252e+03	+9.700e+03	+0.306
77.400	+7.692e+03	+3.378e+03	+9.294e+03	+0.305
77.500	+7.234e+03	+1.433e+03	+9.957e+03	+0.165
77.600	+5.760e+03	+2.132e+03	+9.276e+03	+0.270
77.700	+7.239e+03	+3.763e+03	+1.018e+04	+0.342
77.800	+6.840e+03	+2.870e+03	+1.058e+04	+0.296
77.900	+6.528e+03	+3.057e+03	+9.178e+03	+0.319
78.000	+8.497e+03	+3.571e+03	+1.043e+04	+0.296
78.100	+7.904e+03	+2.750e+03	+9.102e+03	+0.258
78.200	+7.086e+03	+3.008e+03	+9.861e+03	+0.298
78.300	+6.424e+03	+3.704e+03	+9.847e+03	+0.366
78.400	+4.071e+03	+5.227e+03	+9.257e+03	+0.562
78.500	+8.818e+02	+8.087e+03	+9.315e+03	+0.902
78.600	+2.554e+03	+7.279e+03	+1.062e+04	+0.740
78.700	+2.784e+03	+6.184e+03	+9.571e+03	+0.690
78.800	+2.923e+03	+6.908e+03	+9.422e+03	+0.703
78.900	+3.458e+03	+8.029e+03	+1.000e+04	+0.699
79.000	+3.501e+03	+8.963e+03	+1.079e+04	+0.719
79.100	+3.750e+03	+7.145e+03	+9.885e+03	+0.656
79.200	+5.218e+03	+4.309e+03	+9.941e+03	+0.452
79.300	+7.005e+03	+4.041e+03	+9.887e+03	+0.366
79.400	+6.062e+03	+2.762e+03	+9.154e+03	+0.313
79.500	+6.549e+03	+2.235e+03	+1.112e+04	+0.254
79.600	+6.243e+03	+3.316e+03	+9.093e+03	+0.347
79.700	+7.653e+03	+3.642e+03	+9.946e+03	+0.322
79.800	+5.903e+03	+2.443e+03	+1.004e+04	+0.293
79.900	+8.718e+03	+4.962e+02	+9.004e+03	+0.054
80.000	+7.119e+03	+3.168e+03	+9.125e+03	+0.308
80.100	+5.967e+03	+2.372e+03	+1.069e+04	+0.284
80.200	+6.933e+03	+2.106e+03	+1.050e+04	+0.233
80.300	+5.799e+03	+3.827e+03	+9.497e+03	+0.398
80.400	+5.607e+03	+6.275e+03	+1.067e+04	+0.528
80.500	+3.550e+03	+6.682e+03	+9.899e+03	+0.653
80.600	+3.029e+03	+6.283e+03	+8.856e+03	+0.675
80.700	+4.109e+03	+6.626e+03	+8.509e+03	+0.617
80.800	+1.417e+03	+7.177e+03	+1.047e+04	+0.835
80.900	+3.254e+03	+6.859e+03	+9.844e+03	+0.678
81.000	+2.966e+03	+7.325e+03	+1.015e+04	+0.712
81.100	+2.183e+03	+6.419e+03	+1.135e+04	+0.746
81.200	+1.939e+03	+6.033e+03	+9.966e+03	+0.757
81.300	+2.849e+03	+6.893e+03	+1.063e+04	+0.708
81.400	+5.825e+03	+3.735e+03	+9.648e+03	+0.391
81.500	+6.929e+03	+2.574e+03	+1.141e+04	+0.271
81.600	+5.673e+03	+2.766e+03	+8.745e+03	+0.328
81.700	+6.432e+03	+4.285e+03	+1.042e+04	+0.400
81.800	+4.690e+03	+5.426e+03	+9.907e+03	+0.536
81.900	+2.697e+03	+6.993e+03	+9.524e+03	+0.722
82.000	+2.649e+03	+7.298e+03	+8.172e+03	+0.734
82.100	+1.089e+03	+5.809e+03	+1.069e+04	+0.842
82.200	+3.657e+03	+6.062e+03	+1.005e+04	+0.624
82.300	+2.233e+03	+8.051e+03	+9.092e+03	+0.783
82.400	+2.546e+03	+6.508e+03	+1.040e+04	+0.719
82.500	+4.100e+03	+8.302e+03	+9.868e+03	+0.669
82.600	+3.907e+03	+7.815e+03	+9.668e+03	+0.667
82.700	+3.144e+03	+7.459e+03	+9.550e+03	+0.703
82.800	+3.280e+03	+8.248e+03	+1.018e+04	+0.715
82.900	+4.165e+03	+5.915e+03	+1.135e+04	+0.587
83.000	+3.831e+03	+7.775e+03	+9.960e+03	+0.670
83.100	+3.696e+03	+5.761e+03	+8.932e+03	+0.609
83.200	+3.042e+03	+7.155e+03	+9.507e+03	+0.702
83.300	+3.402e+03	+5.544e+03	+1.108e+04	+0.620
83.400	+3.130e+03	+6.277e+03	+8.552e+03	+0.667
83.500	+2.646e+03	+5.973e+03	+9.891e+03	+0.693
83.600	+2.844e+03	+7.896e+03	+8.128e+03	+0.735
83.700	+2.403e+03	+8.835e+03	+1.124e+04	+0.786
83.800	+2.940e+03	+6.948e+03	+1.013e+04	+0.703
83.900	+3.819e+03	+6.089e+03	+9.136e+03	+0.615
84.000	+2.497e+03	+5.596e+03	+1.134e+04	+0.691
84.100	+3.082e+03	+6.659e+03	+1.055e+04	+0.684
84.200	+4.141e+03	+7.584e+03	+9.557e+03	+0.647
84.300	+3.833e+03	+6.716e+03	+9.852e+03	+0.637
84.400	+1.901e+03	+7.155e+03	+1.009e+04	+0.790
84.500	+3.708e+03	+7.243e+03	+1.105e+04	+0.661
84.600	+2.886e+03	+5.489e+03	+1.110e+04	+0.655
84.700	+3.950e+03	+7.652e+03	+8.673e+03	+0.660
84.800	+2.506e+03	+7.762e+03	+9.929e+03	+0.756
84.900	+4.053e+03	+7.500e+03	+9.722e+03	+0.649
85.000	+2.238e+03	+5.929e+03	+1.018e+04	+0.726
85.100	+3.118e+03	+7.661e+03	+8.827e+03	+0.711
85.200	+2.824e+03	+6.603e+03	+1.069e+04	+0.700
85.300	+1.537e+03	+8.094e+03	+9.609e+03	+0.840
85.400	+3.654e+03	+7.312e+03	+9.444e+03	+0.667
85.500	+2.137e+03	+6.527e+03	+9.837e+03	+0.753
85.600	+2.782e+03	+7.783e+03	+1.266e+04	+0.737
85.700	+1.112e+03	+6.995e+03	+1.052e+04	+0.863
85.800	+3.988e+03	+6.976e+03	+1.135e+04	+0.636
85.900	+4.642e+03	+6.232e+03	+1.091e+04	+0.573
86.000	+3.196e+03	+8.202e+03	+9.687e+03	+0.720
86.100	+3.229e+03	+5.694e+03	+9.271e+03	+0.638
86.200	+3.148e+03	+6.840e+03	+9.642e+03	+0.685
86.300	+4.038e+03	+7.022e+03	+1.082e+04	+0.635
86.400	+3.140e+03	+6.742e+03	+9.318e+03	+0.682
86.500	+2.093e+03	+7.095e+03	+1.065e+04	+0.772
86.600	+2.064e+03	+6.325e+03	+1.108e+04	+0.754
86.700	+5.495e+03	+4.562e+03	+9.819e+03	+0.454
86.800	+6.457e+03	+3.989e+03	+1.072e+04	+0.382
86.900	+4.998e+03	+4.616e+03	+9.299e+03	+0.480
87.000	+3.835e+03	+7.165e+03	+1.027e+04	+0.651
87.100	+3.372e+03	+7.104e+03	+1.001e+04	+0.678
87.200	+3.676e+03	+6.555e+03	+9.888e+03	+0.641
87.300	+3.077e+03	+6.363e+03	+1.010e+04	+0.674
87.400	+4.173e+03	+6.180e+03	+1.051e+04	+0.597
87.500	+2.810e+03	+7.444e+03	+9.246e+03	+0.726
87.600	+2.828e+03	+6.747e+03	+1.075e+04	+0.705
87.700	+3.241e+03	+6.216e+03	+9.088e+03	+0.657
87.800	+2.661e+03	+6.795e+03	+9.512e+03	+0.719
87.900	+2.157e+03	+7.844e+03	+9.324e+03	+0.784
88.000	+3.198e+03	+8.200e+03	+1.133e+04	+0.719
88.100	+7.076e+03	+2.613e+03	+8.660e+03	+0.270
88.200	+6.492e+03	+3.132e+03	+9.891e+03	+0.325
88.300	+6.195e+03	+2.756e+03	+9.163e+03	+0.308
88.400	+6.696e+03	+2.102e+03	+9.423e+03	+0.239
88.500	+8.039e+03	+3.733e+03	+9.515e+03	+0.317
88.600	+7.800e+03	+3.293e+03	+9.612e+03	+0.297
88.700	+8.427e+03	+3.218e+03	+9.282e+03	+0.276
88.800	+7.516e+03	+3.989e+03	+1.009e+04	+0.347
88.900	+7.145e+03	+3.519e+03	+8.567e+03	+0.330
89.000	+7.935e+03	+3.573e+03	+9.935e+03	+0.311
89.100	+8.205e+03	+2.490e+03	+9.605e+03	+0.233
89.200	+5.852e+03	+3.496e+03	+1.034e+04	+0.374
89.300	+5.945e+03	+3.318e+03	+9.388e+03	+0.358
89.400	+5.825e+03	+2.494e+03	+1.172e+04	+0.300
89.500	+6.014e+03	+2.254e+03	+1.031e+04	+0.273
89.600	+6.751e+03	+2.147e+03	+9.540e+03	+0.241
89.700	+7.598e+03	+2.587e+03	+1.096e+04	+0.254
89.800	+3.446e+03	+6.320e+03	+1.184e+04	+0.647
89.900	+3.439e+03	+5.403e+03	+8.277e+03	+0.611
90.000	+2.859e+03	+5.940e+03	+9.553e+03	+0.675
90.100	+3.888e+03	+9.297e+03	+8.616e+03	+0.705
90.200	+2.460e+03	+6.920e+03	+1.140e+04	+0.738
90.300	+3.329e+03	+5.882e+03	+8.979e+03	+0.639
90.400	+5.144e+03	+3.483e+03	+9.120e+03	+0.404
90.500	+9.389e+03	+2.102e+03	+1.049e+04	+0.183
90.600	+6.634e+03	+2.324e+03	+1.024e+04	+0.259
90.700	+6.521e+03	+3.893e+03	+1.071e+04	+0.374
90.800	+6.928e+03	+4.086e+03	+1.136e+04	+0.371
90.900	+6.432e+03	+2.172e+03	+8.506e+03	+0.252
91.000	+6.275e+03	+2.600e+03	+9.797e+03	+0.293
91.100	+6.035e+03	+2.769e+03	+1.183e+04	+0.314
91.200	+7.838e+03	+4.329e+03	+1.033e+04	+0.356
91.300	+7.696e+03	+3.680e+03	+9.915e+03	+0.323
91.400	+7.636e+03	+4.050e+03	+1.085e+04	+0.347
91.500	+8.773e+03	+4.582e+03	+1.039e+04	+0.343
91.600	+6.550e+03	+3.959e+03	+1.021e+04	+0.377
91.700	+4.240e+03	+7.027e+03	+1.088e+04	+0.624
91.800	+2.038e+03	+7.024e+03	+9.753e+03	+0.775
91.900	+3.202e+03	+6.924e+03	+1.032e+04	+0.684
92.000	+3.702e+03	+6.848e+03	+1.082e+04	+0.649
92.100	+2.536e+03	+7.178e+03	+8.932e+03	+0.739
92.200	+2.940e+03	+7.449e+03	+1.062e+04	+0.717
92.300	+2.944e+03	+7.278e+03	+9.401e+03	+0.712
92.400	+3.779e+03	+7.997e+03	+9.575e+03	+0.679
92.500	+3.984e+03	+6.250e+03	+1.056e+04	+0.611
92.600	+1.483e+03	+6.918e+03	+1.017e+04	+0.824
92.700	+2.252e+03	+6.792e+03	+9.447e+03	+0.751
92.800	+4.280e+03	+7.762e+03	+1.008e+04	+0.645
92.900	+2.944e+03	+5.706e+03	+1.135e+04	+0.660
93.000	+1.448e+03	+6.971e+03	+9.632e+03	+0.828
93.100	+3.710e+03	+7.283e+03	+9.761e+03	+0.663
93.200	+2.705e+03	+6.843e+03	+1.031e+04	+0.717
93.300	+3.159e+03	+7.218e+03	+1.000e+04	+0.696
93.400	+3.717e+03	+6.568e+03	+9.486e+03	+0.639
93.500	+4.400e+03	+6.501e+03	+9.349e+03	+0.596
93.600	+3.415e+03	+8.059e+03	+8.572e+03	+0.702
93.700	+2.878e+03	+7.933e+03	+7.812e+03	+0.734
93.800	+4.618e+03	+6.111e+03	+9.858e+03	+0.570
93.900	+3.371e+03	+4.774e+03	+9.276e+03	+0.586
94.000	+3.209e+03	+7.400e+03	+1.136e+04	+0.698
94.100	+3.450e+03	+8.326e+03	+9.264e+03	+0.707
94.200	+4.723e+03	+5.469e+03	+9.984e+03	+0.537
94.300	+3.227e+03	+7.833e+03	+9.781e+03	+0.708
94.400	+2.507e+03	+7.995e+03	+1.017e+04	+0.761
94.500	+3.612e+03	+6.889e+03	+1.105e+04	+0.656
94.600	+2.622e+03	+7.188e+03	+8.801e+03	+0.733
94.700	+4.223e+03	+7.676e+03	+9.373e+03	+0.645
94.800	+2.100e+03	+6.692e+03	+1.044e+04	+0.761
94.900	+3.760e+03	+5.516e+03	+1.080e+04	+0.595
95.000	+8.614e+02	+6.510e+03	+9.197e+03	+0.883
95.100	+2.016e+03	+6.617e+03	+1.016e+04	+0.766
95.200	+4.295e+03	+6.604e+03	+1.012e+04	+0.606
95.300	+6.161e+03	+3.622e+03	+1.021e+04	+0.370
95.400	+5.877e+03	+2.896e+03	+9.303e+03	+0.330
95.500	+5.668e+03	+3.458e+03	+9.430e+03	+0.379
95.600	+5.434e+03	+2.522e+03	+8.368e+03	+0.317
95.700	+7.254e+03	+1.967e+03	+9.392e+03	+0.213
95.800	+7.257e+03	+1.630e+03	+1.051e+04	+0.183
95.900	+6.370e+03	+2.031e+03	+1.112e+04	+0.242
96.000	+6.831e+03	+3.042e+03	+1.002e+04	+0.308
96.100	+7.998e+03	+3.097e+03	+9.668e+03	+0.279
96.200	+6.895e+03	+3.151e+03	+1.001e+04	+0.314
96.300	+9.172e+03	+3.199e+03	+9.654e+03	+0.259
96.400	+8.634e+03	+2.521e+03	+9.847e+03	+0.226
96.500	+6.695e+03	+2.583e+03	+1.072e+04	+0.278
96.600	+7.404e+03	+4.360e+03	+9.714e+03	+0.371
96.700	+6.736e+03	+7.010e+02	+1.009e+04	+0.094
96.800	+7.617e+03	+2.265e+03	+9.947e+03	+0.229
96.900	+4.828e+03	+4.476e+03	+1.121e+04	+0.481
97.000	+3.598e+03	+7.235e+03	+9.562e+03	+0.668
97.100	+4.630e+03	+6.387e+03	+1.050e+04	+0.580
97.200	+1.672e+03	+6.246e+03	+9.645e+03	+0.789
97.300	+2.457e+03	+7.273e+03	+1.031e+04	+0.748
97.400	+4.333e+03	+6.748e+03	+1.030e+04	+0.609
97.500	+3.205e+03	+7.223e+03	+9.454e+03	+0.693
97.600	+3.626e+03	+6.155e+03	+9.330e+03	+0.629
97.700	+3.822e+03	+6.773e+03	+1.158e+04	+0.639
97.800	+3.984e+03	+7.938e+03	+1.105e+04	+0.666
97.900	+4.127e+03	+5.672e+03	+1.152e+04	+0.579
98.000	+2.578e+03	+7.896e+03	+1.014e+04	+0.754
98.100	+2.471e+03	+7.055e+03	+1.091e+04	+0.741
98.200	+3.147e+03	+6.349e+03	+9.568e+03	+0.669
98.300	+2.452e+03	+7.183e+03	+1.130e+04	+0.746
98.400	+2.908e+03	+8.177e+03	+9.246e+03	+0.738
98.500	+4.517e+03	+7.586e+03	+1.020e+04	+0.627
98.600	+2.496e+03	+8.143e+03	+9.645e+03	+0.765
98.700	+4.041e+03	+7.339e+03	+9.598e+03	+0.645
98.800	+3.746e+03	+7.355e+03	+1.126e+04	+0.663
98.900	+3.127e+03	+6.959e+03	+9.991e+03	+0.690
99.000	+3.302e+03	+5.916e+03	+1.007e+04	+0.642
99.100	+2.814e+03	+8.101e+03	+9.894e+03	+0.742
99.200	+2.995e+03	+8.277e+03	+1.000e+04	+0.734
99.300	+3.327e+03	+8.930e+03	+1.229e+04	+0.729
99.400	+4.198e+03	+8.168e+03	+1.130e+04	+0.661
99.500	+3.380e+03	+6.794e+03	+1.015e+04	+0.668
99.600	+2.884e+03	+6.887e+03	+9.843e+03	+0.705
99.700	+3.497e+03	+5.798e+03	+1.077e+04	+0.624
99.800	+2.423e+03	+6.957e+03	+9.726e+03	+0.742
99.900	+2.916e+03	+7.369e+03	+8.882e+03	+0.716
100.000	+3.901e+03	+6.194e+03	+9.760e+03	+0.614
100.100	+2.109e+03	+8.354e+03	+1.018e+04	+0.798
100.200	+5.652e+03	+2.252e+03	+1.009e+04	+0.285
100.300	+6.995e+03	+2.841e+03	+1.056e+04	+0.289
100.400	+7.314e+03	+3.149e+03	+9.086e+03	+0.301
100.500	+7.046e+03	+2.605e+03	+8.794e+03	+0.270
100.600	+5.706e+03	+2.337e+03	+1.043e+04	+0.291
100.700	+7.542e+03	+1.436e+03	+9.158e+03	+0.160
100.800	+8.174e+03	+1.288e+03	+1.034e+04	+0.136
100.900	+8.422e+03	+4.237e+03	+1.004e+04	+0.335
101.000	+6.791e+03	+1.304e+03	+1.081e+04	+0.161
101.100	+7.003e+03	+3.125e+03	+1.052e+04	+0.309
101.200	+7.617e+03	+4.485e+03	+9.401e+03	+0.371
101.300	+6.647e+03	+2.513e+03	+1.129e+04	+0.274
101.400	+4.639e+03	+3.068e+03	+1.042e+04	+0.398
101.500	+7.431e+03	+3.077e+03	+9.613e+03	+0.293
101.600	+6.204e+03	+2.412e+03	+9.636e+03	+0.280
101.700	+5.964e+03	+3.077e+03	+1.059e+04	+0.340
101.800	+7.715e+03	+3.565e+03	+1.199e+04	+0.316
101.900	+2.967e+03	+6.623e+03	+1.077e+04	+0.691
102.000	+3.132e+03	+6.545e+03	+9.322e+03	+0.676
102.100	+4.052e+03	+6.878e+03	+9.816e+03	+0.629
102.200	+3.570e+03	+6.119e+03	+9.766e+03	+0.632
102.300	+3.604e+03	+7.865e+03	+8.690e+03	+0.686
102.400	+2.598e+03	+6.248e+03	+1.109e+04	+0.706
102.500	+3.303e+03	+5.589e+03	+9.121e+03	+0.629
102.600	+2.734e+03	+7.611e+03	+8.997e+03	+0.736
102.700	+2.738e+03	+7.459e+03	+8.531e+03	+0.732
102.800	+2.305e+03	+6.843e+03	+1.033e+04	+0.748
102.900	+6.375e+03	+4.363e+03	+1.109e+04	+0.406
103.000	+6.915e+03	+3.456e+03	+9.128e+03	+0.333
103.100	+7.116e+03	+2.836e+03	+9.755e+03	+0.285
103.200	+7.339e+03	+2.821e+03	+8.755e+03	+0.278
103.300	+7.046e+03	+5.620e+03	+9.990e+03	+0.444
103.400	+7.124e+03	+2.193e+03	+1.120e+04	+0.235
103.500	+7.098e+03	+3.354e+03	+9.478e+03	+0.321
103.600	+7.081e+03	+3.862e+03	+9.690e+03	+0.353
103.700	+3.672e+03	+7.434e+03	+9.404e+03	+0.669
103.800	+4.075e+03	+5.893e+03	+8.841e+03	+0.591
103.900	+1.866e+03	+6.336e+03	+9.600e+03	+0.772
104.000	+3.139e+03	+7.543e+03	+9.549e+03	+0.706
104.100	+1.839e+03	+7.036e+03	+1.062e+04	+0.793
104.200	+5.468e+03	+4.833e+03	+9.747e+03	+0.469
104.300	+7.554e+03	+1.722e+03	+8.763e+03	+0.186
104.400	+6.802e+03	+4.416e+03	+9.994e+03	+0.394
104.500	+7.314e+03	+4.474e+03	+1.075e+04	+0.380
104.600	+3.394e+03	+6.444e+03	+1.045e+04	+0.655
104.700	+5.283e+03	+4.815e+03	+1.015e+04	+0.477
104.800	+7.281e+03	+2.777e+03	+1.054e+04	+0.276
104.900	+6.089e+03	+3.860e+03	+1.048e+04	+0.388
105.000	+7.313e+03	+3.266e+03	+1.021e+04	+0.309
105.100	+6.096e+03	+3.301e+03	+1.045e+04	+0.351
105.200	+8.231e+03	+2.230e+03	+9.631e+03	+0.213
105.300	+6.915e+03	+2.005e+03	+9.925e+03	+0.225
105.400	+6.564e+03	+3.452e+03	+9.349e+03	+0.345
105.500	+5.744e+03	+4.145e+03	+8.693e+03	+0.419
105.600	+7.457e+03	+2.642e+03	+9.138e+03	+0.262
105.700	+7.326e+03	+2.452e+03	+1.024e+04	+0.251
105.800	+7.127e+03	+2.511e+03	+9.415e+03	+0.260
105.900	+4.469e+03	+5.099e+03	+1.069e+04	+0.533
106.000	+2.142e+03	+8.231e+03	+1.075e+04	+0.794
106.100	+2.013e+03	+7.317e+03	+1.054e+04	+0.784
106.200	+2.630e+03	+7.547e+03	+1.087e+04	+0.742
106.300	+2.660e+03	+6.743e+03	+1.046e+04	+0.717
106.400	+2.465e+03	+7.072e+03	+1.082e+04	+0.742
106.500	+2.721e+03	+7.332e+03	+8.527e+03	+0.729
106.600	+4.712e+03	+4.218e+03	+1.012e+04	+0.472
106.700	+7.169e+03	+2.172e+03	+9.214e+03	+0.233
106.800	+5.194e+03	+3.280e+03	+1.008e+04	+0.387
106.900	+8.006e+03	+3.568e+03	+1.034e+04	+0.308
107.000	+3.763e+03	+5.899e+03	+9.215e+03	+0.611
107.100	+1.945e+03	+7.352e+03	+9.970e+03	+0.791
107.200	+1.499e+03	+7.879e+03	+1.084e+04	+0.840
107.300	+2.787e+03	+6.798e+03	+1.114e+04	+0.709
107.400	+3.320e+03	+6.781e+03	+1.050e+04	+0.671
107.500	+3.419e+03	+6.977e+03	+1.075e+04	+0.671
107.600	+3.344e+03	+9.246e+03	+1.071e+04	+0.734
107.700	+2.750e+03	+6.989e+03	+1.054e+04	+0.718
107.800	+2.976e+03	+6.674e+03	+9.097e+03	+0.692
107.900	+4.256e+03	+7.928e+03	+9.381e+03	+0.651
108.000	+2.137e+03	+7.264e+03	+9.018e+03	+0.773
108.100	+4.247e+03	+7.661e+03	+1.111e+04	+0.643
108.200	+2.901e+03	+6.110e+03	+9.973e+03	+0.678
108.300	+4.011e+03	+6.289e+03	+1.048e+04	+0.611
108.400	+6.687e+03	+2.974e+03	+9.100e+03	+0.308
108.500	+8.319e+03	+3.598e+03	+1.112e+04	+0.302
108.600	+4.483e+03	+2.384e+03	+9.436e+03	+0.347
108.700	+7.179e+03	+4.034e+03	+1.061e+04	+0.360
108.800	+6.809e+03	+3.703e+03	+1.051e+04	+0.352
108.900	+8.595e+03	+2.925e+03	+9.803e+03	+0.254
109.000	+6.884e+03	+2.368e+03	+1.111e+04	+0.256
109.100	+6.578e+03	+5.156e+03	+1.024e+04	+0.439
109.200	+7.495e+03	+2.457e+03	+1.024e+04	+0.247
109.300	+6.881e+03	+2.184e+03	+1.101e+04	+0.241
109.400	+5.748e+03	+2.707e+03	+8.374e+03	+0.320
109.500	+5.648e+03	+5.418e+03	+8.958e+03	+0.490
109.600	+1.659e+03	+7.280e+03	+8.548e+03	+0.814
109.700	+2.285e+03	+6.035e+03	+1.080e+04	+0.725
109.800	+4.361e+03	+6.534e+03	+8.112e+03	+0.600
109.900	+2.583e+03	+6.664e+03	+1.041e+04	+0.721
110.000	+2.998e+03	+5.577e+03	+9.725e+03	+0.650
110.100	+3.541e+03	+7.073e+03	+1.055e+04	+0.666
110.200	+2.049e+03	+6.968e+03	+9.598e+03	+0.773
110.300	+3.255e+03	+7.416e+03	+1.117e+04	+0.695
110.400	+2.184e+03	+7.740e+03	+9.857e+03	+0.780
110.500	+3.748e+03	+7.493e+03	+1.082e+04	+0.667
110.600	+4.152e+03	+6.470e+03	+9.304e+03	+0.609
110.700	+2.324e+03	+7.014e+03	+9.984e+03	+0.751
110.800	+3.866e+03	+7.783e+03	+9.470e+03	+0.668
110.900	+2.853e+03	+5.949e+03	+9.079e+03	+0.676
111.000	+3.744e+03	+6.388e+03	+9.729e+03	+0.630
111.100	+6.178e+03	+4.790e+03	+1.036e+04	+0.437
111.200	+6.116e+03	+4.170e+03	+1.075e+04	+0.405
111.300	+7.474e+03	+3.007e+03	+1.053e+04	+0.287
111.400	+7.853e+03	+3.039e+03	+9.229e+03	+0.279
111.500	+7.351e+03	+3.111e+03	+8.248e+03	+0.297
111.600	+6.602e+03	+2.401e+03	+1.091e+04	+0.267
