%t (s)	Idd (a.u.)	Ida (a.u.)	Iaa (a.u.)	FRET E
0.000	+2.696e+03	+7.131e+03	+9.123e+03	+0.726
0.100	+3.499e+03	+5.830e+03	+9.925e+03	+0.625
0.200	+3.481e+03	+7.447e+03	+9.862e+03	+0.681
0.300	+3.062e+03	+6.614e+03	+9.893e+03	+0.684
0.400	+2.476e+03	+6.451e+03	+9.502e+03	+0.723
0.500	+3.329e+03	+6.203e+03	+9.938e+03	+0.651
0.600	+3.189e+03	+8.188e+03	+9.511e+03	+0.720
0.700	+3.339e+03	+6.325e+03	+9.279e+03	+0.654
0.800	+4.123e+03	+6.515e+03	+9.048e+03	+0.612
0.900	+2.777e+03	+5.897e+03	+1.012e+04	+0.680
1.000	+4.233e+03	+4.564e+03	+1.033e+04	+0.519
1.100	+7.093e+03	+1.954e+03	+9.966e+03	+0.216
1.200	+6.315e+03	+2.211e+03	+1.058e+04	+0.259
1.300	+8.090e+03	+2.954e+03	+1.011e+04	+0.267
1.400	+6.522e+03	+4.366e+03	+9.673e+03	+0.401
1.500	+5.960e+03	+3.570e+03	+8.165e+03	+0.375
1.600	+6.910e+03	+3.244e+03	+9.638e+03	+0.319
1.700	+7.373e+03	+3.294e+03	+1.093e+04	+0.309
1.800	+6.528e+03	+2.368e+03	+9.533e+03	+0.266
1.900	+8.063e+03	+2.094e+03	+1.016e+04	+0.206
2.000	+6.519e+03	+2.333e+03	+1.094e+04	+0.264
2.100	+9.207e+03	+1.947e+03	+9.290e+03	+0.175
2.200	+8.568e+03	+2.358e+03	+1.072e+04	+0.216
2.300	+7.095e+03	+4.651e+03	+1.012e+04	+0.396
2.400	+6.998e+03	+2.991e+03	+7.988e+03	+0.299
2.500	+8.212e+03	+2.837e+03	+1.063e+04	+0.257
2.600	+6.996e+03	+2.256e+03	+1.131e+04	+0.244
2.700	+7.572e+03	+2.129e+03	+7.371e+03	+0.219
2.800	+5.761e+03	+3.557e+03	+1.078e+04	+0.382
2.900	+7.427e+03	+3.595e+03	+8.656e+03	+0.326
3.000	+7.823e+03	+2.785e+03	+9.951e+03	+0.263
3.100	+7.199e+03	+2.763e+03	+8.882e+03	+0.277
3.200	+8.357e+03	+1.971e+03	+1.021e+04	+0.191
3.300	+8.183e+03	+2.799e+03	+9.243e+03	+0.255
3.400	+5.269e+03	+4.608e+03	+1.084e+04	+0.467
3.500	+1.584e+03	+6.010e+03	+9.154e+03	+0.791
3.600	+3.990e+03	+5.940e+03	+1.063e+04	+0.598
3.700	+4.116e+03	+7.509e+03	+1.082e+04	+0.646
3.800	+9.656e+02	+5.659e+03	+9.897e+03	+0.854
3.900	+3.028e+03	+7.660e+03	+9.343e+03	+0.717
4.000	+2.312e+03	+6.525e+03	+9.650e+03	+0.738
4.100	+2.019e+03	+6.932e+03	+1.011e+04	+0.774
4.200	+3.044e+03	+7.092e+03	+1.037e+04	+0.700
4.300	+2.286e+03	+6.287e+03	+1.028e+04	+0.733
4.400	+3.251e+03	+7.234e+03	+1.058e+04	+0.690
4.500	+2.825e+03	+6.106e+03	+1.029e+04	+0.684
4.600	+3.951e+02	+8.523e+03	+1.038e+04	+0.956
4.700	+3.035e+03	+6.840e+03	+9.763e+03	+0.693
4.800	+1.492e+03	+7.532e+03	+9.320e+03	+0.835
4.900	+4.326e+03	+6.178e+03	+9.661e+03	+0.588
5.000	+6.889e+03	+3.976e+03	+1.164e+04	+0.366
5.100	+8.118e+03	+4.255e+03	+1.049e+04	+0.344
5.200	+5.681e+03	+2.926e+03	+9.038e+03	+0.340
5.300	+7.601e+03	+3.483e+03	+1.066e+04	+0.314
5.400	+7.438e+03	+2.503e+03	+1.070e+04	+0.252
5.500	+6.210e+03	+3.204e+03	+1.109e+04	+0.340
5.600	+7.527e+03	+3.748e+03	+1.084e+04	+0.332
5.700	+7.653e+03	+1.717e+03	+1.087e+04	+0.183
5.800	+6.195e+03	+2.619e+03	+1.003e+04	+0.297
5.900	+7.043e+03	+3.859e+03	+1.067e+04	+0.354
6.000	+5.879e+03	+4.147e+03	+9.656e+03	+0.414
6.100	+6.678e+03	+3.768e+03	+9.501e+03	+0.361
6.200	+7.051e+03	+2.648e+03	+9.415e+03	+0.273
6.300	+7.308e+03	+3.552e+03	+1.069e+04	+0.327
6.400	+7.221e+03	+3.813e+03	+1.225e+04	+0.346
6.500	+5.656e+03	+2.630e+03	+9.423e+03	+0.317
6.600	+3.160e+03	+8.175e+03	+8.860e+03	+0.721
6.700	+2.700e+03	+5.560e+03	+9.913e+03	+0.673
6.800	+2.787e+03	+6.756e+03	+9.916e+03	+0.708
6.900	+3.526e+03	+6.224e+03	+8.982e+03	+0.638
7.000	+2.957e+03	+7.159e+03	+9.545e+03	+0.708
7.100	+1.779e+03	+6.481e+03	+9.800e+03	+0.785
7.200	+6.044e+03	+4.168e+03	+9.006e+03	+0.408
7.300	+6.194e+03	+2.685e+03	+1.086e+04	+0.302
7.400	+6.889e+03	+3.456e+03	+1.031e+04	+0.334
7.500	+8.244e+03	+3.510e+03	+8.429e+03	+0.299
7.600	+5.376e+03	+3.227e+03	+1.029e+04	+0.375
7.700	+6.366e+03	+3.145e+03	+1.045e+04	+0.331
7.800	+7.152e+03	+2.364e+03	+1.002e+04	+0.248
7.900	+4.847e+03	+4.122e+03	+1.080e+04	+0.460
8.000	+1.804e+03	+6.968e+03	+9.946e+03	+0.794
8.100	+3.490e+03	+6.444e+03	+1.035e+04	+0.649
8.200	+2.134e+03	+6.743e+03	+1.072e+04	+0.760
8.300	+4.085e+03	+4.870e+03	+9.197e+03	+0.544
8.400	+5.811e+03	+3.230e+03	+9.964e+03	+0.357
8.500	+4.033e+03	+6.611e+03	+1.043e+04	+0.621
8.600	+2.049e+03	+6.325e+03	+9.935e+03	+0.755
8.700	+2.362e+03	+5.959e+03	+1.011e+04	+0.716
8.800	+2.670e+03	+7.523e+03	+8.770e+03	+0.738
8.900	+2.387e+03	+7.203e+03	+9.501e+03	+0.751
9.000	+2.572e+03	+7.348e+03	+9.350e+03	+0.741
9.100	+2.596e+03	+7.174e+03	+9.438e+03	+0.734
9.200	+2.342e+03	+6.933e+03	+1.160e+04	+0.748
9.300	+2.284e+03	+6.520e+03	+9.406e+03	+0.741
9.400	+2.144e+03	+7.489e+03	+9.931e+03	+0.777
9.500	+2.688e+03	+5.020e+03	+8.882e+03	+0.651
9.600	+5.030e+03	+3.948e+03	+1.014e+04	+0.440
9.700	+8.290e+03	+4.155e+03	+9.743e+03	+0.334
9.800	+6.833e+03	+2.358e+03	+9.787e+03	+0.257
9.900	+5.460e+03	+5.783e+03	+1.013e+04	+0.514
10.000	+1.440e+03	+7.978e+03	+1.017e+04	+0.847
10.100	+3.204e+03	+5.840e+03	+9.208e+03	+0.646
10.200	+2.840e+03	+6.638e+03	+1.110e+04	+0.700
10.300	+2.860e+03	+8.586e+03	+9.479e+03	+0.750
10.400	+5.560e+03	+4.053e+03	+9.748e+03	+0.422
10.500	+6.269e+03	+2.858e+03	+8.832e+03	+0.313
10.600	+6.242e+03	+3.375e+03	+8.959e+03	+0.351
10.700	+3.074e+03	+7.182e+03	+1.163e+04	+0.700
10.800	+3.472e+03	+6.667e+03	+1.040e+04	+0.658
10.900	+4.094e+03	+6.493e+03	+9.362e+03	+0.613
11.000	+3.916e+03	+7.297e+03	+1.024e+04	+0.651
11.100	+4.606e+03	+8.804e+03	+9.052e+03	+0.657
11.200	+5.822e+03	+4.558e+03	+9.207e+03	+0.439
11.300	+7.813e+03	+2.795e+03	+9.062e+03	+0.263
11.400	+7.627e+03	+3.104e+03	+9.475e+03	+0.289
11.500	+6.940e+03	+2.454e+03	+8.999e+03	+0.261
11.600	+6.688e+03	+1.923e+03	+1.041e+04	+0.223
11.700	+5.661e+03	+3.476e+03	+9.729e+03	+0.380
11.800	+6.842e+03	+3.062e+03	+1.137e+04	+0.309
11.900	+8.194e+03	+2.071e+03	+1.024e+04	+0.202
12.000	+6.851e+03	+2.793e+03	+9.609e+03	+0.290
12.100	+5.749e+03	+2.509e+03	+9.587e+03	+0.304
12.200	+8.691e+03	+2.009e+03	+1.053e+04	+0.188
12.300	+6.601e+03	+2.957e+03	+1.047e+04	+0.309
12.400	+6.263e+03	+3.620e+03	+1.010e+04	+0.366
12.500	+7.562e+03	+3.688e+03	+1.009e+04	+0.328
12.600	+6.487e+03	+1.858e+03	+1.027e+04	+0.223
12.700	+8.507e+03	+2.591e+03	+9.570e+03	+0.233
12.800	+8.228e+03	+2.668e+03	+9.625e+03	+0.245
12.900	+6.821e+03	+2.234e+03	+1.039e+04	+0.247
13.000	+7.460e+03	+4.500e+03	+9.344e+03	+0.376
13.100	+7.557e+03	+3.310e+03	+9.845e+03	+0.305
13.200	+6.921e+03	+1.109e+03	+1.047e+04	+0.138
13.300	+6.297e+03	+1.998e+03	+1.005e+04	+0.241
13.400	+3.044e+03	+5.659e+03	+9.166e+03	+0.650
13.500	+1.534e+03	+7.123e+03	+9.114e+03	+0.823
13.600	+3.489e+03	+7.029e+03	+8.836e+03	+0.668
13.700	+3.658e+03	+8.095e+03	+8.818e+03	+0.689
13.800	+4.352e+03	+6.042e+03	+9.610e+03	+0.581
13.900	+3.316e+03	+5.484e+03	+9.140e+03	+0.623
14.000	+3.410e+03	+7.317e+03	+1.051e+04	+0.682
14.100	+2.424e+03	+6.329e+03	+9.002e+03	+0.723
14.200	+2.060e+03	+7.642e+03	+9.219e+03	+0.788
14.300	+2.137e+03	+6.962e+03	+1.026e+04	+0.765
14.400	+3.490e+03	+5.849e+03	+9.687e+03	+0.626
14.500	+3.308e+03	+7.975e+03	+1.109e+04	+0.707
14.600	+3.338e+03	+8.037e+03	+1.072e+04	+0.707
14.700	+1.960e+03	+5.531e+03	+1.045e+04	+0.738
14.800	+2.470e+03	+6.891e+03	+1.042e+04	+0.736
14.900	+3.638e+03	+6.924e+03	+1.033e+04	+0.656
15.000	+3.554e+03	+6.392e+03	+9.115e+03	+0.643
15.100	+3.344e+03	+6.691e+03	+9.813e+03	+0.667
15.200	+3.493e+02	+4.894e+03	+1.031e+04	+0.933
15.300	+1.233e+03	+7.010e+03	+1.064e+04	+0.850
15.400	+3.199e+03	+8.411e+03	+9.156e+03	+0.724
15.500	+2.164e+03	+8.412e+03	+8.099e+03	+0.795
15.600	+1.873e+03	+7.558e+03	+9.262e+03	+0.801
15.700	+2.243e+03	+6.036e+03	+1.115e+04	+0.729
15.800	+2.737e+03	+8.148e+03	+1.073e+04	+0.749
15.900	+2.084e+03	+5.526e+03	+1.024e+04	+0.726
16.000	+4.075e+03	+8.370e+03	+9.859e+03	+0.673
16.100	+3.189e+03	+8.007e+03	+7.734e+03	+0.715
16.200	+3.672e+03	+7.064e+03	+1.100e+04	+0.658
16.300	+2.812e+03	+7.470e+03	+9.818e+03	+0.726
16.400	+2.924e+03	+7.584e+03	+9.456e+03	+0.722
16.500	+3.032e+03	+8.397e+03	+9.890e+03	+0.735
16.600	+2.596e+03	+6.483e+03	+9.921e+03	+0.714
16.700	+3.064e+03	+8.202e+03	+9.713e+03	+0.728
16.800	+3.014e+03	+6.550e+03	+1.017e+04	+0.685
16.900	+2.827e+03	+7.798e+03	+1.034e+04	+0.734
17.000	+2.984e+03	+6.165e+03	+9.884e+03	+0.674
17.100	+3.402e+03	+8.384e+03	+9.153e+03	+0.711
17.200	+3.844e+03	+7.178e+03	+9.680e+03	+0.651
17.300	+2.410e+03	+6.952e+03	+1.067e+04	+0.743
17.400	+3.208e+03	+5.965e+03	+9.128e+03	+0.650
17.500	+3.473e+03	+5.756e+03	+1.017e+04	+0.624
17.600	+2.197e+03	+7.090e+03	+9.454e+03	+0.763
17.700	+2.952e+03	+7.503e+03	+9.591e+03	+0.718
17.800	+3.339e+03	+7.500e+03	+9.033e+03	+0.692
17.900	+2.977e+03	+6.239e+03	+9.504e+03	+0.677
18.000	+4.158e+03	+7.706e+03	+1.029e+04	+0.650
18.100	+4.025e+03	+6.666e+03	+1.045e+04	+0.623
18.200	+3.582e+03	+6.786e+03	+1.067e+04	+0.655
18.300	+6.260e+03	+3.914e+03	+9.664e+03	+0.385
18.400	+6.492e+03	+4.304e+03	+1.052e+04	+0.399
18.500	+9.398e+03	+4.125e+03	+7.918e+03	+0.305
18.600	+6.725e+03	+4.127e+03	+9.314e+03	+0.380
18.700	+6.769e+03	+2.231e+03	+1.014e+04	+0.248
18.800	+7.636e+03	+3.103e+03	+1.010e+04	+0.289
18.900	+6.575e+03	+3.985e+03	+8.626e+03	+0.377
19.000	+6.959e+03	+2.563e+03	+1.131e+04	+0.269
19.100	+8.008e+03	+1.210e+03	+7.374e+03	+0.131
19.200	+7.367e+03	+3.100e+03	+1.034e+04	+0.296
19.300	+7.400e+03	+2.408e+03	+1.081e+04	+0.246
19.400	+7.145e+03	+3.096e+03	+8.779e+03	+0.302
19.500	+6.794e+03	+2.876e+03	+9.236e+03	+0.297
19.600	+6.649e+03	+2.715e+03	+9.654e+03	+0.290
19.700	+7.528e+03	+3.666e+03	+1.022e+04	+0.328
19.800	+5.971e+03	+3.421e+03	+8.118e+03	+0.364
19.900	+6.169e+03	+3.076e+03	+8.541e+03	+0.333
20.000	+7.080e+03	+2.635e+03	+1.126e+04	+0.271
20.100	+7.872e+03	+3.588e+03	+1.081e+04	+0.313
20.200	+7.342e+03	+3.800e+03	+8.771e+03	+0.341
20.300	+6.328e+03	+1.891e+03	+9.173e+03	+0.230
20.400	+6.464e+03	-5.284e+02	+9.524e+03	-0.089
20.500	+6.923e+03	+2.446e+03	+8.411e+03	+0.261
20.600	+6.371e+03	+4.065e+03	+1.137e+04	+0.390
20.700	+5.279e+03	+5.345e+03	+9.928e+03	+0.503
20.800	+3.754e+03	+6.409e+03	+7.933e+03	+0.631
20.900	+3.723e+03	+7.031e+03	+9.806e+03	+0.654
21.000	+1.362e+03	+7.723e+03	+1.049e+04	+0.850
21.100	+2.801e+03	+7.757e+03	+1.023e+04	+0.735
21.200	+3.069e+03	+8.283e+03	+1.024e+04	+0.730
21.300	+2.457e+03	+6.426e+03	+1.051e+04	+0.723
21.400	+3.060e+03	+8.363e+03	+1.069e+04	+0.732
21.500	+2.044e+03	+7.447e+03	+8.805e+03	+0.785
21.600	+2.528e+03	+5.144e+03	+1.087e+04	+0.670
21.700	+3.213e+03	+8.111e+03	+1.131e+04	+0.716
21.800	+3.695e+03	+8.394e+03	+9.108e+03	+0.694
21.900	+1.314e+03	+8.688e+03	+9.727e+03	+0.869
22.000	+2.852e+03	+6.705e+03	+9.816e+03	+0.702
22.100	+3.561e+03	+8.604e+03	+9.928e+03	+0.707
22.200	+2.878e+03	+6.970e+03	+1.008e+04	+0.708
22.300	+2.598e+03	+7.789e+03	+9.570e+03	+0.750
22.400	+3.900e+03	+6.986e+03	+9.205e+03	+0.642
22.500	+2.670e+03	+6.768e+03	+9.977e+03	+0.717
22.600	+2.916e+03	+6.307e+03	+9.278e+03	+0.684
22.700	+3.488e+03	+5.927e+03	+1.059e+04	+0.630
22.800	+4.418e+03	+7.077e+03	+1.108e+04	+0.616
22.900	+4.012e+03	+6.557e+03	+8.257e+03	+0.620
23.000	+2.653e+03	+5.782e+03	+9.249e+03	+0.685
23.100	+3.518e+03	+7.872e+03	+9.235e+03	+0.691
23.200	+2.933e+03	+6.667e+03	+1.042e+04	+0.694
23.300	+4.489e+03	+5.055e+03	+9.512e+03	+0.530
23.400	+7.203e+03	+2.053e+03	+8.901e+03	+0.222
23.500	+5.802e+03	+4.537e+03	+9.236e+03	+0.439
23.600	+3.766e+03	+6.331e+03	+9.329e+03	+0.627
23.700	+1.802e+03	+7.677e+03	+1.032e+04	+0.810
23.800	+3.452e+03	+9.039e+03	+1.006e+04	+0.724
23.900	+2.608e+03	+7.254e+03	+9.974e+03	+0.736
24.000	+3.110e+03	+8.147e+03	+8.988e+03	+0.724
24.100	+3.899e+03	+6.369e+03	+1.097e+04	+0.620
24.200	+2.302e+03	+7.347e+03	+9.554e+03	+0.761
24.300	+3.539e+03	+6.106e+03	+1.212e+04	+0.633
24.400	+3.512e+03	+6.551e+03	+9.840e+03	+0.651
24.500	+1.907e+03	+7.748e+03	+1.038e+04	+0.803
24.600	+2.706e+03	+6.180e+03	+1.072e+04	+0.695
24.700	+4.348e+03	+7.274e+03	+9.575e+03	+0.626
24.800	+2.271e+03	+8.608e+03	+8.401e+03	+0.791
24.900	+3.406e+03	+8.052e+03	+9.506e+03	+0.703
25.000	+3.380e+03	+6.567e+03	+1.151e+04	+0.660
25.100	+3.065e+03	+7.310e+03	+1.036e+04	+0.705
25.200	+4.246e+03	+6.220e+03	+9.923e+03	+0.594
25.300	+7.827e+03	+2.894e+03	+1.025e+04	+0.270
25.400	+7.856e+03	+3.142e+03	+9.106e+03	+0.286
25.500	+7.510e+03	+2.914e+03	+1.015e+04	+0.280
25.600	+7.474e+03	+2.557e+03	+9.413e+03	+0.255
25.700	+8.138e+03	+3.190e+03	+1.164e+04	+0.282
25.800	+9.334e+03	+3.698e+03	+1.108e+04	+0.284
25.900	+5.743e+03	+3.055e+03	+1.007e+04	+0.347
26.000	+3.419e+03	+5.892e+03	+1.092e+04	+0.633
26.100	+3.361e+03	+7.139e+03	+1.156e+04	+0.680
26.200	+2.940e+03	+9.786e+03	+1.261e+04	+0.769
26.300	+3.787e+03	+6.672e+03	+8.037e+03	+0.638
26.400	+6.045e+03	+1.933e+03	+1.031e+04	+0.242
26.500	+6.686e+03	+2.442e+03	+9.664e+03	+0.268
26.600	+6.983e+03	+3.700e+03	+9.650e+03	+0.346
26.700	+7.013e+03	+3.998e+03	+1.024e+04	+0.363
26.800	+7.395e+03	+3.056e+03	+1.023e+04	+0.292
26.900	+7.532e+03	+3.627e+03	+1.163e+04	+0.325
27.000	+5.257e+03	+3.920e+03	+1.042e+04	+0.427
27.100	+5.026e+03	+5.338e+03	+9.960e+03	+0.515
27.200	+7.708e+02	+6.590e+03	+8.853e+03	+0.895
27.300	+2.632e+03	+6.475e+03	+1.031e+04	+0.711
27.400	+3.508e+03	+6.307e+03	+1.018e+04	+0.643
27.500	+2.585e+03	+7.230e+03	+1.038e+04	+0.737
27.600	+1.401e+03	+7.203e+03	+9.951e+03	+0.837
27.700	+2.738e+03	+7.531e+03	+8.669e+03	+0.733
27.800	+2.386e+03	+6.664e+03	+1.009e+04	+0.736
27.900	+3.285e+03	+7.043e+03	+8.822e+03	+0.682
28.000	+4.089e+03	+6.608e+03	+9.660e+03	+0.618
28.100	+1.193e+03	+6.139e+03	+1.087e+04	+0.837
28.200	+2.611e+03	+7.727e+03	+1.080e+04	+0.747
28.300	+1.793e+03	+7.563e+03	+9.812e+03	+0.808
28.400	+1.612e+03	+7.471e+03	+1.162e+04	+0.823
28.500	+5.574e+03	+4.971e+03	+1.071e+04	+0.471
28.600	+6.447e+03	+2.563e+03	+1.060e+04	+0.284
28.700	+6.931e+03	+3.305e+03	+1.045e+04	+0.323
28.800	+6.087e+03	+4.278e+03	+1.084e+04	+0.413
28.900	+7.119e+03	+3.564e+03	+9.783e+03	+0.334
29.000	+6.047e+03	+2.248e+03	+9.646e+03	+0.271
29.100	+5.891e+03	+2.115e+03	+9.949e+03	+0.264
29.200	+7.331e+03	+3.797e+03	+1.038e+04	+0.341
29.300	+6.907e+03	+2.833e+03	+1.057e+04	+0.291
29.400	+6.278e+03	+3.603e+03	+1.110e+04	+0.365
29.500	+7.639e+03	+1.881e+03	+9.025e+03	+0.198
29.600	+7.528e+03	+2.996e+03	+1.126e+04	+0.285
29.700	+6.624e+03	+4.738e+03	+8.839e+03	+0.417
29.800	+7.977e+03	+1.363e+03	+8.562e+03	+0.146
29.900	+7.621e+03	+3.663e+03	+1.039e+04	+0.325
30.000	+5.415e+03	+3.039e+03	+9.714e+03	+0.359
30.100	+7.457e+03	+3.134e+03	+1.059e+04	+0.296
30.200	+6.460e+03	+2.585e+03	+1.076e+04	+0.286
30.300	+7.351e+03	+3.604e+03	+9.238e+03	+0.329
30.400	+3.124e+03	+6.741e+03	+9.865e+03	+0.683
30.500	+1.697e+03	+6.384e+03	+1.015e+04	+0.790
30.600	+3.590e+03	+4.480e+03	+9.324e+03	+0.555
30.700	+2.761e+03	+7.022e+03	+1.073e+04	+0.718
30.800	+2.579e+03	+7.088e+03	+9.344e+03	+0.733
30.900	+3.562e+03	+7.125e+03	+1.076e+04	+0.667
31.000	+3.585e+03	+7.227e+03	+8.635e+03	+0.668
31.100	+3.303e+03	+8.407e+03	+9.730e+03	+0.718
31.200	+4.432e+03	+6.894e+03	+8.892e+03	+0.609
31.300	+5.045e+03	+3.087e+03	+1.055e+04	+0.380
31.400	+5.214e+03	+2.625e+03	+9.394e+03	+0.335
31.500	+6.975e+03	+2.927e+03	+9.387e+03	+0.296
31.600	+5.284e+03	+3.410e+03	+8.962e+03	+0.392
31.700	+6.506e+03	+2.218e+03	+9.024e+03	+0.254
31.800	+2.564e+03	+6.977e+03	+9.890e+03	+0.731
31.900	+2.135e+03	+6.191e+03	+9.263e+03	+0.744
32.000	+2.685e+03	+7.039e+03	+1.017e+04	+0.724
32.100	+3.331e+03	+7.356e+03	+1.014e+04	+0.688
32.200	+4.229e+03	+8.816e+03	+9.148e+03	+0.676
32.300	+3.287e+03	+5.887e+03	+9.272e+03	+0.642
32.400	+3.953e+03	+7.697e+03	+9.571e+03	+0.661
32.500	+3.975e+03	+5.500e+03	+9.681e+03	+0.580
32.600	+3.547e+03	+7.931e+03	+1.150e+04	+0.691
32.700	+2.455e+03	+7.971e+03	+9.526e+03	+0.765
32.800	+2.188e+03	+6.431e+03	+8.866e+03	+0.746
32.900	+4.160e+03	+6.563e+03	+9.307e+03	+0.612
33.000	+6.224e+03	+2.429e+03	+1.022e+04	+0.281
33.100	+7.009e+03	+3.273e+03	+8.544e+03	+0.318
33.200	+8.741e+03	+2.085e+03	+9.446e+03	+0.193
33.300	+7.091e+03	+1.961e+03	+9.834e+03	+0.217
33.400	+6.689e+03	+4.054e+03	+8.845e+03	+0.377
33.500	+3.558e+03	+6.178e+03	+9.013e+03	+0.635
33.600	+3.212e+03	+7.949e+03	+1.025e+04	+0.712
33.700	+2.767e+03	+6.176e+03	+1.087e+04	+0.691
33.800	+3.127e+03	+7.369e+03	+1.086e+04	+0.702
33.900	+3.518e+03	+7.405e+03	+9.444e+03	+0.678
34.000	+3.770e+03	+7.381e+03	+9.267e+03	+0.662
34.100	+3.079e+03	+6.725e+03	+1.013e+04	+0.686
34.200	+2.897e+03	+8.335e+03	+1.036e+04	+0.742
34.300	+2.885e+03	+7.387e+03	+9.380e+03	+0.719
34.400	+3.017e+03	+6.706e+03	+9.652e+03	+0.690
34.500	+4.236e+03	+7.350e+03	+9.822e+03	+0.634
34.600	+3.317e+03	+8.101e+03	+9.567e+03	+0.709
34.700	+4.922e+03	+7.165e+03	+1.135e+04	+0.593
34.800	+3.135e+03	+6.323e+03	+1.022e+04	+0.669
34.900	+2.695e+03	+5.849e+03	+9.342e+03	+0.685
35.000	+2.543e+03	+7.116e+03	+8.751e+03	+0.737
35.100	+2.527e+03	+6.481e+03	+9.900e+03	+0.719
35.200	+3.417e+03	+6.689e+03	+1.101e+04	+0.662
35.300	+2.696e+03	+5.568e+03	+8.326e+03	+0.674
35.400	+3.796e+03	+6.144e+03	+1.062e+04	+0.618
35.500	+1.917e+03	+6.588e+03	+9.977e+03	+0.775
35.600	+2.292e+03	+7.989e+03	+9.677e+03	+0.777
35.700	+3.360e+03	+5.808e+03	+1.036e+04	+0.634
35.800	+2.528e+03	+5.653e+03	+9.421e+03	+0.691
35.900	+3.068e+03	+7.345e+03	+9.964e+03	+0.705
36.000	+3.433e+03	+7.260e+03	+9.431e+03	+0.679
36.100	+3.268e+03	+7.663e+03	+9.515e+03	+0.701
36.200	+3.094e+03	+7.230e+03	+9.830e+03	+0.700
36.300	+3.034e+03	+6.596e+03	+1.222e+04	+0.685
36.400	+3.678e+03	+6.443e+03	+9.568e+03	+0.637
36.500	+2.816e+03	+6.698e+03	+1.033e+04	+0.704
36.600	+2.931e+03	+8.267e+03	+1.024e+04	+0.738
36.700	+3.381e+03	+8.576e+03	+1.011e+04	+0.717
36.800	+2.480e+03	+5.531e+03	+1.000e+04	+0.690
36.900	+3.262e+03	+6.827e+03	+9.120e+03	+0.677
37.000	+2.463e+03	+6.287e+03	+9.951e+03	+0.718
37.100	+1.813e+03	+6.400e+03	+9.504e+03	+0.779
37.200	+3.600e+03	+7.482e+03	+1.155e+04	+0.675
37.300	+3.203e+03	+7.847e+03	+1.097e+04	+0.710
37.400	+2.046e+03	+7.585e+03	+1.008e+04	+0.788
37.500	+1.432e+03	+6.815e+03	+1.078e+04	+0.826
37.600	+8.627e+02	+7.144e+03	+9.872e+03	+0.892
37.700	+2.901e+03	+8.380e+03	+1.116e+04	+0.743
37.800	+2.995e+03	+6.508e+03	+1.057e+04	+0.685
37.900	+3.600e+03	+6.012e+03	+9.659e+03	+0.625
38.000	+2.796e+03	+6.664e+03	+1.032e+04	+0.704
38.100	+1.887e+03	+8.066e+03	+1.074e+04	+0.810
38.200	+2.040e+03	+6.494e+03	+9.919e+03	+0.761
38.300	+2.649e+03	+6.221e+03	+9.841e+03	+0.701
38.400	+2.247e+03	+6.051e+03	+9.204e+03	+0.729
38.500	+2.595e+03	+7.473e+03	+9.897e+03	+0.742
38.600	+2.504e+03	+7.970e+03	+1.008e+04	+0.761
38.700	+3.316e+03	+5.964e+03	+1.071e+04	+0.643
38.800	+3.327e+03	+7.395e+03	+1.078e+04	+0.690
38.900	+3.422e+03	+5.885e+03	+9.250e+03	+0.632
39.000	+2.292e+03	+7.478e+03	+1.058e+04	+0.765
39.100	+1.951e+03	+7.926e+03	+9.941e+03	+0.802
39.200	+2.550e+03	+5.369e+03	+1.084e+04	+0.678
39.300	+2.876e+03	+7.910e+03	+1.034e+04	+0.733
39.400	+3.776e+03	+6.781e+03	+1.011e+04	+0.642
39.500	+3.310e+03	+7.268e+03	+1.058e+04	+0.687
39.600	+2.475e+03	+5.713e+03	+9.595e+03	+0.698
39.700	+2.265e+03	+7.043e+03	+9.764e+03	+0.757
39.800	+1.599e+03	+6.201e+03	+1.055e+04	+0.795
39.900	+4.191e+03	+7.061e+03	+8.361e+03	+0.628
40.000	+2.706e+03	+6.713e+03	+1.080e+04	+0.713
40.100	+1.717e+03	+6.352e+03	+1.097e+04	+0.787
40.200	+3.528e+03	+6.103e+03	+9.681e+03	+0.634
40.300	+2.888e+03	+7.667e+03	+1.100e+04	+0.726
40.400	+2.154e+03	+7.269e+03	+9.214e+03	+0.771
40.500	+2.580e+03	+7.821e+03	+1.128e+04	+0.752
40.600	+2.326e+03	+7.522e+03	+9.319e+03	+0.764
40.700	+2.168e+03	+7.745e+03	+9.864e+03	+0.781
40.800	+3.181e+03	+7.618e+03	+1.081e+04	+0.705
40.900	+2.339e+03	+5.714e+03	+1.139e+04	+0.710
41.000	+4.019e+03	+6.140e+03	+1.011e+04	+0.604
41.100	+2.050e+03	+6.921e+03	+1.098e+04	+0.771
41.200	+3.100e+03	+8.214e+03	+9.504e+03	+0.726
41.300	+4.735e+03	+8.353e+03	+1.028e+04	+0.638
41.400	+2.514e+03	+7.254e+03	+7.808e+03	+0.743
41.500	+2.503e+03	+7.167e+03	+1.085e+04	+0.741
41.600	+2.686e+03	+6.749e+03	+9.735e+03	+0.715
41.700	+3.034e+03	+6.452e+03	+9.879e+03	+0.680
41.800	+1.226e+03	+7.587e+03	+1.129e+04	+0.861
41.900	+2.259e+03	+6.252e+03	+9.219e+03	+0.735
42.000	+2.721e+03	+8.393e+03	+9.122e+03	+0.755
42.100	+2.954e+03	+8.055e+03	+1.029e+04	+0.732
42.200	+2.402e+03	+6.506e+03	+9.278e+03	+0.730
42.300	+3.594e+03	+6.906e+03	+1.061e+04	+0.658
42.400	+3.007e+03	+8.267e+03	+9.814e+03	+0.733
42.500	+3.555e+03	+6.283e+03	+8.566e+03	+0.639
42.600	+3.208e+03	+7.365e+03	+9.718e+03	+0.697
42.700	+3.260e+03	+7.560e+03	+1.026e+04	+0.699
42.800	+3.438e+03	+6.334e+03	+9.060e+03	+0.648
42.900	+4.153e+03	+4.838e+03	+9.474e+03	+0.538
43.000	+5.899e+03	+4.083e+03	+1.039e+04	+0.409
43.100	+7.344e+03	+4.216e+03	+8.120e+03	+0.365
43.200	+6.546e+03	+2.900e+03	+9.031e+03	+0.307
43.300	+5.671e+03	+3.298e+03	+1.115e+04	+0.368
43.400	+6.590e+03	+2.273e+03	+9.048e+03	+0.256
43.500	+6.613e+03	+4.825e+03	+1.013e+04	+0.422
43.600	+4.199e+03	+4.743e+03	+1.005e+04	+0.530
43.700	+2.019e+03	+5.443e+03	+1.009e+04	+0.729
43.800	+2.767e+03	+5.451e+03	+1.069e+04	+0.663
43.900	+2.146e+03	+6.003e+03	+1.030e+04	+0.737
44.000	+3.233e+03	+7.425e+03	+1.006e+04	+0.697
44.100	+2.251e+03	+7.912e+03	+8.793e+03	+0.778
44.200	+3.628e+03	+6.036e+03	+8.749e+03	+0.625
44.300	+2.693e+03	+5.969e+03	+9.563e+03	+0.689
44.400	+2.434e+03	+7.474e+03	+9.765e+03	+0.754
44.500	+3.323e+03	+8.172e+03	+9.623e+03	+0.711
44.600	+3.152e+03	+7.279e+03	+1.215e+04	+0.698
44.700	+3.250e+03	+6.420e+03	+9.236e+03	+0.664
44.800	+2.228e+03	+7.239e+03	+1.030e+04	+0.765
44.900	+1.734e+03	+7.164e+03	+9.410e+03	+0.805
45.000	+7.659e+03	+3.710e+03	+9.735e+03	+0.326
45.100	+7.269e+03	+2.783e+03	+9.094e+03	+0.277
45.200	+6.792e+03	+1.868e+03	+9.684e+03	+0.216
45.300	+7.299e+03	+2.222e+03	+9.355e+03	+0.233
45.400	+7.352e+03	+2.995e+03	+1.329e+04	+0.289
45.500	+6.430e+03	+4.630e+03	+8.334e+03	+0.419
45.600	+7.692e+03	+3.599e+03	+9.640e+03	+0.319
45.700	+6.756e+03	+3.033e+03	+1.085e+04	+0.310
45.800	+7.400e+03	+3.842e+03	+9.613e+03	+0.342
45.900	+8.041e+03	+4.918e+03	+1.073e+04	+0.380
46.000	+8.051e+03	+3.127e+03	+1.108e+04	+0.280
46.100	+5.295e+03	+3.560e+03	+9.825e+03	+0.402
46.200	+6.698e+03	+3.371e+03	+9.445e+03	+0.335
46.300	+6.144e+03	+3.208e+03	+1.159e+04	+0.343
46.400	+6.891e+03	+4.715e+03	+9.429e+03	+0.406
46.500	+6.743e+03	+1.846e+03	+9.671e+03	+0.215
46.600	+2.977e+03	+6.625e+03	+9.763e+03	+0.690
46.700	+1.663e+03	+6.800e+03	+1.011e+04	+0.804
46.800	+3.586e+03	+5.462e+03	+1.001e+04	+0.604
46.900	+3.569e+03	+7.940e+03	+1.051e+04	+0.690
47.000	+2.600e+03	+5.030e+03	+9.424e+03	+0.659
47.100	+3.159e+03	+7.462e+03	+1.073e+04	+0.703
47.200	+4.994e+03	+7.727e+03	+9.642e+03	+0.607
47.300	+3.079e+03	+7.765e+03	+1.102e+04	+0.716
47.400	+1.528e+03	+7.124e+03	+1.000e+04	+0.823
47.500	+5.434e+03	+4.510e+03	+1.081e+04	+0.454
47.600	+4.471e+03	+5.543e+03	+8.935e+03	+0.554
47.700	+2.493e+03	+6.330e+03	+8.929e+03	+0.717
47.800	+2.865e+03	+6.282e+03	+9.203e+03	+0.687
47.900	+1.392e+03	+7.531e+03	+9.353e+03	+0.844
48.000	+1.496e+03	+4.839e+03	+1.070e+04	+0.764
48.100	+2.611e+03	+7.718e+03	+9.480e+03	+0.747
48.200	+2.403e+03	+6.467e+03	+9.956e+03	+0.729
48.300	+2.824e+03	+6.693e+03	+1.027e+04	+0.703
48.400	+3.100e+03	+7.508e+03	+9.709e+03	+0.708
48.500	+3.635e+03	+6.904e+03	+8.365e+03	+0.655
48.600	+2.760e+03	+6.555e+03	+1.160e+04	+0.704
48.700	+2.667e+03	+8.052e+03	+9.776e+03	+0.751
48.800	+3.083e+03	+7.403e+03	+9.843e+03	+0.706
48.900	+1.273e+03	+8.299e+03	+8.756e+03	+0.867
49.000	+3.935e+03	+7.394e+03	+9.038e+03	+0.653
49.100	+4.045e+03	+8.289e+03	+8.089e+03	+0.672
49.200	+2.540e+03	+7.055e+03	+1.015e+04	+0.735
49.300	+2.899e+03	+8.622e+03	+1.138e+04	+0.748
49.400	+2.215e+03	+6.379e+03	+9.778e+03	+0.742
49.500	+3.838e+03	+5.467e+03	+9.797e+03	+0.588
49.600	+2.785e+03	+6.678e+03	+9.476e+03	+0.706
49.700	+3.370e+03	+7.653e+03	+9.695e+03	+0.694
49.800	+3.420e+03	+5.569e+03	+9.777e+03	+0.620
49.900	+3.122e+03	+4.965e+03	+9.301e+03	+0.614
50.000	+4.282e+03	+8.076e+03	+8.983e+03	+0.653
50.100	+2.351e+03	+5.560e+03	+9.959e+03	+0.703
50.200	+4.247e+03	+6.407e+03	+9.984e+03	+0.601
50.300	+2.121e+03	+7.281e+03	+1.081e+04	+0.774
50.400	+6.291e+03	+2.755e+03	+1.089e+04	+0.305
50.500	+6.127e+03	+4.457e+03	+9.379e+03	+0.421
50.600	+6.302e+03	+2.817e+03	+8.305e+03	+0.309
50.700	+6.531e+03	+3.812e+03	+9.624e+03	+0.369
50.800	+5.802e+03	+9.964e+02	+1.011e+04	+0.147
50.900	+6.974e+03	+2.579e+03	+1.125e+04	+0.270
51.000	+7.263e+03	+2.232e+03	+9.777e+03	+0.235
51.100	+6.544e+03	+2.646e+03	+9.961e+03	+0.288
51.200	+7.861e+03	+3.263e+03	+1.049e+04	+0.293
51.300	+7.393e+03	+2.829e+03	+9.826e+03	+0.277
51.400	+7.308e+03	+3.681e+03	+1.026e+04	+0.335
51.500	+7.867e+03	+2.767e+03	+1.024e+04	+0.260
51.600	+8.129e+03	+3.045e+03	+9.124e+03	+0.272
51.700	+7.720e+03	+1.955e+03	+1.058e+04	+0.202
51.800	+6.255e+03	+2.967e+03	+9.984e+03	+0.322
51.900	+5.876e+03	+4.200e+03	+9.694e+03	+0.417
52.000	+7.964e+03	+2.194e+03	+1.158e+04	+0.216
52.100	+3.686e+03	+6.260e+03	+9.741e+03	+0.629
52.200	+1.635e+03	+7.651e+03	+9.897e+03	+0.824
52.300	+3.232e+03	+6.106e+03	+9.632e+03	+0.654
52.400	+3.478e+03	+6.994e+03	+1.053e+04	+0.668
52.500	+3.166e+03	+7.391e+03	+9.440e+03	+0.700
52.600	+3.632e+03	+7.305e+03	+1.023e+04	+0.668
52.700	+3.332e+03	+7.000e+03	+9.557e+03	+0.678
52.800	+2.849e+03	+6.852e+03	+9.073e+03	+0.706
52.900	+3.832e+03	+7.211e+03	+1.037e+04	+0.653
53.000	+2.032e+03	+6.701e+03	+8.806e+03	+0.767
53.100	+4.439e+03	+7.195e+03	+9.434e+03	+0.618
53.200	+3.272e+03	+6.778e+03	+9.757e+03	+0.674
53.300	+3.902e+03	+7.731e+03	+9.285e+03	+0.665
53.400	+1.503e+03	+6.493e+03	+1.006e+04	+0.812
53.500	+8.042e+03	+2.952e+03	+9.630e+03	+0.268
53.600	+7.137e+03	+3.566e+03	+1.073e+04	+0.333
53.700	+5.016e+03	+4.651e+03	+9.913e+03	+0.481
53.800	+2.436e+03	+6.417e+03	+1.042e+04	+0.725
53.900	+2.256e+03	+6.768e+03	+1.136e+04	+0.750
54.000	+2.946e+03	+6.354e+03	+1.202e+04	+0.683
54.100	+3.552e+03	+6.151e+03	+1.011e+04	+0.634
54.200	+3.148e+03	+7.437e+03	+9.640e+03	+0.703
54.300	+2.200e+03	+6.195e+03	+1.003e+04	+0.738
54.400	+3.258e+03	+6.915e+03	+8.771e+03	+0.680
54.500	+3.634e+03	+7.727e+03	+9.098e+03	+0.680
54.600	+3.564e+03	+6.371e+03	+9.774e+03	+0.641
54.700	+3.342e+03	+6.894e+03	+1.001e+04	+0.674
54.800	+2.854e+03	+8.754e+03	+1.011e+04	+0.754
54.900	+4.013e+03	+5.492e+03	+1.029e+04	+0.578
55.000	+1.161e+03	+6.627e+03	+9.626e+03	+0.851
55.100	+1.239e+03	+8.676e+03	+1.019e+04	+0.875
55.200	+3.994e+03	+6.282e+03	+9.324e+03	+0.611
55.300	+3.084e+03	+7.313e+03	+1.063e+04	+0.703
55.400	+2.473e+03	+7.848e+03	+9.552e+03	+0.760
55.500	+3.533e+03	+6.889e+03	+1.109e+04	+0.661
55.600	+3.118e+03	+5.516e+03	+9.981e+03	+0.639
55.700	+3.428e+03	+8.131e+03	+8.911e+03	+0.703
55.800	+1.913e+03	+6.691e+03	+9.242e+03	+0.778
55.900	+3.259e+03	+7.995e+03	+1.065e+04	+0.710
56.000	+2.328e+03	+6.019e+03	+1.078e+04	+0.721
56.100	+5.129e+03	+5.593e+03	+1.001e+04	+0.522
56.200	+2.078e+03	+6.213e+03	+1.184e+04	+0.749
56.300	+3.585e+03	+6.697e+03	+9.669e+03	+0.651
56.400	+2.516e+03	+5.590e+03	+1.150e+04	+0.690
56.500	+2.799e+03	+6.061e+03	+1.009e+04	+0.684
56.600	+3.034e+03	+6.370e+03	+9.797e+03	+0.677
56.700	+3.345e+03	+7.242e+03	+1.081e+04	+0.684
56.800	+3.053e+03	+5.555e+03	+9.870e+03	+0.645
56.900	+1.834e+03	+7.767e+03	+1.023e+04	+0.809
57.000	+2.937e+03	+7.168e+03	+9.587e+03	+0.709
57.100	+3.846e+03	+6.445e+03	+9.578e+03	+0.626
57.200	+3.360e+03	+7.501e+03	+9.436e+03	+0.691
57.300	+1.846e+03	+8.253e+03	+1.081e+04	+0.817
57.400	+3.039e+03	+7.504e+03	+9.388e+03	+0.712
57.500	+3.082e+03	+5.788e+03	+9.858e+03	+0.653
57.600	+2.381e+03	+7.572e+03	+9.513e+03	+0.761
57.700	+2.840e+03	+7.828e+03	+8.895e+03	+0.734
57.800	+5.057e+03	+4.601e+03	+1.074e+04	+0.476
57.900	+5.586e+03	+2.935e+03	+1.100e+04	+0.344
58.000	+4.903e+03	+5.356e+03	+9.946e+03	+0.522
58.100	+3.274e+03	+6.023e+03	+9.441e+03	+0.648
58.200	+2.338e+03	+7.661e+03	+9.491e+03	+0.766
58.300	+3.746e+03	+6.897e+03	+8.582e+03	+0.648
58.400	+3.136e+03	+7.900e+03	+1.047e+04	+0.716
58.500	+4.493e+03	+5.825e+03	+8.447e+03	+0.565
58.600	+2.686e+03	+7.562e+03	+9.277e+03	+0.738
58.700	+2.697e+03	+7.229e+03	+9.583e+03	+0.728
58.800	+2.592e+03	+7.391e+03	+9.276e+03	+0.740
58.900	+1.998e+03	+8.017e+03	+9.891e+03	+0.800
59.000	+3.452e+03	+8.203e+03	+9.570e+03	+0.704
59.100	+2.975e+03	+5.965e+03	+8.817e+03	+0.667
59.200	+1.614e+03	+6.951e+03	+9.270e+03	+0.812
59.300	+4.967e+03	+5.898e+03	+1.100e+04	+0.543
59.400	+3.134e+03	+6.805e+03	+1.033e+04	+0.685
59.500	+3.640e+03	+5.028e+03	+9.080e+03	+0.580
59.600	+3.100e+03	+6.400e+03	+8.630e+03	+0.674
59.700	+3.816e+03	+6.727e+03	+9.223e+03	+0.638
59.800	+7.444e+03	+3.425e+03	+1.069e+04	+0.315
59.900	+8.656e+03	+3.444e+03	+9.193e+03	+0.285
60.000	+7.368e+03	+2.891e+03	+9.746e+03	+0.282
60.100	+7.148e+03	+2.997e+03	+9.180e+03	+0.295
60.200	+6.905e+03	+2.926e+03	+1.121e+04	+0.298
60.300	+6.651e+03	+3.360e+03	+8.670e+03	+0.336
60.400	+4.817e+03	+3.989e+03	+9.770e+03	+0.453
60.500	+3.656e+03	+6.638e+03	+9.693e+03	+0.645
60.600	+3.305e+03	+7.170e+03	+9.601e+03	+0.685
60.700	+2.105e+03	+7.383e+03	+1.056e+04	+0.778
60.800	+4.543e+03	+7.684e+03	+8.679e+03	+0.628
60.900	+3.443e+03	+7.275e+03	+1.041e+04	+0.679
61.000	+3.318e+03	+5.797e+03	+9.358e+03	+0.636
61.100	+3.310e+03	+6.966e+03	+1.034e+04	+0.678
61.200	+2.878e+03	+7.395e+03	+1.040e+04	+0.720
61.300	+2.854e+03	+8.119e+03	+1.062e+04	+0.740
61.400	+2.705e+03	+6.325e+03	+8.300e+03	+0.700
61.500	+1.394e+03	+7.068e+03	+9.954e+03	+0.835
61.600	+2.342e+03	+7.528e+03	+8.802e+03	+0.763
61.700	+3.096e+03	+6.588e+03	+1.026e+04	+0.680
61.800	+4.582e+03	+3.999e+03	+1.005e+04	+0.466
61.900	+5.752e+03	+1.804e+03	+9.734e+03	+0.239
62.000	+8.319e+03	+2.528e+03	+9.639e+03	+0.233
62.100	+7.246e+03	+1.396e+03	+1.042e+04	+0.162
62.200	+6.112e+03	+3.385e+03	+9.547e+03	+0.356
62.300	+8.171e+03	+1.942e+03	+9.731e+03	+0.192
62.400	+6.921e+03	+3.443e+03	+1.016e+04	+0.332
62.500	+6.583e+03	+3.309e+03	+1.055e+04	+0.335
62.600	+4.114e+03	+6.649e+03	+9.551e+03	+0.618
62.700	+4.719e+03	+6.641e+03	+9.633e+03	+0.585
62.800	+3.947e+03	+7.330e+03	+1.100e+04	+0.650
62.900	+1.871e+03	+5.557e+03	+1.097e+04	+0.748
63.000	+7.174e+03	+4.464e+03	+1.023e+04	+0.384
63.100	+3.986e+03	+5.817e+03	+1.072e+04	+0.593
63.200	+3.920e+03	+8.883e+03	+9.496e+03	+0.694
63.300	+3.052e+03	+7.916e+03	+1.005e+04	+0.722
63.400	+6.044e+03	+3.590e+03	+9.406e+03	+0.373
63.500	+6.215e+03	+2.649e+03	+9.529e+03	+0.299
63.600	+2.226e+03	+6.127e+03	+1.017e+04	+0.734
63.700	+3.933e+03	+7.333e+03	+1.107e+04	+0.651
63.800	+1.890e+03	+6.572e+03	+8.749e+03	+0.777
63.900	+2.706e+03	+7.514e+03	+1.001e+04	+0.735
64.000	+1.704e+03	+6.767e+03	+1.032e+04	+0.799
64.100	+2.020e+03	+8.651e+03	+1.118e+04	+0.811
64.200	+2.011e+03	+6.608e+03	+1.054e+04	+0.767
64.300	+2.550e+03	+8.585e+03	+1.064e+04	+0.771
64.400	+4.012e+03	+5.936e+03	+9.998e+03	+0.597
64.500	+6.927e+03	+1.830e+03	+9.863e+03	+0.209
64.600	+6.836e+03	+2.468e+03	+1.063e+04	+0.265
64.700	+7.245e+03	+4.949e+03	+9.807e+03	+0.406
64.800	+8.043e+03	+2.198e+03	+1.041e+04	+0.215
64.900	+5.792e+03	+2.973e+03	+9.557e+03	+0.339
65.000	+7.361e+03	+2.766e+03	+1.025e+04	+0.273
65.100	+7.320e+03	+1.575e+03	+1.082e+04	+0.177
65.200	+6.942e+03	+3.274e+03	+1.091e+04	+0.320
65.300	+6.033e+03	+3.540e+03	+9.906e+03	+0.370
65.400	+2.192e+03	+7.964e+03	+1.137e+04	+0.784
65.500	+1.157e+03	+6.853e+03	+9.734e+03	+0.856
65.600	+3.119e+03	+6.517e+03	+1.012e+04	+0.676
65.700	+3.392e+03	+7.173e+03	+1.060e+04	+0.679
65.800	+2.712e+03	+7.247e+03	+1.008e+04	+0.728
65.900	+3.184e+03	+5.726e+03	+1.015e+04	+0.643
66.000	+1.424e+03	+7.157e+03	+9.564e+03	+0.834
66.100	+3.330e+03	+6.837e+03	+9.727e+03	+0.672
66.200	+4.159e+03	+7.701e+03	+9.802e+03	+0.649
66.300	+3.009e+03	+7.321e+03	+1.128e+04	+0.709
66.400	+1.659e+03	+7.407e+03	+8.970e+03	+0.817
66.500	+3.103e+03	+7.391e+03	+1.014e+04	+0.704
66.600	+3.252e+03	+8.026e+03	+1.055e+04	+0.712
66.700	+4.090e+03	+7.031e+03	+9.805e+03	+0.632
66.800	+3.828e+03	+7.448e+03	+9.130e+03	+0.661
66.900	+3.955e+03	+7.634e+03	+1.068e+04	+0.659
67.000	+4.208e+03	+6.165e+03	+9.435e+03	+0.594
67.100	+6.855e+03	+1.379e+03	+9.699e+03	+0.168
67.200	+7.267e+03	+2.478e+03	+1.036e+04	+0.254
67.300	+5.323e+03	+2.376e+03	+1.143e+04	+0.309
67.400	+7.240e+03	+2.167e+03	+1.007e+04	+0.230
67.500	+4.582e+03	+5.286e+03	+9.482e+03	+0.536
67.600	+3.891e+03	+8.400e+03	+9.710e+03	+0.683
67.700	+3.235e+03	+8.216e+03	+9.800e+03	+0.717
67.800	+2.655e+03	+6.965e+03	+1.009e+04	+0.724
67.900	+4.126e+03	+7.317e+03	+1.027e+04	+0.639
68.000	+2.097e+03	+7.222e+03	+1.072e+04	+0.775
68.100	+2.693e+03	+6.803e+03	+1.064e+04	+0.716
68.200	+2.053e+03	+8.226e+03	+1.026e+04	+0.800
68.300	+2.839e+03	+6.273e+03	+1.004e+04	+0.688
68.400	+3.905e+03	+7.022e+03	+1.005e+04	+0.643
68.500	+1.301e+03	+6.716e+03	+9.967e+03	+0.838
68.600	+4.668e+03	+6.034e+03	+8.908e+03	+0.564
68.700	+1.675e+03	+6.795e+03	+1.144e+04	+0.802
68.800	+3.069e+03	+7.368e+03	+9.607e+03	+0.706
68.900	+2.594e+03	+8.857e+03	+1.017e+04	+0.773
69.000	+3.549e+03	+7.073e+03	+9.897e+03	+0.666
69.100	+4.030e+03	+8.042e+03	+1.017e+04	+0.666
69.200	+2.926e+03	+6.968e+03	+9.876e+03	+0.704
69.300	+2.673e+03	+8.083e+03	+9.685e+03	+0.751
69.400	+1.991e+03	+6.610e+03	+1.047e+04	+0.769
69.500	+2.845e+03	+6.358e+03	+9.806e+03	+0.691
69.600	+7.623e+02	+7.592e+03	+1.066e+04	+0.909
69.700	+3.271e+03	+8.641e+03	+1.003e+04	+0.725
69.800	+3.707e+03	+6.600e+03	+9.261e+03	+0.640
69.900	+3.625e+03	+6.907e+03	+9.783e+03	+0.656
70.000	+2.412e+03	+7.912e+03	+9.159e+03	+0.766
70.100	+4.683e+03	+6.967e+03	+1.028e+04	+0.598
70.200	+2.795e+03	+7.265e+03	+1.037e+04	+0.722
70.300	+2.446e+03	+7.291e+03	+9.216e+03	+0.749
70.400	+3.523e+03	+6.716e+03	+1.041e+04	+0.656
70.500	+3.917e+03	+5.716e+03	+9.994e+03	+0.593
70.600	+3.152e+03	+6.612e+03	+9.481e+03	+0.677
70.700	+2.445e+03	+6.718e+03	+9.726e+03	+0.733
70.800	+3.626e+03	+8.130e+03	+8.803e+03	+0.692
70.900	+3.383e+03	+7.537e+03	+1.022e+04	+0.690
71.000	+3.874e+03	+6.657e+03	+9.863e+03	+0.632
71.100	+7.706e+03	+3.494e+03	+1.057e+04	+0.312
71.200	+5.679e+03	+3.896e+03	+1.053e+04	+0.407
71.300	+5.840e+03	+2.305e+03	+9.924e+03	+0.283
71.400	+6.996e+03	+2.695e+03	+9.512e+03	+0.278
71.500	+6.568e+03	+3.002e+03	+9.219e+03	+0.314
71.600	+7.708e+03	+1.863e+03	+9.648e+03	+0.195
71.700	+6.691e+03	+2.523e+03	+1.054e+04	+0.274
71.800	+6.943e+03	+4.436e+03	+1.042e+04	+0.390
71.900	+3.918e+03	+7.229e+03	+9.939e+03	+0.648
72.000	+1.913e+03	+7.414e+03	+1.167e+04	+0.795
72.100	+3.181e+03	+6.817e+03	+1.068e+04	+0.682
72.200	+2.109e+03	+7.581e+03	+1.088e+04	+0.782
72.300	+3.884e+03	+7.354e+03	+1.033e+04	+0.654
72.400	+3.467e+03	+7.616e+03	+1.078e+04	+0.687
72.500	+3.685e+03	+9.672e+03	+9.047e+03	+0.724
72.600	+4.586e+03	+7.739e+03	+9.218e+03	+0.628
72.700	+2.689e+03	+6.875e+03	+1.071e+04	+0.719
72.800	+3.183e+03	+7.393e+03	+1.031e+04	+0.699
72.900	+2.795e+03	+6.663e+03	+1.004e+04	+0.704
73.000	+1.834e+03	+7.541e+03	+1.017e+04	+0.804
73.100	+2.667e+03	+7.128e+03	+9.160e+03	+0.728
73.200	+3.107e+03	+7.149e+03	+1.019e+04	+0.697
73.300	+2.798e+03	+7.361e+03	+1.006e+04	+0.725
73.400	+4.809e+03	+6.476e+03	+8.153e+03	+0.574
73.500	+3.053e+03	+5.880e+03	+9.214e+03	+0.658
73.600	+3.889e+03	+8.155e+03	+9.649e+03	+0.677
73.700	+3.527e+03	+8.401e+03	+8.802e+03	+0.704
73.800	+3.180e+03	+7.347e+03	+1.010e+04	+0.698
73.900	+1.627e+03	+5.869e+03	+1.083e+04	+0.783
74.000	+2.745e+03	+6.364e+03	+1.037e+04	+0.699
74.100	+1.220e+03	+6.593e+03	+1.054e+04	+0.844
74.200	+2.944e+03	+6.850e+03	+1.046e+04	+0.699
74.300	+4.059e+03	+8.912e+03	+9.080e+03	+0.687
74.400	+2.422e+03	+6.269e+03	+1.061e+04	+0.721
74.500	+2.872e+03	+6.976e+03	+1.150e+04	+0.708
74.600	+3.309e+03	+6.287e+03	+1.017e+04	+0.655
74.700	+2.718e+03	+6.294e+03	+1.022e+04	+0.698
74.800	+3.001e+03	+7.858e+03	+9.685e+03	+0.724
74.900	+7.318e+03	+2.379e+03	+8.840e+03	+0.245
75.000	+7.885e+03	+3.600e+03	+8.991e+03	+0.313
75.100	+6.305e+03	+2.319e+03	+9.818e+03	+0.269
75.200	+7.194e+03	+1.827e+03	+1.035e+04	+0.203
75.300	+6.944e+03	+3.817e+03	+9.354e+03	+0.355
75.400	+6.089e+03	+4.053e+03	+8.748e+03	+0.400
75.500	+6.598e+03	+2.837e+03	+9.755e+03	+0.301
75.600	+5.157e+03	+4.605e+03	+1.026e+04	+0.472
75.700	+3.240e+03	+6.675e+03	+9.777e+03	+0.673
75.800	+2.331e+03	+7.767e+03	+9.676e+03	+0.769
75.900	+3.373e+03	+6.139e+03	+1.025e+04	+0.645
76.000	+3.324e+03	+8.009e+03	+9.224e+03	+0.707
76.100	+3.531e+03	+8.334e+03	+9.994e+03	+0.702
76.200	+4.182e+03	+5.463e+03	+1.027e+04	+0.566
76.300	+6.468e+03	+2.624e+03	+1.061e+04	+0.289
76.400	+6.722e+03	+2.476e+03	+9.596e+03	+0.269
76.500	+7.607e+03	+1.541e+03	+9.743e+03	+0.168
76.600	+8.138e+03	+4.351e+03	+9.751e+03	+0.348
76.700	+7.847e+03	+3.309e+03	+1.015e+04	+0.297
76.800	+7.504e+03	+2.709e+03	+1.036e+04	+0.265
76.900	+7.444e+03	+2.738e+03	+1.185e+04	+0.269
77.000	+7.575e+03	+3.687e+03	+1.021e+04	+0.327
77.100	+6.783e+03	+1.720e+03	+9.771e+03	+0.202
77.200	+5.949e+03	+3.066e+03	+1.077e+04	+0.340
77.300	+8.155e+03	+3.054e+03	+9.306e+03	+0.272
77.400	+6.895e+03	+3.975e+03	+1.065e+04	+0.366
77.500	+6.871e+03	+2.108e+03	+9.464e+03	+0.235
77.600	+6.886e+03	+3.963e+03	+8.580e+03	+0.365
77.700	+6.464e+03	+2.648e+03	+1.083e+04	+0.291
77.800	+6.841e+03	+4.036e+03	+1.025e+04	+0.371
77.900	+7.382e+03	+3.791e+03	+1.086e+04	+0.339
78.000	+4.386e+03	+5.481e+03	+8.995e+03	+0.555
78.100	+3.289e+03	+7.778e+03	+9.294e+03	+0.703
78.200	+3.298e+03	+7.923e+03	+1.099e+04	+0.706
78.300	+2.942e+03	+7.219e+03	+1.046e+04	+0.710
78.400	+3.556e+03	+6.794e+03	+9.993e+03	+0.656
78.500	+2.991e+03	+6.477e+03	+1.029e+04	+0.684
78.600	+3.107e+03	+7.245e+03	+1.133e+04	+0.700
78.700	+3.824e+03	+7.646e+03	+1.008e+04	+0.667
78.800	+2.740e+03	+6.212e+03	+1.033e+04	+0.694
78.900	+4.178e+03	+8.373e+03	+9.899e+03	+0.667
79.000	+2.486e+03	+6.716e+03	+1.016e+04	+0.730
79.100	+3.304e+03	+5.781e+03	+1.048e+04	+0.636
79.200	+1.959e+03	+7.170e+03	+9.780e+03	+0.785
79.300	+2.533e+03	+7.596e+03	+1.039e+04	+0.750
79.400	+3.040e+03	+7.770e+03	+1.063e+04	+0.719
79.500	+2.135e+03	+7.161e+03	+1.019e+04	+0.770
79.600	+2.691e+03	+7.235e+03	+9.210e+03	+0.729
79.700	+3.696e+03	+6.160e+03	+8.645e+03	+0.625
79.800	+1.950e+03	+7.114e+03	+1.013e+04	+0.785
79.900	+3.425e+03	+6.606e+03	+1.008e+04	+0.659
80.000	+4.159e+03	+6.462e+03	+1.062e+04	+0.608
80.100	+2.195e+03	+5.956e+03	+1.086e+04	+0.731
80.200	+3.144e+03	+6.800e+03	+1.097e+04	+0.684
80.300	+1.876e+03	+7.411e+03	+1.031e+04	+0.798
80.400	+1.971e+03	+7.959e+03	+9.151e+03	+0.801
80.500	+4.535e+03	+5.920e+03	+8.849e+03	+0.566
80.600	+2.986e+03	+6.681e+03	+9.323e+03	+0.691
80.700	+4.262e+03	+7.708e+03	+9.419e+03	+0.644
80.800	+2.882e+03	+7.351e+03	+9.672e+03	+0.718
80.900	+1.120e+03	+5.764e+03	+1.010e+04	+0.837
81.000	+2.787e+03	+6.957e+03	+9.345e+03	+0.714
81.100	+2.170e+03	+7.587e+03	+1.135e+04	+0.778
81.200	+2.568e+03	+5.256e+03	+9.500e+03	+0.672
81.300	+4.658e+03	+7.748e+03	+1.070e+04	+0.625
81.400	+3.642e+03	+7.864e+03	+1.040e+04	+0.683
81.500	+1.949e+03	+6.620e+03	+1.030e+04	+0.773
81.600	+2.038e+03	+6.337e+03	+9.516e+03	+0.757
81.700	+2.887e+03	+6.718e+03	+9.490e+03	+0.699
81.800	+1.961e+03	+8.621e+03	+1.000e+04	+0.815
81.900	+3.276e+03	+6.154e+03	+9.338e+03	+0.653
82.000	+2.213e+03	+6.120e+03	+9.760e+03	+0.734
82.100	+2.467e+03	+6.979e+03	+1.002e+04	+0.739
82.200	+2.872e+03	+7.140e+03	+1.129e+04	+0.713
82.300	+4.524e+03	+6.739e+03	+9.925e+03	+0.598
82.400	+3.344e+03	+6.927e+03	+9.548e+03	+0.674
82.500	+3.435e+03	+5.794e+03	+1.080e+04	+0.628
82.600	+2.683e+03	+6.547e+03	+8.822e+03	+0.709
82.700	+1.302e+03	+6.700e+03	+9.585e+03	+0.837
82.800	+1.068e+03	+7.049e+03	+9.996e+03	+0.868
82.900	+2.865e+03	+7.354e+03	+9.723e+03	+0.720
83.000	+8.050e+03	+3.147e+03	+9.631e+03	+0.281
83.100	+6.231e+03	+3.382e+03	+1.055e+04	+0.352
83.200	+6.247e+03	+2.526e+03	+9.721e+03	+0.288
83.300	+6.963e+03	+3.610e+03	+1.005e+04	+0.341
83.400	+7.064e+03	+2.201e+03	+1.030e+04	+0.238
83.500	+5.915e+03	+3.488e+03	+9.205e+03	+0.371
83.600	+6.501e+03	+2.773e+03	+1.143e+04	+0.299
83.700	+5.554e+03	+2.289e+03	+1.036e+04	+0.292
83.800	+7.033e+03	+3.997e+03	+9.585e+03	+0.362
83.900	+6.361e+03	+3.185e+03	+1.058e+04	+0.334
84.000	+6.599e+03	+4.230e+03	+1.093e+04	+0.391
84.100	+6.922e+03	+2.282e+03	+1.090e+04	+0.248
84.200	+6.966e+03	+2.922e+03	+1.080e+04	+0.295
84.300	+5.970e+03	+2.835e+03	+9.943e+03	+0.322
84.400	+5.907e+03	+4.024e+03	+1.180e+04	+0.405
84.500	+8.505e+03	+3.571e+03	+8.823e+03	+0.296
84.600	+8.017e+03	+2.253e+03	+1.042e+04	+0.219
84.700	+6.903e+03	+3.430e+03	+8.951e+03	+0.332
84.800	+6.021e+03	+3.219e+03	+1.091e+04	+0.348
84.900	+6.223e+03	+1.384e+03	+1.011e+04	+0.182
85.000	+5.703e+03	+2.921e+03	+1.057e+04	+0.339
85.100	+7.014e+03	+2.367e+03	+8.578e+03	+0.252
85.200	+5.573e+03	+2.816e+03	+8.507e+03	+0.336
85.300	+7.566e+03	+2.099e+03	+1.075e+04	+0.217
85.400	+6.449e+03	+2.867e+03	+1.094e+04	+0.308
85.500	+7.093e+03	+2.428e+03	+9.093e+03	+0.255
85.600	+7.763e+03	+2.686e+03	+1.044e+04	+0.257
85.700	+6.462e+03	+2.501e+03	+9.672e+03	+0.279
85.800	+5.040e+03	+1.946e+03	+1.028e+04	+0.279
85.900	+7.515e+03	+2.589e+03	+1.002e+04	+0.256
86.000	+5.891e+03	+3.793e+03	+1.090e+04	+0.392
86.100	+7.920e+03	+2.984e+03	+1.032e+04	+0.274
86.200	+7.135e+03	+2.244e+03	+1.002e+04	+0.239
86.300	+7.491e+03	+2.722e+03	+1.033e+04	+0.266
86.400	+6.595e+03	+4.462e+03	+8.552e+03	+0.404
86.500	+8.338e+03	+3.969e+03	+1.134e+04	+0.322
86.600	+7.664e+03	+2.653e+03	+9.020e+03	+0.257
86.700	+7.521e+03	+3.493e+03	+9.039e+03	+0.317
86.800	+5.815e+03	+1.961e+03	+1.074e+04	+0.252
86.900	+7.384e+03	+3.544e+03	+8.989e+03	+0.324
87.000	+6.559e+03	+2.156e+03	+1.055e+04	+0.247
87.100	+3.121e+03	+7.258e+03	+8.814e+03	+0.699
87.200	+5.730e+03	+4.276e+03	+1.032e+04	+0.427
87.300	+8.226e+03	+2.974e+03	+1.064e+04	+0.266
87.400	+7.486e+03	+2.339e+03	+8.345e+03	+0.238
87.500	+7.348e+03	+2.642e+03	+9.649e+03	+0.264
87.600	+6.722e+03	+1.457e+03	+8.372e+03	+0.178
87.700	+7.114e+03	+2.835e+03	+1.055e+04	+0.285
87.800	+7.926e+03	+3.174e+03	+1.024e+04	+0.286
87.900	+7.435e+03	+3.896e+03	+9.357e+03	+0.344
88.000	+6.491e+03	+3.613e+03	+1.009e+04	+0.358
88.100	+7.954e+03	+2.949e+03	+1.098e+04	+0.270
88.200	+6.420e+03	+2.416e+03	+8.073e+03	+0.273
88.300	+6.422e+03	+2.205e+03	+9.989e+03	+0.256
88.400	+7.454e+03	+3.136e+03	+1.027e+04	+0.296
88.500	+6.802e+03	+3.977e+03	+9.916e+03	+0.369
88.600	+4.766e+03	+3.611e+03	+8.844e+03	+0.431
88.700	+7.550e+03	+1.870e+03	+9.871e+03	+0.199
88.800	+8.446e+03	+4.318e+03	+9.674e+03	+0.338
88.900	+8.651e+03	+3.449e+03	+1.107e+04	+0.285
89.000	+7.208e+03	+2.345e+03	+9.283e+03	+0.245
89.100	+7.543e+03	+2.902e+03	+1.081e+04	+0.278
89.200	+6.818e+03	+3.232e+03	+1.009e+04	+0.322
89.300	+6.553e+03	+2.777e+03	+9.988e+03	+0.298
89.400	+6.935e+03	+1.840e+03	+9.776e+03	+0.210
89.500	+7.114e+03	+2.500e+03	+9.389e+03	+0.260
89.600	+6.043e+03	+1.735e+03	+9.716e+03	+0.223
89.700	+6.485e+03	+1.962e+03	+8.854e+03	+0.232
89.800	+6.703e+03	+2.963e+03	+8.988e+03	+0.307
89.900	+6.503e+03	+2.432e+03	+1.045e+04	+0.272
90.000	+7.291e+03	+2.435e+03	+1.066e+04	+0.250
90.100	+6.421e+03	+4.189e+03	+9.342e+03	+0.395
90.200	+7.698e+03	+9.024e+02	+1.103e+04	+0.105
90.300	+5.078e+03	+2.431e+03	+9.746e+03	+0.324
90.400	+7.869e+02	+7.065e+03	+1.043e+04	+0.900
90.500	+3.064e+03	+8.274e+03	+9.112e+03	+0.730
90.600	+1.261e+03	+6.825e+03	+1.092e+04	+0.844
90.700	+3.024e+03	+6.512e+03	+1.005e+04	+0.683
90.800	+1.783e+03	+7.301e+03	+1.077e+04	+0.804
90.900	+3.286e+03	+6.417e+03	+1.041e+04	+0.661
91.000	+1.685e+03	+6.736e+03	+1.015e+04	+0.800
91.100	+3.389e+03	+6.124e+03	+9.248e+03	+0.644
91.200	+2.479e+03	+7.605e+03	+1.078e+04	+0.754
91.300	+3.455e+03	+7.664e+03	+1.005e+04	+0.689
91.400	+2.671e+03	+6.820e+03	+1.041e+04	+0.719
91.500	+2.964e+03	+6.010e+03	+8.837e+03	+0.670
91.600	+2.204e+03	+8.779e+03	+9.517e+03	+0.799
91.700	+3.957e+03	+7.668e+03	+9.953e+03	+0.660
91.800	+1.897e+03	+6.379e+03	+1.174e+04	+0.771
91.900	+4.223e+03	+8.241e+03	+1.038e+04	+0.661
92.000	+3.533e+03	+7.194e+03	+1.097e+04	+0.671
92.100	+2.393e+03	+7.777e+03	+1.029e+04	+0.765
92.200	+2.808e+03	+6.913e+03	+1.017e+04	+0.711
92.300	+2.520e+03	+7.521e+03	+1.124e+04	+0.749
92.400	+1.945e+03	+7.440e+03	+9.893e+03	+0.793
92.500	+2.625e+03	+5.819e+03	+9.166e+03	+0.689
92.600	+3.792e+03	+6.099e+03	+1.044e+04	+0.617
92.700	+2.048e+03	+6.624e+03	+1.184e+04	+0.764
92.800	+4.016e+03	+7.754e+03	+1.023e+04	+0.659
92.900	+2.787e+03	+7.242e+03	+9.559e+03	+0.722
93.000	+3.186e+03	+7.486e+03	+1.087e+04	+0.701
93.100	+2.552e+03	+8.627e+03	+1.129e+04	+0.772
93.200	+4.610e+03	+5.545e+03	+1.046e+04	+0.546
93.300	+3.937e+03	+7.848e+03	+9.047e+03	+0.666
93.400	+3.271e+03	+6.586e+03	+9.194e+03	+0.668
93.500	+4.107e+03	+7.223e+03	+8.424e+03	+0.638
93.600	+1.229e+03	+7.172e+03	+9.157e+03	+0.854
93.700	+2.573e+03	+5.672e+03	+1.090e+04	+0.688
93.800	+4.680e+03	+5.801e+03	+9.809e+03	+0.554
93.900	+6.197e+03	+2.310e+03	+1.088e+04	+0.272
94.000	+6.324e+03	+1.951e+03	+9.823e+03	+0.236
94.100	+7.691e+03	+3.312e+03	+9.735e+03	+0.301
94.200	+8.366e+03	+3.426e+03	+1.004e+04	+0.291
94.300	+8.169e+03	+2.435e+03	+9.984e+03	+0.230
94.400	+6.871e+03	+3.984e+03	+1.045e+04	+0.367
94.500	+7.750e+03	+1.285e+03	+1.066e+04	+0.142
94.600	+5.721e+03	+3.846e+03	+9.080e+03	+0.402
94.700	+7.936e+03	+3.385e+03	+1.014e+04	+0.299
94.800	+6.531e+03	+2.406e+03	+8.972e+03	+0.269
94.900	+7.165e+03	+3.102e+03	+1.074e+04	+0.302
95.000	+5.683e+03	+3.542e+03	+1.110e+04	+0.384
95.100	+8.162e+03	+3.029e+03	+1.040e+04	+0.271
95.200	+7.509e+03	+3.028e+03	+9.745e+03	+0.287
95.300	+7.996e+03	+3.329e+03	+9.887e+03	+0.294
95.400	+6.527e+03	+2.036e+03	+9.960e+03	+0.238
95.500	+8.037e+03	+2.914e+03	+1.103e+04	+0.266
95.600	+7.641e+03	+3.030e+03	+9.878e+03	+0.284
95.700	+6.596e+03	+4.719e+03	+9.442e+03	+0.417
95.800	+6.084e+03	+3.033e+03	+1.057e+04	+0.333
95.900	+6.560e+03	+1.969e+03	+9.412e+03	+0.231
96.000	+7.842e+03	+2.569e+03	+1.194e+04	+0.247
96.100	+6.587e+03	+3.781e+03	+1.095e+04	+0.365
96.200	+5.623e+03	+3.436e+03	+9.596e+03	+0.379
96.300	+7.736e+03	+3.607e+03	+1.028e+04	+0.318
96.400	+6.611e+03	+3.194e+03	+1.033e+04	+0.326
96.500	+6.254e+03	+2.829e+03	+9.529e+03	+0.311
96.600	+5.252e+03	+4.538e+03	+9.532e+03	+0.464
96.700	+5.308e+03	+5.297e+03	+1.011e+04	+0.499
96.800	+6.852e+03	+3.123e+03	+9.652e+03	+0.313
96.900	+7.262e+03	+2.708e+03	+1.013e+04	+0.272
97.000	+6.115e+03	+2.211e+03	+9.628e+03	+0.266
97.100	+7.570e+03	+2.683e+03	+1.008e+04	+0.262
97.200	+6.652e+03	+3.033e+03	+1.149e+04	+0.313
97.300	+6.308e+03	+3.994e+03	+1.033e+04	+0.388
97.400	+9.267e+03	+4.113e+03	+9.775e+03	+0.307
97.500	+4.234e+03	+7.459e+03	+1.022e+04	+0.638
97.600	+6.630e+03	+2.217e+03	+1.026e+04	+0.251
97.700	+8.477e+03	+2.108e+03	+8.588e+03	+0.199
97.800	+8.168e+03	+3.727e+03	+1.025e+04	+0.313
97.900	+7.353e+03	+3.729e+03	+1.071e+04	+0.336
98.000	+7.085e+03	+2.606e+03	+8.803e+03	+0.269
98.100	+7.177e+03	+2.316e+03	+9.134e+03	+0.244
98.200	+8.341e+03	+3.247e+03	+1.049e+04	+0.280
98.300	+5.362e+03	+3.786e+03	+1.010e+04	+0.414
98.400	+6.516e+03	+2.415e+03	+1.156e+04	+0.270
98.500	+7.569e+03	+2.603e+03	+9.799e+03	+0.256
98.600	+6.148e+03	+3.092e+03	+9.054e+03	+0.335
98.700	+5.908e+03	+2.394e+03	+9.474e+03	+0.288
98.800	+8.218e+03	+3.016e+03	+9.368e+03	+0.268
98.900	+7.610e+03	+3.607e+03	+9.055e+03	+0.322
99.000	+7.814e+03	+3.204e+03	+1.011e+04	+0.291
99.100	+8.378e+03	+2.508e+03	+1.037e+04	+0.230
99.200	+5.369e+03	+2.603e+03	+1.033e+04	+0.326
99.300	+3.869e+03	+7.545e+03	+9.266e+03	+0.661
99.400	+3.714e+03	+7.156e+03	+1.068e+04	+0.658
99.500	+3.605e+03	+6.429e+03	+9.850e+03	+0.641
99.600	+4.632e+03	+5.656e+03	+9.502e+03	+0.550
99.700	+3.452e+03	+7.722e+03	+9.898e+03	+0.691
99.800	+2.432e+03	+7.655e+03	+1.076e+04	+0.759
99.900	+1.974e+03	+5.977e+03	+9.295e+03	+0.752
100.000	+1.375e+03	+6.982e+03	+1.089e+04	+0.835
100.100	+2.676e+03	+7.030e+03	+1.021e+04	+0.724
100.200	+4.293e+03	+6.207e+03	+9.442e+03	+0.591
100.300	+1.562e+03	+6.683e+03	+1.004e+04	+0.811
100.400	+2.246e+03	+8.031e+03	+9.848e+03	+0.781
100.500	+2.747e+03	+6.373e+03	+1.009e+04	+0.699
100.600	+3.411e+03	+6.768e+03	+1.145e+04	+0.665
100.700	+2.350e+03	+7.392e+03	+9.977e+03	+0.759
100.800	+2.365e+03	+6.223e+03	+1.057e+04	+0.725
100.900	+2.508e+03	+8.725e+03	+9.431e+03	+0.777
101.000	+2.859e+03	+7.193e+03	+1.120e+04	+0.716
101.100	+2.577e+03	+7.223e+03	+9.767e+03	+0.737
101.200	+2.855e+03	+8.161e+03	+9.574e+03	+0.741
101.300	+3.221e+03	+8.417e+03	+9.620e+03	+0.723
101.400	+3.091e+03	+5.988e+03	+9.445e+03	+0.660
101.500	+3.097e+03	+7.058e+03	+1.066e+04	+0.695
101.600	+2.618e+03	+7.090e+03	+9.462e+03	+0.730
101.700	+3.200e+03	+7.270e+03	+1.041e+04	+0.694
101.800	+2.537e+03	+7.827e+03	+9.180e+03	+0.755
101.900	+3.716e+03	+7.718e+03	+9.998e+03	+0.675
102.000	+2.620e+03	+6.641e+03	+9.599e+03	+0.717
102.100	+1.801e+03	+8.191e+03	+9.660e+03	+0.820
102.200	+2.136e+03	+6.446e+03	+1.063e+04	+0.751
102.300	+3.080e+03	+8.187e+03	+9.176e+03	+0.727
102.400	+6.296e+03	+4.497e+03	+9.846e+03	+0.417
102.500	+7.364e+03	+3.351e+03	+8.359e+03	+0.313
102.600	+7.257e+03	+2.457e+03	+9.539e+03	+0.253
102.700	+7.078e+03	+4.452e+03	+9.022e+03	+0.386
102.800	+6.274e+03	+3.462e+03	+9.581e+03	+0.356
102.900	+6.107e+03	+2.423e+03	+1.064e+04	+0.284
103.000	+7.147e+03	+3.757e+03	+9.396e+03	+0.345
103.100	+7.416e+03	+2.925e+03	+1.128e+04	+0.283
103.200	+7.410e+03	+4.319e+03	+1.072e+04	+0.368
103.300	+8.658e+03	+1.925e+03	+7.545e+03	+0.182
103.400	+7.133e+03	+2.684e+03	+8.935e+03	+0.273
103.500	+7.400e+03	+2.359e+03	+1.157e+04	+0.242
103.600	+6.273e+03	+2.651e+03	+9.916e+03	+0.297
103.700	+7.767e+03	+3.633e+03	+9.672e+03	+0.319
103.800	+8.146e+03	+2.748e+03	+9.672e+03	+0.252
103.900	+7.905e+03	+3.666e+03	+1.012e+04	+0.317
104.000	+7.136e+03	+2.715e+03	+9.809e+03	+0.276
104.100	+6.103e+03	+4.205e+03	+9.910e+03	+0.408
104.200	+5.605e+03	+4.023e+03	+9.685e+03	+0.418
104.300	+7.307e+03	+2.873e+03	+9.957e+03	+0.282
104.400	+6.513e+03	+2.245e+03	+1.023e+04	+0.256
104.500	+7.407e+03	+2.143e+03	+1.146e+04	+0.224
104.600	+7.295e+03	+3.626e+03	+1.053e+04	+0.332
104.700	+6.244e+03	+2.483e+03	+1.087e+04	+0.284
104.800	+8.005e+03	+1.892e+03	+1.114e+04	+0.191
104.900	+7.400e+03	+2.506e+03	+9.011e+03	+0.253
105.000	+7.663e+03	+3.686e+03	+9.196e+03	+0.325
105.100	+6.762e+03	+2.222e+03	+9.352e+03	+0.247
105.200	+4.739e+03	+4.450e+03	+9.879e+03	+0.484
105.300	+3.823e+03	+6.144e+03	+9.446e+03	+0.616
105.400	+3.313e+03	+7.324e+03	+1.006e+04	+0.689
105.500	+3.447e+03	+6.842e+03	+9.867e+03	+0.665
105.600	+3.643e+03	+5.637e+03	+1.041e+04	+0.607
105.700	+2.919e+03	+5.515e+03	+8.692e+03	+0.654
105.800	+3.101e+03	+7.848e+03	+9.520e+03	+0.717
105.900	+2.870e+03	+6.983e+03	+1.036e+04	+0.709
106.000	+3.081e+03	+7.922e+03	+8.693e+03	+0.720
106.100	+3.088e+03	+8.507e+03	+9.818e+03	+0.734
106.200	+4.071e+03	+6.211e+03	+1.212e+04	+0.604
106.300	+2.917e+03	+7.223e+03	+1.053e+04	+0.712
106.400	+2.317e+03	+6.887e+03	+1.016e+04	+0.748
106.500	+2.841e+03	+7.206e+03	+1.082e+04	+0.717
106.600	+3.382e+03	+6.647e+03	+1.089e+04	+0.663
106.700	+3.461e+03	+6.971e+03	+9.774e+03	+0.668
106.800	+4.962e+03	+6.026e+03	+1.020e+04	+0.548
106.900	+6.275e+03	+4.351e+03	+9.954e+03	+0.409
107.000	+6.916e+03	+1.275e+03	+1.016e+04	+0.156
107.100	+6.772e+03	+3.488e+03	+9.170e+03	+0.340
