%t (s)	Idd (a.u.)	Ida (a.u.)	Iaa (a.u.)	FRET E
0.000	+4.617e+03	+6.623e+03	+9.805e+03	+0.589
0.100	+2.375e+03	+7.862e+03	+1.034e+04	+0.768
0.200	+3.657e+03	+6.013e+03	+8.861e+03	+0.622
0.300	+2.699e+03	+7.683e+03	+1.083e+04	+0.740
0.400	+3.340e+03	+7.661e+03	+9.538e+03	+0.696
0.500	+2.335e+03	+6.303e+03	+1.031e+04	+0.730
0.600	+6.375e+03	+3.806e+03	+1.031e+04	+0.374
0.700	+1.890e+03	+7.642e+03	+1.145e+04	+0.802
0.800	+2.170e+03	+6.748e+03	+1.075e+04	+0.757
0.900	+3.571e+03	+7.859e+03	+9.608e+03	+0.688
1.000	+3.589e+03	+7.022e+03	+9.630e+03	+0.662
1.100	+3.899e+03	+8.430e+03	+9.690e+03	+0.684
1.200	+3.170e+03	+6.469e+03	+1.009e+04	+0.671
1.300	+3.391e+03	+6.961e+03	+9.521e+03	+0.672
1.400	+6.938e+03	+3.924e+03	+1.028e+04	+0.361
1.500	+6.259e+03	+2.976e+03	+9.986e+03	+0.322
1.600	+6.074e+03	+1.783e+03	+8.740e+03	+0.227
1.700	+5.699e+03	+2.656e+03	+1.041e+04	+0.318
1.800	+6.960e+03	+3.879e+03	+1.152e+04	+0.358
1.900	+8.820e+03	+2.158e+03	+9.210e+03	+0.197
2.000	+6.486e+03	+1.332e+03	+1.128e+04	+0.170
2.100	+7.051e+03	+3.636e+03	+1.105e+04	+0.340
2.200	+6.194e+03	+3.444e+03	+9.843e+03	+0.357
2.300	+6.836e+03	+3.310e+03	+9.341e+03	+0.326
2.400	+7.850e+03	+3.387e+03	+1.028e+04	+0.301
2.500	+8.427e+03	+3.360e+03	+1.117e+04	+0.285
2.600	+3.537e+03	+7.772e+03	+1.036e+04	+0.687
2.700	+3.175e+03	+5.880e+03	+9.936e+03	+0.649
2.800	+1.951e+03	+7.507e+03	+1.022e+04	+0.794
2.900	+2.609e+03	+5.959e+03	+9.349e+03	+0.696
3.000	+2.815e+03	+8.642e+03	+1.045e+04	+0.754
3.100	+2.185e+03	+6.092e+03	+9.032e+03	+0.736
3.200	+1.732e+03	+8.855e+03	+1.062e+04	+0.836
3.300	+3.144e+03	+7.116e+03	+9.695e+03	+0.694
3.400	+1.731e+03	+7.100e+03	+9.895e+03	+0.804
3.500	+2.044e+03	+7.205e+03	+9.226e+03	+0.779
3.600	+3.243e+03	+6.103e+03	+9.497e+03	+0.653
3.700	+2.922e+03	+7.261e+03	+1.073e+04	+0.713
3.800	+1.701e+03	+8.372e+03	+1.040e+04	+0.831
3.900	+3.052e+03	+6.936e+03	+1.035e+04	+0.694
4.000	+2.290e+03	+7.426e+03	+9.920e+03	+0.764
4.100	+3.464e+03	+6.217e+03	+8.820e+03	+0.642
4.200	+3.341e+03	+8.443e+03	+1.043e+04	+0.716
4.300	+2.725e+03	+8.105e+03	+1.111e+04	+0.748
4.400	+3.779e+03	+7.279e+03	+1.044e+04	+0.658
4.500	+3.352e+03	+6.675e+03	+9.584e+03	+0.666
4.600	+1.199e+03	+6.027e+03	+1.133e+04	+0.834
4.700	+4.473e+03	+6.879e+03	+9.861e+03	+0.606
4.800	+2.514e+03	+6.521e+03	+9.384e+03	+0.722
4.900	+3.047e+03	+6.890e+03	+9.505e+03	+0.693
5.000	+6.967e+03	+2.648e+03	+1.037e+04	+0.275
5.100	+7.828e+03	+3.508e+03	+1.065e+04	+0.309
5.200	+5.837e+03	+3.629e+03	+1.113e+04	+0.383
5.300	+8.399e+03	+4.590e+03	+9.915e+03	+0.353
5.400	+6.974e+03	+2.387e+03	+1.027e+04	+0.255
5.500	+6.886e+03	+3.419e+03	+9.860e+03	+0.332
5.600	+3.163e+03	+7.102e+03	+8.576e+03	+0.692
5.700	+3.596e+03	+6.781e+03	+9.857e+03	+0.653
5.800	+1.558e+03	+6.702e+03	+8.901e+03	+0.811
5.900	+3.684e+03	+8.965e+03	+9.676e+03	+0.709
6.000	+3.722e+03	+7.651e+03	+1.099e+04	+0.673
6.100	+2.958e+03	+6.604e+03	+9.349e+03	+0.691
6.200	+3.718e+03	+8.259e+03	+1.052e+04	+0.690
6.300	+4.132e+03	+7.511e+03	+9.463e+03	+0.645
6.400	+2.741e+03	+8.111e+03	+9.481e+03	+0.747
6.500	+2.695e+03	+7.229e+03	+9.962e+03	+0.728
6.600	+2.520e+03	+7.576e+03	+1.025e+04	+0.750
6.700	+2.414e+03	+7.541e+03	+9.857e+03	+0.757
6.800	+2.118e+03	+7.997e+03	+1.009e+04	+0.791
6.900	+3.343e+03	+7.474e+03	+8.216e+03	+0.691
7.000	+2.010e+03	+7.790e+03	+1.135e+04	+0.795
7.100	+2.627e+03	+6.270e+03	+9.123e+03	+0.705
7.200	+3.359e+03	+7.101e+03	+1.044e+04	+0.679
7.300	+2.936e+03	+8.695e+03	+9.428e+03	+0.748
7.400	+2.466e+03	+7.684e+03	+1.303e+04	+0.757
7.500	+3.559e+03	+6.340e+03	+1.010e+04	+0.640
7.600	+3.792e+03	+6.556e+03	+8.946e+03	+0.634
7.700	+2.717e+03	+5.891e+03	+8.873e+03	+0.684
7.800	+2.154e+03	+8.083e+03	+9.835e+03	+0.790
7.900	+2.903e+03	+6.944e+03	+8.008e+03	+0.705
8.000	+3.712e+03	+6.131e+03	+9.046e+03	+0.623
8.100	+3.817e+03	+6.558e+03	+1.050e+04	+0.632
8.200	+4.027e+03	+5.862e+03	+8.387e+03	+0.593
8.300	+4.222e+03	+6.439e+03	+1.090e+04	+0.604
8.400	+4.476e+03	+7.330e+03	+9.704e+03	+0.621
8.500	+2.379e+03	+8.109e+03	+1.009e+04	+0.773
8.600	+3.005e+03	+6.009e+03	+9.608e+03	+0.667
8.700	+2.164e+03	+7.529e+03	+1.051e+04	+0.777
8.800	+2.332e+03	+6.188e+03	+9.040e+03	+0.726
8.900	+3.254e+03	+6.296e+03	+1.020e+04	+0.659
9.000	+2.730e+03	+7.227e+03	+9.863e+03	+0.726
9.100	+2.666e+03	+6.610e+03	+1.078e+04	+0.713
9.200	+2.278e+03	+5.939e+03	+8.954e+03	+0.723
9.300	+3.620e+03	+6.875e+03	+1.053e+04	+0.655
9.400	+3.709e+03	+8.769e+03	+1.049e+04	+0.703
9.500	+1.316e+03	+6.407e+03	+9.888e+03	+0.830
9.600	+3.200e+03	+9.352e+03	+9.626e+03	+0.745
9.700	+3.084e+03	+7.305e+03	+9.384e+03	+0.703
9.800	+2.359e+03	+6.537e+03	+8.704e+03	+0.735
9.900	+3.531e+03	+6.756e+03	+8.962e+03	+0.657
10.000	+2.109e+03	+8.272e+03	+8.852e+03	+0.797
10.100	+2.534e+03	+6.399e+03	+1.025e+04	+0.716
10.200	+2.779e+03	+7.547e+03	+1.138e+04	+0.731
10.300	+2.892e+03	+7.261e+03	+1.097e+04	+0.715
10.400	+2.948e+03	+7.477e+03	+9.335e+03	+0.717
10.500	+2.214e+03	+5.978e+03	+9.484e+03	+0.730
10.600	+3.117e+03	+6.834e+03	+1.061e+04	+0.687
10.700	+2.446e+03	+6.626e+03	+8.852e+03	+0.730
10.800	+3.158e+03	+7.707e+03	+9.757e+03	+0.709
10.900	+3.714e+03	+6.320e+03	+1.064e+04	+0.630
11.000	+3.550e+03	+6.331e+03	+9.231e+03	+0.641
11.100	+1.974e+03	+7.224e+03	+9.544e+03	+0.785
11.200	+3.117e+03	+7.724e+03	+9.140e+03	+0.713
11.300	+2.959e+03	+7.543e+03	+1.030e+04	+0.718
11.400	+6.108e+03	+5.157e+03	+9.494e+03	+0.458
11.500	+7.304e+03	+3.857e+03	+8.881e+03	+0.346
11.600	+6.421e+03	+2.841e+03	+1.035e+04	+0.307
11.700	+7.198e+03	+2.281e+03	+9.420e+03	+0.241
11.800	+8.593e+03	+4.688e+03	+9.738e+03	+0.353
11.900	+8.205e+03	+2.636e+03	+8.488e+03	+0.243
12.000	+7.979e+03	+2.701e+03	+9.940e+03	+0.253
12.100	+7.614e+03	+3.152e+03	+9.422e+03	+0.293
12.200	+7.577e+03	+2.869e+03	+1.017e+04	+0.275
12.300	+6.893e+03	+2.909e+03	+9.077e+03	+0.297
12.400	+6.229e+03	+4.229e+03	+9.787e+03	+0.404
12.500	+6.408e+03	+4.036e+03	+1.016e+04	+0.386
12.600	+6.300e+03	+3.638e+03	+1.031e+04	+0.366
12.700	+6.635e+03	+3.884e+03	+9.032e+03	+0.369
12.800	+6.451e+03	+1.358e+03	+9.667e+03	+0.174
12.900	+7.576e+03	+2.777e+03	+1.145e+04	+0.268
13.000	+8.105e+03	+3.216e+03	+1.018e+04	+0.284
13.100	+7.419e+03	+3.285e+03	+8.024e+03	+0.307
13.200	+7.619e+03	+3.158e+03	+1.090e+04	+0.293
13.300	+6.621e+03	+3.115e+03	+1.006e+04	+0.320
13.400	+6.347e+03	+1.821e+03	+9.740e+03	+0.223
13.500	+6.384e+03	+4.039e+03	+1.089e+04	+0.388
13.600	+7.409e+03	+4.219e+03	+9.120e+03	+0.363
13.700	+7.097e+03	+3.234e+03	+8.536e+03	+0.313
13.800	+7.353e+03	+2.852e+03	+8.984e+03	+0.279
13.900	+8.600e+03	+4.123e+03	+9.644e+03	+0.324
14.000	+7.004e+03	+2.096e+03	+1.074e+04	+0.230
14.100	+6.094e+03	+3.677e+03	+1.053e+04	+0.376
14.200	+6.264e+03	+4.311e+03	+1.054e+04	+0.408
14.300	+6.191e+03	+2.777e+03	+9.711e+03	+0.310
14.400	+7.696e+03	+2.616e+03	+9.161e+03	+0.254
14.500	+6.323e+03	+3.449e+03	+9.582e+03	+0.353
14.600	+7.679e+03	+2.907e+03	+8.565e+03	+0.275
14.700	+8.175e+03	+2.917e+03	+9.813e+03	+0.263
14.800	+7.368e+03	+2.720e+03	+9.504e+03	+0.270
14.900	+6.487e+03	+3.252e+03	+1.031e+04	+0.334
15.000	+6.080e+03	+2.699e+03	+1.098e+04	+0.307
15.100	+7.987e+03	+1.305e+03	+9.314e+03	+0.140
15.200	+8.169e+03	+3.058e+03	+1.147e+04	+0.272
15.300	+6.648e+03	+4.566e+03	+9.790e+03	+0.407
15.400	+6.585e+03	+3.496e+03	+1.083e+04	+0.347
15.500	+8.264e+03	+3.104e+03	+8.912e+03	+0.273
15.600	+7.302e+03	+3.457e+03	+9.578e+03	+0.321
15.700	+6.793e+03	+2.800e+03	+8.506e+03	+0.292
15.800	+7.562e+03	+2.909e+03	+9.305e+03	+0.278
15.900	+7.087e+03	+3.982e+03	+9.864e+03	+0.360
16.000	+6.401e+03	+4.097e+03	+1.051e+04	+0.390
16.100	+6.789e+03	+3.218e+03	+9.150e+03	+0.322
16.200	+8.255e+03	+3.127e+03	+9.528e+03	+0.275
16.300	+8.094e+03	+2.490e+03	+9.827e+03	+0.235
16.400	+7.356e+03	+2.615e+03	+8.865e+03	+0.262
16.500	+6.682e+03	+2.087e+03	+1.013e+04	+0.238
16.600	+5.615e+03	+3.923e+03	+1.086e+04	+0.411
16.700	+8.030e+03	+3.235e+03	+9.587e+03	+0.287
16.800	+6.358e+03	+3.752e+03	+8.754e+03	+0.371
16.900	+7.440e+03	+4.510e+03	+9.061e+03	+0.377
17.000	+7.067e+03	+3.626e+03	+9.281e+03	+0.339
17.100	+2.569e+03	+7.507e+03	+9.145e+03	+0.745
17.200	+2.542e+03	+7.355e+03	+1.090e+04	+0.743
17.300	+2.435e+03	+7.339e+03	+9.377e+03	+0.751
17.400	+2.300e+03	+6.895e+03	+1.015e+04	+0.750
17.500	+2.384e+03	+7.828e+03	+1.045e+04	+0.767
17.600	+3.359e+03	+7.893e+03	+1.060e+04	+0.702
17.700	+2.853e+03	+6.926e+03	+1.093e+04	+0.708
17.800	+2.134e+03	+6.629e+03	+9.026e+03	+0.756
17.900	+3.282e+03	+7.392e+03	+1.001e+04	+0.693
18.000	+3.069e+03	+7.198e+03	+9.596e+03	+0.701
18.100	+2.314e+03	+6.608e+03	+1.050e+04	+0.741
18.200	+4.695e+03	+6.344e+03	+1.070e+04	+0.575
18.300	+1.823e+03	+7.106e+03	+1.087e+04	+0.796
18.400	+4.361e+03	+5.777e+03	+8.941e+03	+0.570
18.500	+2.973e+03	+7.828e+03	+1.127e+04	+0.725
18.600	+2.782e+03	+6.535e+03	+1.086e+04	+0.701
18.700	+4.808e+03	+4.479e+03	+1.066e+04	+0.482
18.800	+3.236e+03	+7.504e+03	+1.022e+04	+0.699
18.900	+3.691e+03	+7.330e+03	+8.871e+03	+0.665
19.000	+3.192e+03	+5.880e+03	+9.043e+03	+0.648
19.100	+4.041e+03	+8.048e+03	+9.956e+03	+0.666
19.200	+6.681e+03	+3.852e+03	+1.059e+04	+0.366
19.300	+7.863e+03	+2.210e+03	+8.857e+03	+0.219
19.400	+3.769e+03	+5.902e+03	+9.967e+03	+0.610
19.500	+4.592e+03	+6.166e+03	+1.019e+04	+0.573
19.600	+1.797e+03	+7.113e+03	+9.271e+03	+0.798
19.700	+2.352e+03	+6.848e+03	+1.010e+04	+0.744
19.800	+2.857e+03	+6.543e+03	+9.414e+03	+0.696
19.900	+4.091e+03	+7.045e+03	+1.021e+04	+0.633
20.000	+3.944e+03	+6.924e+03	+1.116e+04	+0.637
20.100	+3.281e+03	+6.984e+03	+1.001e+04	+0.680
20.200	+2.243e+03	+6.528e+03	+9.743e+03	+0.744
20.300	+1.623e+03	+6.450e+03	+9.721e+03	+0.799
20.400	+3.414e+03	+7.280e+03	+9.432e+03	+0.681
20.500	+4.635e+03	+6.589e+03	+9.567e+03	+0.587
20.600	+2.937e+03	+6.859e+03	+1.045e+04	+0.700
20.700	+1.857e+03	+6.317e+03	+1.047e+04	+0.773
20.800	+2.881e+03	+6.932e+03	+1.053e+04	+0.706
20.900	+2.918e+03	+5.502e+03	+1.000e+04	+0.653
21.000	+3.575e+03	+7.829e+03	+8.663e+03	+0.686
21.100	+3.098e+03	+8.566e+03	+9.959e+03	+0.734
21.200	+3.218e+03	+8.194e+03	+1.003e+04	+0.718
21.300	+1.589e+03	+6.064e+03	+1.096e+04	+0.792
21.400	+1.271e+03	+6.974e+03	+1.077e+04	+0.846
21.500	+2.532e+03	+6.217e+03	+9.929e+03	+0.711
21.600	+4.297e+03	+6.519e+03	+8.884e+03	+0.603
21.700	+2.467e+03	+5.876e+03	+8.686e+03	+0.704
21.800	+9.656e+02	+7.343e+03	+9.947e+03	+0.884
21.900	+4.776e+03	+5.434e+03	+1.020e+04	+0.532
22.000	+2.755e+03	+6.743e+03	+1.039e+04	+0.710
22.100	+3.460e+03	+6.672e+03	+8.576e+03	+0.658
22.200	+3.971e+03	+7.062e+03	+1.221e+04	+0.640
22.300	+3.279e+03	+6.381e+03	+9.704e+03	+0.661
22.400	+3.379e+03	+7.093e+03	+9.875e+03	+0.677
22.500	+4.201e+03	+8.159e+03	+9.878e+03	+0.660
22.600	+3.129e+03	+6.852e+03	+1.125e+04	+0.687
22.700	+4.074e+03	+6.832e+03	+8.624e+03	+0.626
22.800	+3.088e+03	+7.371e+03	+1.046e+04	+0.705
22.900	+2.965e+03	+5.570e+03	+9.827e+03	+0.653
23.000	+4.045e+03	+7.583e+03	+1.108e+04	+0.652
23.100	+2.068e+03	+7.810e+03	+8.957e+03	+0.791
23.200	+4.052e+03	+6.909e+03	+9.384e+03	+0.630
23.300	+1.418e+03	+7.061e+03	+1.005e+04	+0.833
23.400	+4.109e+03	+6.146e+03	+8.758e+03	+0.599
23.500	+2.458e+03	+6.946e+03	+9.944e+03	+0.739
23.600	+2.470e+03	+6.197e+03	+1.052e+04	+0.715
23.700	+1.992e+03	+7.501e+03	+1.027e+04	+0.790
23.800	+1.806e+03	+6.898e+03	+1.032e+04	+0.792
23.900	+3.872e+03	+6.471e+03	+1.099e+04	+0.626
24.000	+2.387e+03	+7.198e+03	+8.954e+03	+0.751
24.100	+3.063e+03	+6.143e+03	+1.047e+04	+0.667
24.200	+1.918e+03	+7.159e+03	+9.825e+03	+0.789
24.300	+3.029e+03	+7.696e+03	+8.954e+03	+0.718
24.400	+3.022e+03	+7.324e+03	+8.996e+03	+0.708
24.500	+2.434e+03	+7.642e+03	+1.053e+04	+0.758
24.600	+4.863e+03	+6.060e+03	+9.355e+03	+0.555
24.700	+2.743e+03	+7.926e+03	+1.069e+04	+0.743
24.800	+4.348e+03	+7.263e+03	+1.106e+04	+0.626
24.900	+3.439e+03	+6.180e+03	+9.825e+03	+0.643
25.000	+3.199e+03	+6.350e+03	+1.034e+04	+0.665
25.100	+3.352e+03	+7.558e+03	+9.608e+03	+0.693
25.200	+4.275e+03	+6.786e+03	+1.140e+04	+0.614
25.300	+3.451e+03	+4.883e+03	+1.085e+04	+0.586
25.400	+2.270e+03	+6.410e+03	+1.105e+04	+0.739
25.500	+1.906e+03	+6.878e+03	+1.066e+04	+0.783
25.600	+2.624e+03	+6.261e+03	+9.342e+03	+0.705
25.700	+3.634e+03	+7.041e+03	+1.011e+04	+0.660
25.800	+3.369e+03	+6.880e+03	+9.998e+03	+0.671
25.900	+3.208e+03	+7.215e+03	+1.127e+04	+0.692
26.000	+1.877e+03	+8.309e+03	+9.855e+03	+0.816
26.100	+1.950e+03	+6.634e+03	+8.962e+03	+0.773
26.200	+2.605e+03	+6.295e+03	+9.388e+03	+0.707
26.300	+2.769e+03	+6.971e+03	+9.818e+03	+0.716
26.400	+1.986e+03	+7.802e+03	+8.960e+03	+0.797
26.500	+2.942e+03	+7.085e+03	+1.055e+04	+0.707
26.600	+3.333e+03	+7.949e+03	+9.603e+03	+0.705
26.700	+2.353e+03	+5.975e+03	+1.043e+04	+0.718
26.800	+2.567e+03	+8.233e+03	+1.217e+04	+0.762
26.900	+3.054e+03	+7.947e+03	+1.018e+04	+0.722
27.000	+2.952e+03	+5.304e+03	+9.619e+03	+0.642
27.100	+9.122e+02	+6.812e+03	+9.145e+03	+0.882
27.200	+3.700e+03	+5.635e+03	+1.107e+04	+0.604
27.300	+2.516e+03	+7.020e+03	+1.066e+04	+0.736
27.400	+4.081e+03	+6.789e+03	+1.151e+04	+0.625
27.500	+3.413e+03	+5.941e+03	+1.127e+04	+0.635
27.600	+2.042e+03	+6.737e+03	+1.184e+04	+0.767
27.700	+1.743e+03	+5.956e+03	+1.067e+04	+0.774
27.800	+2.982e+03	+7.207e+03	+1.020e+04	+0.707
27.900	+2.634e+03	+6.912e+03	+1.022e+04	+0.724
28.000	+2.884e+03	+7.233e+03	+1.075e+04	+0.715
28.100	+2.890e+03	+7.320e+03	+1.110e+04	+0.717
28.200	+3.083e+03	+5.940e+03	+1.001e+04	+0.658
28.300	+2.509e+03	+6.649e+03	+1.026e+04	+0.726
28.400	+3.690e+03	+6.990e+03	+8.971e+03	+0.655
28.500	+3.965e+03	+7.123e+03	+9.884e+03	+0.642
28.600	+3.781e+03	+7.547e+03	+1.003e+04	+0.666
28.700	+2.447e+03	+6.004e+03	+1.133e+04	+0.710
28.800	+3.778e+03	+6.611e+03	+8.883e+03	+0.636
28.900	+4.616e+03	+7.169e+03	+9.400e+03	+0.608
29.000	+5.793e+03	+3.587e+03	+1.025e+04	+0.382
29.100	+5.548e+03	+2.562e+03	+1.002e+04	+0.316
29.200	+6.532e+03	+3.341e+03	+9.583e+03	+0.338
29.300	+6.490e+03	+2.162e+03	+1.011e+04	+0.250
29.400	+5.984e+03	+3.024e+03	+1.012e+04	+0.336
29.500	+6.189e+03	+1.574e+03	+9.816e+03	+0.203
29.600	+8.466e+03	+2.776e+03	+8.904e+03	+0.247
29.700	+7.663e+03	+3.224e+03	+9.979e+03	+0.296
29.800	+7.830e+03	+2.142e+03	+1.164e+04	+0.215
29.900	+6.747e+03	+4.798e+03	+1.016e+04	+0.416
30.000	+6.371e+03	+3.370e+03	+1.069e+04	+0.346
30.100	+7.353e+03	+2.503e+03	+1.008e+04	+0.254
30.200	+7.162e+03	+1.983e+03	+9.131e+03	+0.217
30.300	+5.440e+03	+2.188e+03	+9.687e+03	+0.287
30.400	+6.437e+03	+1.672e+03	+1.039e+04	+0.206
30.500	+7.708e+03	+3.332e+03	+1.090e+04	+0.302
30.600	+5.646e+03	+3.560e+03	+9.810e+03	+0.387
30.700	+6.024e+03	+2.744e+03	+9.929e+03	+0.313
30.800	+6.706e+03	+3.120e+03	+1.033e+04	+0.318
30.900	+7.423e+03	+4.067e+03	+9.903e+03	+0.354
31.000	+4.000e+03	+5.310e+03	+8.637e+03	+0.570
31.100	+2.626e+03	+6.993e+03	+1.081e+04	+0.727
31.200	+2.001e+03	+6.189e+03	+9.658e+03	+0.756
31.300	+2.722e+03	+6.988e+03	+9.556e+03	+0.720
31.400	+3.102e+03	+8.315e+03	+8.701e+03	+0.728
31.500	+1.972e+03	+7.319e+03	+1.027e+04	+0.788
31.600	+2.406e+03	+6.297e+03	+1.025e+04	+0.724
31.700	+2.920e+03	+8.250e+03	+9.706e+03	+0.739
31.800	+3.183e+03	+8.305e+03	+1.071e+04	+0.723
31.900	+2.560e+03	+7.513e+03	+1.063e+04	+0.746
32.000	+2.024e+03	+7.692e+03	+1.090e+04	+0.792
32.100	+2.633e+03	+5.462e+03	+9.881e+03	+0.675
32.200	+6.263e+02	+7.818e+03	+1.000e+04	+0.926
32.300	+3.095e+03	+8.166e+03	+9.487e+03	+0.725
32.400	+4.290e+03	+6.766e+03	+1.049e+04	+0.612
32.500	+2.055e+03	+5.889e+03	+1.040e+04	+0.741
32.600	+2.324e+03	+6.617e+03	+9.701e+03	+0.740
32.700	+3.184e+03	+6.553e+03	+1.076e+04	+0.673
32.800	+2.171e+03	+5.754e+03	+1.012e+04	+0.726
32.900	+3.961e+03	+6.630e+03	+1.024e+04	+0.626
33.000	+1.012e+03	+6.843e+03	+1.039e+04	+0.871
33.100	+2.663e+03	+8.551e+03	+9.233e+03	+0.763
33.200	+3.010e+03	+7.159e+03	+9.638e+03	+0.704
33.300	+2.338e+03	+5.387e+03	+1.034e+04	+0.697
33.400	+3.277e+03	+6.462e+03	+1.075e+04	+0.664
33.500	+4.817e+03	+8.031e+03	+1.000e+04	+0.625
33.600	+2.254e+03	+6.299e+03	+1.134e+04	+0.736
33.700	+2.545e+03	+5.562e+03	+1.104e+04	+0.686
33.800	+4.508e+03	+8.693e+03	+9.768e+03	+0.659
33.900	+4.002e+03	+5.961e+03	+1.006e+04	+0.598
34.000	+3.364e+03	+6.783e+03	+1.022e+04	+0.668
34.100	+4.271e+03	+6.470e+03	+9.614e+03	+0.602
34.200	+2.971e+03	+7.880e+03	+1.005e+04	+0.726
34.300	+3.636e+03	+6.509e+03	+8.404e+03	+0.642
34.400	+2.872e+03	+6.960e+03	+1.124e+04	+0.708
34.500	+2.375e+03	+7.474e+03	+1.078e+04	+0.759
34.600	+2.391e+03	+6.875e+03	+9.693e+03	+0.742
34.700	+2.169e+03	+7.389e+03	+8.698e+03	+0.773
34.800	+2.504e+03	+6.000e+03	+9.539e+03	+0.706
34.900	+1.470e+03	+7.431e+03	+9.665e+03	+0.835
35.000	+3.204e+03	+7.245e+03	+1.124e+04	+0.693
35.100	+4.424e+03	+5.914e+03	+9.494e+03	+0.572
35.200	+2.574e+03	+6.497e+03	+1.164e+04	+0.716
35.300	+3.767e+03	+8.229e+03	+9.479e+03	+0.686
35.400	+2.912e+03	+7.752e+03	+9.272e+03	+0.727
35.500	+2.043e+03	+7.430e+03	+9.953e+03	+0.784
35.600	+3.444e+03	+6.316e+03	+1.125e+04	+0.647
35.700	+3.441e+03	+6.819e+03	+9.804e+03	+0.665
35.800	+3.253e+03	+7.760e+03	+9.708e+03	+0.705
35.900	+3.860e+03	+6.605e+03	+1.081e+04	+0.631
36.000	+3.094e+03	+6.679e+03	+9.412e+03	+0.683
36.100	+2.623e+03	+6.076e+03	+9.338e+03	+0.698
36.200	+2.489e+03	+8.243e+03	+9.560e+03	+0.768
36.300	+2.744e+03	+6.859e+03	+9.767e+03	+0.714
36.400	+2.761e+03	+9.220e+03	+1.175e+04	+0.770
36.500	+2.133e+03	+6.503e+03	+1.134e+04	+0.753
36.600	+3.141e+03	+6.775e+03	+9.709e+03	+0.683
36.700	+2.428e+03	+8.656e+03	+9.250e+03	+0.781
36.800	+2.037e+03	+6.936e+03	+9.648e+03	+0.773
36.900	+3.096e+03	+5.754e+03	+9.646e+03	+0.650
37.000	+2.362e+03	+6.573e+03	+1.094e+04	+0.736
37.100	+4.080e+03	+6.228e+03	+1.161e+04	+0.604
37.200	+2.012e+03	+6.378e+03	+1.037e+04	+0.760
37.300	+1.452e+03	+5.581e+03	+9.931e+03	+0.794
37.400	+3.697e+03	+6.158e+03	+1.081e+04	+0.625
37.500	+3.193e+03	+6.424e+03	+1.022e+04	+0.668
37.600	+2.927e+03	+7.627e+03	+9.919e+03	+0.723
37.700	+1.997e+03	+6.583e+03	+1.047e+04	+0.767
37.800	+2.551e+03	+5.319e+03	+1.017e+04	+0.676
37.900	+3.037e+03	+8.093e+03	+9.831e+03	+0.727
38.000	+2.956e+03	+7.439e+03	+1.166e+04	+0.716
38.100	+2.017e+03	+7.485e+03	+9.525e+03	+0.788
38.200	+4.121e+03	+7.097e+03	+9.729e+03	+0.633
38.300	+7.003e+03	+2.966e+03	+9.850e+03	+0.298
38.400	+5.935e+03	+4.910e+03	+9.063e+03	+0.453
38.500	+7.893e+03	+3.181e+03	+9.672e+03	+0.287
38.600	+7.839e+03	+3.717e+03	+1.075e+04	+0.322
38.700	+6.948e+03	+1.854e+03	+1.021e+04	+0.211
38.800	+7.853e+03	+3.200e+03	+1.010e+04	+0.290
38.900	+6.828e+03	+3.504e+03	+9.746e+03	+0.339
39.000	+6.004e+03	+9.564e+02	+9.754e+03	+0.137
39.100	+6.907e+03	+2.004e+03	+8.823e+03	+0.225
39.200	+6.501e+03	+2.190e+03	+8.759e+03	+0.252
39.300	+5.602e+03	+2.147e+03	+1.191e+04	+0.277
39.400	+6.998e+03	+3.839e+03	+1.043e+04	+0.354
39.500	+7.163e+03	+3.087e+03	+8.247e+03	+0.301
39.600	+6.257e+03	+3.019e+03	+1.012e+04	+0.325
39.700	+6.989e+03	+4.201e+03	+9.411e+03	+0.375
39.800	+7.755e+03	+3.958e+03	+1.054e+04	+0.338
39.900	+5.617e+03	+3.681e+03	+1.077e+04	+0.396
40.000	+7.318e+03	+3.274e+03	+1.067e+04	+0.309
40.100	+6.461e+03	+2.835e+03	+9.723e+03	+0.305
40.200	+7.697e+03	+3.845e+03	+1.107e+04	+0.333
40.300	+7.055e+03	+5.356e+03	+9.984e+03	+0.432
40.400	+7.299e+03	+3.182e+03	+9.273e+03	+0.304
40.500	+5.274e+03	+3.846e+03	+1.033e+04	+0.422
40.600	+4.482e+03	+7.422e+03	+1.087e+04	+0.624
40.700	+3.407e+03	+7.161e+03	+1.023e+04	+0.678
40.800	+5.498e+03	+4.067e+03	+1.170e+04	+0.425
40.900	+6.692e+03	+3.741e+03	+9.346e+03	+0.359
41.000	+7.895e+03	+3.537e+03	+9.406e+03	+0.309
41.100	+6.094e+03	+1.549e+03	+1.082e+04	+0.203
41.200	+5.672e+03	+2.656e+03	+1.020e+04	+0.319
41.300	+6.226e+03	+3.217e+03	+9.824e+03	+0.341
41.400	+7.398e+03	+1.847e+03	+1.009e+04	+0.200
41.500	+4.600e+03	+4.473e+03	+9.743e+03	+0.493
41.600	+3.288e+03	+7.173e+03	+9.786e+03	+0.686
41.700	+3.268e+03	+7.797e+03	+9.859e+03	+0.705
41.800	+3.336e+03	+5.905e+03	+1.056e+04	+0.639
41.900	+2.830e+03	+5.581e+03	+9.186e+03	+0.664
42.000	+1.890e+03	+7.866e+03	+1.125e+04	+0.806
42.100	+2.112e+03	+6.588e+03	+9.525e+03	+0.757
42.200	+1.846e+03	+6.996e+03	+1.075e+04	+0.791
42.300	+1.690e+03	+7.391e+03	+1.024e+04	+0.814
42.400	+4.206e+03	+6.236e+03	+1.104e+04	+0.597
42.500	+3.489e+03	+6.007e+03	+1.138e+04	+0.633
42.600	+3.619e+03	+6.463e+03	+1.059e+04	+0.641
42.700	+3.043e+03	+5.421e+03	+9.821e+03	+0.640
42.800	+1.809e+03	+7.661e+03	+8.764e+03	+0.809
42.900	+2.615e+03	+6.875e+03	+1.177e+04	+0.724
43.000	+3.361e+03	+8.509e+03	+1.177e+04	+0.717
43.100	+3.429e+03	+7.313e+03	+1.026e+04	+0.681
43.200	+2.002e+03	+7.211e+03	+1.066e+04	+0.783
43.300	+2.858e+03	+6.923e+03	+9.223e+03	+0.708
43.400	+2.553e+03	+8.138e+03	+9.033e+03	+0.761
43.500	+3.265e+03	+7.038e+03	+9.824e+03	+0.683
43.600	+8.241e+03	+3.207e+03	+1.103e+04	+0.280
43.700	+6.405e+03	+2.973e+03	+1.111e+04	+0.317
43.800	+6.477e+03	+3.356e+03	+9.685e+03	+0.341
43.900	+6.322e+03	+2.293e+03	+1.017e+04	+0.266
44.000	+7.611e+03	+1.361e+03	+1.033e+04	+0.152
44.100	+7.664e+03	+1.850e+03	+1.125e+04	+0.194
44.200	+6.686e+03	+2.581e+03	+1.024e+04	+0.279
44.300	+7.482e+03	+2.724e+03	+9.739e+03	+0.267
44.400	+6.183e+03	+1.536e+03	+1.085e+04	+0.199
44.500	+6.694e+03	+2.566e+03	+9.206e+03	+0.277
44.600	+8.488e+03	+4.203e+03	+9.933e+03	+0.331
44.700	+7.205e+03	+3.697e+03	+1.025e+04	+0.339
44.800	+6.911e+03	+2.572e+03	+1.117e+04	+0.271
44.900	+6.669e+03	+2.452e+03	+8.988e+03	+0.269
45.000	+7.122e+03	+3.234e+03	+1.122e+04	+0.312
45.100	+6.031e+03	+4.026e+03	+1.031e+04	+0.400
45.200	+2.937e+03	+6.881e+03	+1.002e+04	+0.701
45.300	+3.597e+03	+8.404e+03	+1.015e+04	+0.700
45.400	+2.816e+03	+7.056e+03	+8.754e+03	+0.715
45.500	+3.900e+03	+6.227e+03	+8.903e+03	+0.615
45.600	+2.446e+03	+7.384e+03	+1.035e+04	+0.751
45.700	+2.203e+03	+7.945e+03	+9.580e+03	+0.783
45.800	+1.706e+03	+5.544e+03	+1.025e+04	+0.765
45.900	+3.060e+03	+6.683e+03	+9.013e+03	+0.686
46.000	+2.568e+03	+7.579e+03	+9.628e+03	+0.747
46.100	+2.622e+03	+7.580e+03	+1.099e+04	+0.743
46.200	+6.727e+03	+1.694e+03	+1.142e+04	+0.201
46.300	+7.334e+03	+2.867e+03	+1.039e+04	+0.281
46.400	+7.306e+03	+3.435e+03	+1.029e+04	+0.320
46.500	+8.667e+03	+3.081e+03	+9.909e+03	+0.262
46.600	+7.354e+03	+1.244e+03	+9.972e+03	+0.145
46.700	+8.071e+03	+2.748e+03	+9.039e+03	+0.254
46.800	+6.371e+03	+2.845e+03	+9.143e+03	+0.309
46.900	+6.301e+03	+2.692e+03	+1.069e+04	+0.299
47.000	+7.413e+03	+1.792e+03	+9.955e+03	+0.195
47.100	+8.166e+03	+2.574e+03	+1.072e+04	+0.240
47.200	+7.561e+03	+3.119e+03	+1.030e+04	+0.292
47.300	+6.799e+03	+3.647e+03	+9.604e+03	+0.349
47.400	+7.985e+03	+4.029e+03	+9.563e+03	+0.335
47.500	+6.273e+03	+2.289e+03	+1.085e+04	+0.267
47.600	+6.981e+03	+2.016e+03	+1.074e+04	+0.224
47.700	+6.090e+03	+2.715e+03	+9.721e+03	+0.308
47.800	+6.079e+03	+2.449e+03	+1.073e+04	+0.287
47.900	+6.781e+03	+2.723e+03	+9.531e+03	+0.287
48.000	+7.388e+03	+2.672e+03	+9.839e+03	+0.266
48.100	+5.733e+03	+3.391e+03	+1.088e+04	+0.372
48.200	+6.601e+03	+3.206e+03	+9.461e+03	+0.327
48.300	+5.449e+03	+3.721e+03	+9.595e+03	+0.406
48.400	+2.087e+03	+7.622e+03	+9.955e+03	+0.785
48.500	+3.556e+03	+6.767e+03	+1.032e+04	+0.655
48.600	+1.769e+03	+6.939e+03	+9.893e+03	+0.797
48.700	+2.778e+03	+7.094e+03	+9.463e+03	+0.719
48.800	+1.435e+03	+5.864e+03	+9.646e+03	+0.803
48.900	+2.351e+03	+6.887e+03	+9.281e+03	+0.746
49.000	+4.542e+03	+8.247e+03	+9.460e+03	+0.645
49.100	+2.916e+03	+6.747e+03	+9.776e+03	+0.698
49.200	+2.973e+03	+6.312e+03	+8.609e+03	+0.680
49.300	+3.194e+03	+6.266e+03	+1.032e+04	+0.662
49.400	+4.023e+03	+6.483e+03	+9.945e+03	+0.617
49.500	+2.898e+03	+6.441e+03	+1.033e+04	+0.690
49.600	+4.251e+03	+7.565e+03	+9.709e+03	+0.640
49.700	+2.369e+03	+6.746e+03	+9.404e+03	+0.740
49.800	+2.327e+03	+7.810e+03	+9.754e+03	+0.770
49.900	+3.767e+03	+6.746e+03	+1.082e+04	+0.642
50.000	+1.869e+03	+5.822e+03	+1.076e+04	+0.757
50.100	+3.770e+03	+7.389e+03	+9.708e+03	+0.662
50.200	+1.588e+03	+6.499e+03	+1.079e+04	+0.804
50.300	+6.383e+03	+4.421e+03	+1.018e+04	+0.409
50.400	+7.457e+03	+3.189e+03	+9.110e+03	+0.300
50.500	+6.686e+03	+3.169e+03	+1.040e+04	+0.322
50.600	+7.074e+03	+3.120e+03	+9.447e+03	+0.306
50.700	+3.110e+03	+7.492e+03	+9.831e+03	+0.707
50.800	+1.064e+03	+7.199e+03	+1.050e+04	+0.871
50.900	+2.997e+03	+6.350e+03	+9.114e+03	+0.679
51.000	+2.443e+03	+7.249e+03	+9.910e+03	+0.748
51.100	+2.679e+03	+7.649e+03	+1.072e+04	+0.741
51.200	+8.361e+03	+4.012e+03	+9.127e+03	+0.324
51.300	+6.501e+03	+2.899e+03	+1.018e+04	+0.308
51.400	+6.578e+03	+2.766e+03	+1.159e+04	+0.296
51.500	+7.072e+03	+4.051e+03	+1.022e+04	+0.364
51.600	+4.147e+03	+6.842e+03	+8.891e+03	+0.623
51.700	+3.714e+03	+7.275e+03	+1.006e+04	+0.662
51.800	+3.677e+03	+8.424e+03	+9.519e+03	+0.696
51.900	+2.263e+03	+6.512e+03	+9.238e+03	+0.742
52.000	+3.176e+03	+6.443e+03	+1.092e+04	+0.670
52.100	+2.600e+03	+7.430e+03	+9.687e+03	+0.741
52.200	+3.300e+03	+7.913e+03	+1.100e+04	+0.706
52.300	+2.537e+03	+7.171e+03	+8.690e+03	+0.739
52.400	+4.057e+03	+7.061e+03	+9.611e+03	+0.635
52.500	+2.967e+03	+6.415e+03	+1.016e+04	+0.684
52.600	+4.006e+03	+7.219e+03	+1.083e+04	+0.643
52.700	+2.807e+03	+6.469e+03	+8.789e+03	+0.697
52.800	+3.403e+03	+8.434e+03	+1.039e+04	+0.712
52.900	+3.338e+03	+6.741e+03	+1.050e+04	+0.669
53.000	+2.886e+03	+7.685e+03	+9.139e+03	+0.727
53.100	+1.981e+03	+6.716e+03	+9.322e+03	+0.772
53.200	+4.113e+03	+7.192e+03	+9.987e+03	+0.636
53.300	+4.709e+03	+7.294e+03	+1.018e+04	+0.608
53.400	+1.386e+03	+7.854e+03	+7.301e+03	+0.850
53.500	+3.917e+03	+6.885e+03	+9.920e+03	+0.637
53.600	+3.018e+03	+6.639e+03	+1.110e+04	+0.687
53.700	+2.972e+03	+8.459e+03	+1.054e+04	+0.740
53.800	+2.486e+03	+7.262e+03	+1.122e+04	+0.745
53.900	+5.340e+03	+3.867e+03	+9.494e+03	+0.420
54.000	+3.441e+03	+7.005e+03	+8.998e+03	+0.671
54.100	+2.677e+03	+7.695e+03	+8.816e+03	+0.742
54.200	+2.811e+03	+6.605e+03	+8.655e+03	+0.701
54.300	+3.593e+03	+6.995e+03	+1.082e+04	+0.661
54.400	+3.147e+03	+7.665e+03	+1.049e+04	+0.709
54.500	+3.306e+03	+6.450e+03	+1.098e+04	+0.661
54.600	+2.066e+03	+6.935e+03	+1.015e+04	+0.770
54.700	+1.442e+03	+7.087e+03	+1.152e+04	+0.831
54.800	+1.481e+03	+6.852e+03	+8.954e+03	+0.822
54.900	+3.053e+03	+6.208e+03	+9.434e+03	+0.670
55.000	+2.109e+03	+7.802e+03	+1.079e+04	+0.787
55.100	+3.401e+03	+7.811e+03	+1.060e+04	+0.697
55.200	+1.626e+03	+6.219e+03	+9.755e+03	+0.793
55.300	+3.714e+03	+6.702e+03	+9.382e+03	+0.643
55.400	+3.506e+03	+7.207e+03	+9.421e+03	+0.673
55.500	+2.836e+03	+5.908e+03	+9.204e+03	+0.676
55.600	+3.965e+03	+6.966e+03	+9.487e+03	+0.637
55.700	+3.903e+03	+6.385e+03	+8.899e+03	+0.621
55.800	+2.504e+03	+5.975e+03	+9.365e+03	+0.705
55.900	+2.199e+03	+6.904e+03	+1.032e+04	+0.758
56.000	+3.294e+03	+5.574e+03	+1.141e+04	+0.629
56.100	+3.198e+03	+8.392e+03	+1.053e+04	+0.724
56.200	+3.818e+03	+7.191e+03	+9.376e+03	+0.653
56.300	+3.245e+03	+7.165e+03	+8.654e+03	+0.688
56.400	+2.881e+03	+6.260e+03	+1.023e+04	+0.685
56.500	+3.194e+03	+7.428e+03	+9.214e+03	+0.699
56.600	+2.383e+03	+7.636e+03	+1.050e+04	+0.762
56.700	+3.214e+03	+6.794e+03	+1.088e+04	+0.679
56.800	+2.999e+03	+6.219e+03	+9.855e+03	+0.675
56.900	+3.166e+03	+7.348e+03	+8.707e+03	+0.699
57.000	+2.729e+03	+7.503e+03	+1.006e+04	+0.733
57.100	+2.699e+03	+6.258e+03	+9.545e+03	+0.699
57.200	+4.432e+03	+7.286e+03	+9.744e+03	+0.622
57.300	+4.167e+03	+5.461e+03	+9.590e+03	+0.567
57.400	+5.139e+03	+6.891e+03	+1.074e+04	+0.573
57.500	+3.453e+03	+7.859e+03	+9.288e+03	+0.695
57.600	+2.884e+03	+6.193e+03	+1.055e+04	+0.682
57.700	+3.073e+03	+7.779e+03	+8.899e+03	+0.717
57.800	+3.184e+03	+8.244e+03	+1.038e+04	+0.721
57.900	+3.157e+03	+7.458e+03	+1.008e+04	+0.703
58.000	+4.246e+03	+7.364e+03	+8.473e+03	+0.634
58.100	+3.404e+03	+6.833e+03	+8.675e+03	+0.668
58.200	+4.665e+03	+7.035e+03	+9.286e+03	+0.601
58.300	+1.605e+03	+5.755e+03	+1.149e+04	+0.782
58.400	+2.584e+03	+6.701e+03	+1.126e+04	+0.722
58.500	+1.207e+03	+6.105e+03	+9.874e+03	+0.835
58.600	+3.971e+03	+6.642e+03	+1.178e+04	+0.626
58.700	+1.431e+03	+6.864e+03	+1.083e+04	+0.828
58.800	+3.445e+03	+7.778e+03	+9.644e+03	+0.693
58.900	+4.258e+03	+7.038e+03	+1.081e+04	+0.623
59.000	+3.347e+03	+7.608e+03	+9.208e+03	+0.694
59.100	+3.392e+03	+5.594e+03	+1.058e+04	+0.623
59.200	+3.246e+03	+7.270e+03	+1.124e+04	+0.691
59.300	+2.988e+03	+6.541e+03	+9.814e+03	+0.686
59.400	+2.535e+03	+5.890e+03	+1.098e+04	+0.699
59.500	+5.982e+03	+3.077e+03	+9.199e+03	+0.340
59.600	+8.395e+03	+3.679e+03	+9.678e+03	+0.305
59.700	+7.600e+03	+3.359e+03	+1.155e+04	+0.306
59.800	+7.271e+03	+4.871e+03	+9.349e+03	+0.401
59.900	+7.742e+03	+3.330e+03	+1.035e+04	+0.301
60.000	+6.221e+03	+2.020e+03	+1.018e+04	+0.245
60.100	+6.415e+03	+2.607e+03	+9.361e+03	+0.289
60.200	+6.691e+03	+3.178e+03	+9.110e+03	+0.322
60.300	+3.897e+03	+4.862e+03	+9.824e+03	+0.555
60.400	+3.920e+03	+6.148e+03	+1.097e+04	+0.611
60.500	+2.321e+03	+6.273e+03	+8.254e+03	+0.730
60.600	+2.032e+03	+6.500e+03	+1.070e+04	+0.762
60.700	+3.130e+03	+7.062e+03	+9.552e+03	+0.693
60.800	+2.066e+03	+6.714e+03	+8.965e+03	+0.765
60.900	+3.264e+03	+6.745e+03	+1.110e+04	+0.674
61.000	+4.026e+03	+6.299e+03	+1.021e+04	+0.610
61.100	+2.035e+03	+6.681e+03	+9.790e+03	+0.766
61.200	+3.534e+03	+8.010e+03	+1.009e+04	+0.694
61.300	+2.786e+03	+6.908e+03	+1.015e+04	+0.713
61.400	+3.318e+03	+6.864e+03	+9.720e+03	+0.674
61.500	+6.753e+03	+2.275e+03	+1.030e+04	+0.252
61.600	+7.198e+03	+2.945e+03	+9.733e+03	+0.290
61.700	+7.198e+03	+3.725e+03	+8.963e+03	+0.341
61.800	+4.168e+03	+6.259e+03	+9.160e+03	+0.600
61.900	+3.713e+03	+7.474e+03	+1.111e+04	+0.668
62.000	+2.789e+03	+6.105e+03	+1.029e+04	+0.686
62.100	+2.846e+03	+5.032e+03	+1.063e+04	+0.639
62.200	+1.526e+03	+6.640e+03	+1.030e+04	+0.813
62.300	+2.887e+03	+7.200e+03	+9.410e+03	+0.714
62.400	+4.070e+03	+7.014e+03	+8.907e+03	+0.633
62.500	+3.217e+03	+5.907e+03	+9.627e+03	+0.647
62.600	+2.816e+03	+7.581e+03	+1.262e+04	+0.729
62.700	+2.943e+03	+5.923e+03	+1.076e+04	+0.668
62.800	+4.278e+03	+5.404e+03	+1.304e+04	+0.558
62.900	+2.033e+03	+5.883e+03	+1.012e+04	+0.743
63.000	+1.201e+03	+8.746e+03	+1.055e+04	+0.879
63.100	+3.972e+03	+6.205e+03	+1.040e+04	+0.610
63.200	+3.381e+03	+5.841e+03	+9.483e+03	+0.633
63.300	+3.941e+03	+6.198e+03	+9.475e+03	+0.611
63.400	+1.211e+03	+7.317e+03	+1.086e+04	+0.858
63.500	+3.394e+03	+6.673e+03	+1.110e+04	+0.663
63.600	+5.840e+03	+4.517e+03	+1.007e+04	+0.436
63.700	+6.959e+03	+2.915e+03	+8.384e+03	+0.295
63.800	+7.135e+03	+1.621e+03	+1.101e+04	+0.185
63.900	+8.004e+03	+2.308e+03	+1.038e+04	+0.224
64.000	+5.056e+03	+4.868e+03	+9.347e+03	+0.491
64.100	+3.431e+03	+8.092e+03	+9.462e+03	+0.702
64.200	+1.661e+03	+6.439e+03	+9.413e+03	+0.795
64.300	+2.380e+03	+7.495e+03	+8.966e+03	+0.759
64.400	+2.391e+03	+7.264e+03	+9.347e+03	+0.752
64.500	+3.938e+03	+7.431e+03	+1.045e+04	+0.654
64.600	+1.885e+03	+6.251e+03	+1.012e+04	+0.768
64.700	+3.488e+03	+7.860e+03	+1.081e+04	+0.693
64.800	+3.067e+03	+6.711e+03	+1.038e+04	+0.686
64.900	+2.013e+03	+7.549e+03	+9.041e+03	+0.789
65.000	+3.839e+03	+6.416e+03	+1.031e+04	+0.626
65.100	+7.126e+03	+2.713e+03	+1.044e+04	+0.276
65.200	+3.812e+03	+4.887e+03	+9.090e+03	+0.562
65.300	+3.597e+03	+7.174e+03	+1.082e+04	+0.666
65.400	+1.435e+03	+7.083e+03	+9.137e+03	+0.832
65.500	+2.695e+03	+6.916e+03	+1.031e+04	+0.720
65.600	+2.062e+03	+5.779e+03	+1.032e+04	+0.737
65.700	+3.030e+03	+7.093e+03	+9.394e+03	+0.701
65.800	+1.599e+03	+6.831e+03	+8.994e+03	+0.810
65.900	+2.021e+03	+7.289e+03	+9.513e+03	+0.783
66.000	+1.966e+03	+7.057e+03	+9.962e+03	+0.782
66.100	+3.042e+03	+6.874e+03	+1.058e+04	+0.693
66.200	+3.526e+03	+7.443e+03	+1.020e+04	+0.679
66.300	+2.972e+03	+7.797e+03	+1.040e+04	+0.724
66.400	+4.626e+03	+6.672e+03	+1.160e+04	+0.591
66.500	+4.187e+03	+6.360e+03	+1.070e+04	+0.603
66.600	+7.746e+03	+2.390e+03	+9.144e+03	+0.236
66.700	+6.951e+03	+2.773e+03	+1.085e+04	+0.285
66.800	+5.541e+03	+2.713e+03	+8.893e+03	+0.329
66.900	+8.316e+03	+3.004e+03	+9.434e+03	+0.265
67.000	+7.567e+03	+2.876e+03	+8.103e+03	+0.275
67.100	+6.878e+03	+4.228e+03	+9.623e+03	+0.381
67.200	+8.673e+03	+3.406e+03	+8.835e+03	+0.282
67.300	+7.715e+03	+2.569e+03	+8.904e+03	+0.250
67.400	+8.145e+03	+2.019e+03	+9.635e+03	+0.199
67.500	+6.778e+03	+3.261e+03	+9.754e+03	+0.325
67.600	+4.570e+03	+8.350e+03	+1.006e+04	+0.646
67.700	+2.781e+03	+6.305e+03	+9.353e+03	+0.694
67.800	+2.983e+03	+6.847e+03	+1.039e+04	+0.697
67.900	+3.369e+03	+6.253e+03	+9.356e+03	+0.650
68.000	+3.119e+03	+6.760e+03	+1.091e+04	+0.684
68.100	+1.983e+03	+7.782e+03	+1.015e+04	+0.797
68.200	+2.639e+03	+6.617e+03	+1.039e+04	+0.715
68.300	+2.956e+03	+6.255e+03	+9.745e+03	+0.679
68.400	+2.089e+03	+5.841e+03	+1.221e+04	+0.737
68.500	+3.813e+03	+7.935e+03	+9.244e+03	+0.675
68.600	+2.337e+03	+8.097e+03	+1.011e+04	+0.776
68.700	+3.172e+03	+7.085e+03	+1.115e+04	+0.691
68.800	+2.060e+03	+7.899e+03	+8.952e+03	+0.793
68.900	+2.846e+03	+7.736e+03	+9.243e+03	+0.731
69.000	+2.861e+03	+6.376e+03	+9.429e+03	+0.690
69.100	+3.215e+03	+6.203e+03	+1.145e+04	+0.659
69.200	+3.506e+03	+6.570e+03	+1.028e+04	+0.652
69.300	+3.225e+03	+6.516e+03	+9.459e+03	+0.669
69.400	+1.769e+03	+7.647e+03	+1.027e+04	+0.812
69.500	+2.989e+03	+6.389e+03	+1.071e+04	+0.681
69.600	+3.738e+03	+7.297e+03	+1.121e+04	+0.661
69.700	+4.267e+03	+7.284e+03	+1.003e+04	+0.631
69.800	+1.870e+03	+6.811e+03	+1.032e+04	+0.785
69.900	+3.302e+03	+6.963e+03	+8.966e+03	+0.678
70.000	+2.461e+03	+8.144e+03	+9.844e+03	+0.768
70.100	+2.411e+03	+7.811e+03	+1.068e+04	+0.764
70.200	+2.815e+03	+6.126e+03	+1.040e+04	+0.685
70.300	+4.194e+03	+6.090e+03	+1.053e+04	+0.592
70.400	+4.932e+03	+7.144e+03	+9.685e+03	+0.592
70.500	+3.124e+03	+5.336e+03	+9.670e+03	+0.631
70.600	+6.412e+03	+3.461e+03	+9.708e+03	+0.351
70.700	+6.571e+03	+3.390e+03	+1.122e+04	+0.340
70.800	+6.585e+03	+2.061e+03	+1.063e+04	+0.238
70.900	+5.605e+03	+6.014e+03	+1.047e+04	+0.518
71.000	+5.715e+03	+4.537e+03	+9.725e+03	+0.443
71.100	+4.941e+03	+2.394e+03	+1.031e+04	+0.326
71.200	+8.557e+03	+3.388e+03	+1.050e+04	+0.284
71.300	+6.247e+03	+3.581e+03	+8.797e+03	+0.364
71.400	+4.628e+03	+4.345e+03	+9.545e+03	+0.484
71.500	+2.291e+03	+6.790e+03	+9.073e+03	+0.748
71.600	+2.726e+03	+7.600e+03	+9.140e+03	+0.736
71.700	+4.576e+03	+7.549e+03	+1.168e+04	+0.623
71.800	+3.657e+03	+5.594e+03	+1.166e+04	+0.605
71.900	+3.026e+03	+7.596e+03	+9.430e+03	+0.715
72.000	+2.021e+03	+6.792e+03	+1.034e+04	+0.771
72.100	+2.982e+03	+6.222e+03	+1.014e+04	+0.676
72.200	+2.172e+03	+8.242e+03	+1.049e+04	+0.791
72.300	+2.352e+03	+6.600e+03	+8.725e+03	+0.737
72.400	+3.280e+03	+7.260e+03	+1.009e+04	+0.689
72.500	+2.732e+03	+6.371e+03	+9.855e+03	+0.700
72.600	+4.093e+03	+7.175e+03	+9.768e+03	+0.637
72.700	+1.984e+03	+6.537e+03	+9.526e+03	+0.767
72.800	+2.737e+03	+6.170e+03	+1.053e+04	+0.693
72.900	+3.240e+03	+7.595e+03	+1.020e+04	+0.701
73.000	+6.816e+03	+3.464e+03	+9.502e+03	+0.337
73.100	+8.250e+03	+4.288e+03	+9.978e+03	+0.342
73.200	+5.736e+03	+2.902e+03	+1.105e+04	+0.336
73.300	+6.998e+03	+1.843e+03	+9.643e+03	+0.208
73.400	+5.791e+03	+3.290e+03	+1.098e+04	+0.362
73.500	+6.541e+03	+3.871e+03	+9.369e+03	+0.372
73.600	+3.370e+03	+8.253e+03	+9.439e+03	+0.710
73.700	+3.956e+03	+6.877e+03	+1.109e+04	+0.635
73.800	+4.145e+03	+6.308e+03	+9.557e+03	+0.604
73.900	+3.909e+03	+7.316e+03	+1.061e+04	+0.652
74.000	+2.244e+03	+6.646e+03	+9.028e+03	+0.748
74.100	+3.656e+03	+7.586e+03	+9.898e+03	+0.675
74.200	+2.866e+03	+8.032e+03	+9.433e+03	+0.737
74.300	+3.022e+03	+7.184e+03	+1.044e+04	+0.704
74.400	+2.731e+03	+5.527e+03	+1.004e+04	+0.669
74.500	+2.804e+03	+7.870e+03	+1.042e+04	+0.737
74.600	+2.525e+03	+7.820e+03	+1.025e+04	+0.756
74.700	+2.564e+03	+8.098e+03	+9.664e+03	+0.760
74.800	+3.107e+03	+6.365e+03	+1.019e+04	+0.672
74.900	+4.239e+03	+8.540e+03	+9.561e+03	+0.668
75.000	+3.987e+03	+5.741e+03	+9.949e+03	+0.590
75.100	+2.952e+03	+6.287e+03	+9.276e+03	+0.680
75.200	+3.336e+03	+7.051e+03	+9.921e+03	+0.679
75.300	+2.879e+03	+7.808e+03	+9.708e+03	+0.731
75.400	+4.584e+03	+7.265e+03	+8.658e+03	+0.613
75.500	+2.129e+03	+6.897e+03	+9.278e+03	+0.764
75.600	+3.774e+03	+6.282e+03	+9.931e+03	+0.625
75.700	+1.982e+03	+7.326e+03	+1.097e+04	+0.787
75.800	+2.957e+03	+6.331e+03	+9.478e+03	+0.682
75.900	+2.146e+03	+8.878e+03	+1.122e+04	+0.805
76.000	+2.669e+03	+5.323e+03	+9.273e+03	+0.666
76.100	+3.371e+03	+7.688e+03	+1.026e+04	+0.695
76.200	+2.723e+03	+6.439e+03	+1.185e+04	+0.703
76.300	+3.265e+03	+8.169e+03	+1.022e+04	+0.714
76.400	+2.356e+03	+8.404e+03	+1.009e+04	+0.781
76.500	+2.453e+03	+6.667e+03	+1.086e+04	+0.731
76.600	+3.224e+03	+8.000e+03	+1.016e+04	+0.713
76.700	+1.665e+03	+7.190e+03	+9.951e+03	+0.812
76.800	+2.496e+03	+8.105e+03	+9.739e+03	+0.765
76.900	+3.221e+03	+7.121e+03	+8.562e+03	+0.689
77.000	+2.263e+03	+6.098e+03	+1.173e+04	+0.729
77.100	+1.773e+03	+8.511e+03	+8.610e+03	+0.828
77.200	+5.582e+03	+4.501e+03	+9.235e+03	+0.446
77.300	+7.666e+03	+3.202e+03	+1.063e+04	+0.295
77.400	+7.340e+03	+1.671e+03	+8.831e+03	+0.185
77.500	+5.934e+03	+4.161e+03	+1.047e+04	+0.412
77.600	+8.134e+03	+3.871e+03	+1.037e+04	+0.322
77.700	+7.838e+03	+1.901e+03	+1.031e+04	+0.195
77.800	+7.850e+03	+3.021e+03	+1.020e+04	+0.278
77.900	+6.698e+03	+2.484e+03	+9.916e+03	+0.271
78.000	+6.276e+03	+4.316e+03	+1.000e+04	+0.407
78.100	+6.041e+03	+2.281e+03	+8.910e+03	+0.274
78.200	+6.085e+03	+2.983e+03	+9.141e+03	+0.329
78.300	+6.487e+03	+3.484e+03	+1.079e+04	+0.349
78.400	+3.606e+03	+7.068e+03	+1.017e+04	+0.662
78.500	+3.455e+03	+7.666e+03	+1.008e+04	+0.689
78.600	+3.431e+03	+6.304e+03	+1.005e+04	+0.648
78.700	+3.232e+03	+7.703e+03	+8.272e+03	+0.704
78.800	+3.410e+03	+6.965e+03	+1.099e+04	+0.671
78.900	+3.728e+03	+6.045e+03	+1.058e+04	+0.619
79.000	+3.962e+03	+7.562e+03	+9.777e+03	+0.656
79.100	+8.424e+03	+2.591e+03	+9.876e+03	+0.235
79.200	+5.826e+03	+3.258e+03	+9.365e+03	+0.359
79.300	+7.266e+03	+2.991e+03	+9.875e+03	+0.292
79.400	+7.280e+03	+3.506e+03	+9.149e+03	+0.325
79.500	+4.009e+03	+4.638e+03	+1.025e+04	+0.536
79.600	+3.045e+03	+8.361e+03	+9.627e+03	+0.733
79.700	+2.588e+03	+8.306e+03	+9.710e+03	+0.762
79.800	+6.804e+03	+2.694e+03	+9.526e+03	+0.284
79.900	+8.571e+03	+1.945e+03	+9.375e+03	+0.185
80.000	+7.099e+03	+1.236e+03	+9.896e+03	+0.148
80.100	+7.197e+03	+2.425e+03	+9.172e+03	+0.252
80.200	+7.005e+03	+2.921e+03	+9.957e+03	+0.294
80.300	+3.135e+03	+8.536e+03	+9.477e+03	+0.731
80.400	+3.223e+03	+7.479e+03	+9.681e+03	+0.699
80.500	+3.620e+03	+6.163e+03	+1.205e+04	+0.630
80.600	+2.687e+03	+5.983e+03	+1.014e+04	+0.690
80.700	+3.043e+03	+6.152e+03	+1.012e+04	+0.669
80.800	+2.411e+03	+5.379e+03	+9.137e+03	+0.690
80.900	+3.129e+03	+7.192e+03	+9.187e+03	+0.697
81.000	+3.822e+03	+6.817e+03	+9.966e+03	+0.641
81.100	+3.382e+03	+5.965e+03	+9.364e+03	+0.638
81.200	+4.175e+03	+8.431e+03	+9.859e+03	+0.669
81.300	+3.463e+03	+6.548e+03	+1.213e+04	+0.654
81.400	+3.034e+03	+7.885e+03	+9.559e+03	+0.722
81.500	+3.586e+03	+7.555e+03	+9.653e+03	+0.678
81.600	+2.049e+03	+6.514e+03	+1.107e+04	+0.761
81.700	+3.465e+03	+7.778e+03	+9.923e+03	+0.692
81.800	+3.701e+03	+6.119e+03	+1.010e+04	+0.623
81.900	+4.439e+03	+6.346e+03	+9.674e+03	+0.588
82.000	+7.217e+03	+2.583e+03	+9.996e+03	+0.264
82.100	+7.699e+03	+3.424e+03	+1.001e+04	+0.308
82.200	+8.743e+03	+2.494e+03	+1.052e+04	+0.222
82.300	+7.845e+03	+2.631e+03	+9.405e+03	+0.251
82.400	+6.399e+03	+3.424e+03	+1.056e+04	+0.349
82.500	+6.685e+03	+3.484e+03	+9.302e+03	+0.343
82.600	+6.790e+03	+3.048e+03	+9.571e+03	+0.310
82.700	+4.163e+03	+5.400e+03	+9.393e+03	+0.565
82.800	+2.803e+03	+6.474e+03	+9.387e+03	+0.698
82.900	+4.187e+03	+6.224e+03	+1.017e+04	+0.598
83.000	+3.255e+03	+7.543e+03	+1.051e+04	+0.699
83.100	+2.293e+03	+7.446e+03	+9.601e+03	+0.765
83.200	+3.123e+03	+7.261e+03	+8.436e+03	+0.699
83.300	+3.606e+03	+6.746e+03	+9.475e+03	+0.652
83.400	+3.675e+03	+6.860e+03	+1.031e+04	+0.651
83.500	+1.201e+03	+7.730e+03	+1.092e+04	+0.865
83.600	+2.076e+03	+6.006e+03	+9.748e+03	+0.743
83.700	+3.625e+03	+8.838e+03	+9.697e+03	+0.709
83.800	+2.663e+03	+6.277e+03	+9.863e+03	+0.702
83.900	+3.960e+03	+6.253e+03	+1.091e+04	+0.612
84.000	+3.230e+03	+6.769e+03	+8.684e+03	+0.677
84.100	+2.477e+03	+7.257e+03	+1.099e+04	+0.746
84.200	+3.039e+03	+7.754e+03	+1.014e+04	+0.718
84.300	+2.931e+03	+7.193e+03	+1.054e+04	+0.710
84.400	+1.563e+03	+6.319e+03	+1.049e+04	+0.802
84.500	+3.765e+03	+6.221e+03	+1.025e+04	+0.623
84.600	+1.346e+03	+6.853e+03	+9.781e+03	+0.836
84.700	+4.100e+03	+4.799e+03	+1.036e+04	+0.539
84.800	+7.187e+03	+4.274e+03	+1.071e+04	+0.373
84.900	+7.534e+03	+2.368e+03	+9.204e+03	+0.239
85.000	+5.932e+03	+2.644e+03	+1.100e+04	+0.308
85.100	+7.478e+03	+2.315e+03	+9.078e+03	+0.236
85.200	+6.095e+03	+3.129e+03	+1.016e+04	+0.339
85.300	+7.352e+03	+2.221e+03	+9.715e+03	+0.232
85.400	+7.210e+03	+3.646e+03	+9.443e+03	+0.336
85.500	+7.512e+03	+2.107e+03	+9.457e+03	+0.219
85.600	+6.892e+03	+3.713e+03	+8.050e+03	+0.350
85.700	+6.571e+03	+2.773e+03	+1.042e+04	+0.297
85.800	+6.844e+03	+4.177e+03	+1.032e+04	+0.379
85.900	+7.739e+03	+3.947e+03	+9.430e+03	+0.338
86.000	+6.182e+03	+3.629e+03	+8.665e+03	+0.370
86.100	+7.767e+03	+2.907e+03	+1.029e+04	+0.272
86.200	+6.500e+03	+2.057e+03	+8.916e+03	+0.240
86.300	+6.287e+03	+3.605e+03	+1.035e+04	+0.364
86.400	+5.604e+03	+3.355e+03	+1.135e+04	+0.374
86.500	+7.420e+03	+3.363e+03	+1.079e+04	+0.312
86.600	+6.940e+03	+4.761e+03	+9.180e+03	+0.407
86.700	+7.200e+03	+2.957e+03	+9.827e+03	+0.291
86.800	+7.405e+03	+1.344e+03	+9.564e+03	+0.154
86.900	+6.922e+03	+2.160e+03	+1.130e+04	+0.238
87.000	+8.332e+03	+3.736e+03	+8.915e+03	+0.310
87.100	+8.071e+03	+2.714e+03	+1.055e+04	+0.252
87.200	+8.012e+03	+2.076e+03	+8.871e+03	+0.206
87.300	+6.911e+03	+1.393e+03	+1.060e+04	+0.168
87.400	+8.689e+03	+3.282e+03	+1.055e+04	+0.274
87.500	+5.238e+03	+3.787e+03	+1.005e+04	+0.420
87.600	+3.699e+03	+7.389e+03	+7.675e+03	+0.666
87.700	+3.945e+03	+7.543e+03	+1.038e+04	+0.657
87.800	+3.919e+03	+6.661e+03	+9.730e+03	+0.630
87.900	+2.649e+03	+6.787e+03	+9.952e+03	+0.719
88.000	+3.552e+03	+6.806e+03	+8.036e+03	+0.657
88.100	+3.401e+03	+7.052e+03	+1.015e+04	+0.675
88.200	+2.874e+03	+6.808e+03	+9.738e+03	+0.703
88.300	+1.700e+03	+6.101e+03	+7.478e+03	+0.782
88.400	+2.910e+03	+7.179e+03	+9.152e+03	+0.712
88.500	+2.518e+03	+7.535e+03	+1.096e+04	+0.749
88.600	+3.139e+03	+7.124e+03	+1.018e+04	+0.694
88.700	+3.034e+03	+6.343e+03	+1.072e+04	+0.676
88.800	+4.574e+03	+7.867e+03	+9.229e+03	+0.632
88.900	+2.363e+03	+8.160e+03	+1.077e+04	+0.775
89.000	+2.802e+03	+7.124e+03	+1.056e+04	+0.718
89.100	+2.613e+03	+7.248e+03	+1.116e+04	+0.735
89.200	+3.846e+03	+7.467e+03	+9.211e+03	+0.660
89.300	+2.726e+03	+7.042e+03	+1.070e+04	+0.721
89.400	+4.230e+03	+5.594e+03	+9.931e+03	+0.569
89.500	+3.668e+03	+5.438e+03	+9.924e+03	+0.597
89.600	+1.934e+03	+7.080e+03	+1.015e+04	+0.785
89.700	+4.068e+03	+7.256e+03	+8.442e+03	+0.641
89.800	+2.216e+03	+8.126e+03	+1.125e+04	+0.786
89.900	+1.625e+03	+6.960e+03	+9.991e+03	+0.811
90.000	+2.993e+03	+7.807e+03	+1.133e+04	+0.723
90.100	+2.846e+03	+6.998e+03	+9.691e+03	+0.711
90.200	+5.233e+03	+8.373e+03	+9.376e+03	+0.615
90.300	+3.847e+03	+4.748e+03	+1.052e+04	+0.552
90.400	+7.748e+03	+1.561e+03	+1.027e+04	+0.168
90.500	+4.912e+03	+5.401e+03	+1.085e+04	+0.524
90.600	+1.766e+03	+7.906e+03	+1.142e+04	+0.817
90.700	+3.381e+03	+7.259e+03	+9.573e+03	+0.682
90.800	+3.012e+03	+8.370e+03	+9.608e+03	+0.735
90.900	+4.326e+03	+7.967e+03	+9.056e+03	+0.648
91.000	+2.602e+03	+7.614e+03	+1.060e+04	+0.745
91.100	+3.766e+03	+6.232e+03	+9.528e+03	+0.623
91.200	+1.487e+03	+6.354e+03	+9.578e+03	+0.810
91.300	+2.979e+03	+6.018e+03	+1.002e+04	+0.669
91.400	+3.150e+03	+8.135e+03	+1.084e+04	+0.721
91.500	+3.756e+03	+6.023e+03	+1.108e+04	+0.616
91.600	+2.779e+03	+7.125e+03	+9.894e+03	+0.719
91.700	+3.004e+03	+8.044e+03	+8.657e+03	+0.728
91.800	+3.713e+03	+7.591e+03	+1.108e+04	+0.672
91.900	+2.888e+03	+6.464e+03	+1.009e+04	+0.691
92.000	+3.382e+03	+6.056e+03	+9.873e+03	+0.642
92.100	+2.789e+03	+7.210e+03	+9.965e+03	+0.721
92.200	+2.833e+03	+7.771e+03	+1.050e+04	+0.733
92.300	+3.885e+03	+6.437e+03	+1.155e+04	+0.624
92.400	+2.918e+03	+7.697e+03	+1.093e+04	+0.725
92.500	+2.207e+03	+7.090e+03	+7.966e+03	+0.763
92.600	+1.790e+03	+6.372e+03	+9.550e+03	+0.781
92.700	+2.644e+03	+8.663e+03	+9.789e+03	+0.766
92.800	+2.573e+03	+7.212e+03	+9.313e+03	+0.737
92.900	+3.673e+03	+5.951e+03	+1.057e+04	+0.618
93.000	+3.193e+03	+7.241e+03	+1.028e+04	+0.694
93.100	+4.136e+03	+7.279e+03	+9.764e+03	+0.638
93.200	+2.356e+03	+7.437e+03	+1.043e+04	+0.759
93.300	+3.196e+03	+6.003e+03	+1.112e+04	+0.653
93.400	+1.001e+03	+6.519e+03	+1.088e+04	+0.867
93.500	+3.285e+03	+8.150e+03	+1.091e+04	+0.713
93.600	+5.888e+03	+7.490e+03	+9.777e+03	+0.560
93.700	+3.576e+03	+7.102e+03	+1.042e+04	+0.665
93.800	+3.982e+03	+7.187e+03	+1.004e+04	+0.643
93.900	+1.989e+03	+8.187e+03	+1.002e+04	+0.805
94.000	+2.852e+03	+7.672e+03	+1.101e+04	+0.729
94.100	+3.141e+03	+5.484e+03	+9.384e+03	+0.636
94.200	+7.095e+03	+2.829e+03	+1.185e+04	+0.285
94.300	+6.744e+03	+2.268e+03	+9.375e+03	+0.252
94.400	+5.816e+03	+3.350e+03	+9.620e+03	+0.365
94.500	+6.605e+03	+2.181e+03	+8.467e+03	+0.248
94.600	+8.172e+03	+2.614e+03	+1.054e+04	+0.242
94.700	+6.334e+03	+2.869e+03	+1.084e+04	+0.312
94.800	+7.932e+03	+2.688e+03	+1.053e+04	+0.253
94.900	+7.574e+03	+2.618e+03	+1.019e+04	+0.257
95.000	+6.609e+03	+4.142e+03	+1.227e+04	+0.385
95.100	+7.353e+03	+4.121e+03	+1.075e+04	+0.359
95.200	+7.393e+03	+2.574e+03	+1.008e+04	+0.258
95.300	+6.240e+03	+2.432e+03	+8.138e+03	+0.280
95.400	+7.875e+03	+3.554e+03	+1.110e+04	+0.311
95.500	+7.259e+03	+1.988e+03	+9.518e+03	+0.215
95.600	+7.064e+03	+2.076e+03	+1.033e+04	+0.227
95.700	+5.704e+03	+4.024e+03	+9.693e+03	+0.414
95.800	+6.455e+03	+1.139e+03	+1.008e+04	+0.150
95.900	+7.107e+03	+3.737e+03	+1.134e+04	+0.345
96.000	+7.921e+03	+4.335e+03	+9.961e+03	+0.354
96.100	+6.224e+03	+3.384e+03	+9.516e+03	+0.352
96.200	+6.579e+03	+2.168e+03	+9.217e+03	+0.248
96.300	+6.744e+03	+3.709e+03	+9.618e+03	+0.355
96.400	+6.647e+03	+2.823e+03	+7.318e+03	+0.298
96.500	+8.553e+03	+3.347e+03	+9.821e+03	+0.281
96.600	+6.252e+03	+4.066e+03	+9.678e+03	+0.394
96.700	+6.441e+03	+2.377e+03	+8.961e+03	+0.270
96.800	+7.298e+03	+3.525e+03	+1.065e+04	+0.326
96.900	+5.886e+03	+2.504e+03	+9.989e+03	+0.298
97.000	+6.815e+03	+1.934e+03	+1.023e+04	+0.221
97.100	+7.392e+03	+2.537e+03	+1.141e+04	+0.256
97.200	+7.991e+03	+2.825e+03	+9.612e+03	+0.261
97.300	+7.472e+03	+1.906e+03	+1.061e+04	+0.203
97.400	+4.169e+03	+6.120e+03	+1.027e+04	+0.595
97.500	+3.298e+03	+6.050e+03	+9.469e+03	+0.647
97.600	+3.046e+03	+7.159e+03	+1.056e+04	+0.702
97.700	+2.538e+03	+6.907e+03	+9.552e+03	+0.731
97.800	+3.455e+03	+6.574e+03	+8.286e+03	+0.655
97.900	+2.242e+03	+5.110e+03	+9.966e+03	+0.695
98.000	+3.336e+03	+8.753e+03	+9.642e+03	+0.724
98.100	+4.239e+03	+5.411e+03	+8.964e+03	+0.561
98.200	+3.345e+03	+8.006e+03	+8.795e+03	+0.705
98.300	+2.876e+03	+6.007e+03	+9.259e+03	+0.676
98.400	+3.434e+03	+7.980e+03	+1.038e+04	+0.699
98.500	+2.859e+03	+9.087e+03	+9.672e+03	+0.761
98.600	+2.623e+03	+7.526e+03	+1.112e+04	+0.742
98.700	+3.404e+03	+6.229e+03	+9.859e+03	+0.647
98.800	+2.803e+03	+6.987e+03	+8.736e+03	+0.714
98.900	+4.621e+03	+8.025e+03	+1.116e+04	+0.635
99.000	+4.158e+03	+6.954e+03	+1.060e+04	+0.626
99.100	+4.322e+03	+7.740e+03	+1.056e+04	+0.642
99.200	+3.359e+03	+7.726e+03	+1.065e+04	+0.697
99.300	+7.791e+03	+2.478e+03	+9.819e+03	+0.241
99.400	+7.039e+03	+1.770e+03	+1.082e+04	+0.201
99.500	+6.330e+03	+3.712e+03	+8.403e+03	+0.370
99.600	+8.294e+03	+3.651e+03	+1.059e+04	+0.306
99.700	+6.437e+03	+1.958e+03	+1.002e+04	+0.233
99.800	+6.135e+03	+2.273e+03	+9.591e+03	+0.270
99.900	+7.721e+03	+1.566e+03	+9.417e+03	+0.169
100.000	+8.144e+03	+2.808e+03	+1.027e+04	+0.256
100.100	+6.474e+03	+2.966e+03	+1.051e+04	+0.314
100.200	+5.899e+03	+3.632e+03	+1.069e+04	+0.381
100.300	+7.225e+03	+3.546e+03	+1.029e+04	+0.329
100.400	+7.921e+03	+3.802e+03	+1.092e+04	+0.324
100.500	+6.160e+03	+3.657e+03	+1.039e+04	+0.372
100.600	+7.982e+03	+3.892e+03	+1.070e+04	+0.328
100.700	+8.044e+03	+3.354e+03	+9.156e+03	+0.294
100.800	+6.245e+03	+3.546e+03	+9.586e+03	+0.362
100.900	+7.731e+03	+4.324e+03	+9.868e+03	+0.359
101.000	+8.135e+03	+2.649e+03	+9.019e+03	+0.246
101.100	+6.962e+03	+2.271e+03	+1.071e+04	+0.246
101.200	+6.287e+03	+3.809e+03	+1.004e+04	+0.377
101.300	+6.531e+03	+3.506e+03	+9.821e+03	+0.349
101.400	+7.042e+03	+2.709e+03	+9.940e+03	+0.278
101.500	+7.587e+03	+3.390e+03	+1.022e+04	+0.309
101.600	+7.302e+03	+1.823e+03	+1.056e+04	+0.200
101.700	+3.803e+03	+6.685e+03	+1.019e+04	+0.637
101.800	+3.714e+03	+7.116e+03	+1.009e+04	+0.657
101.900	+1.080e+03	+6.817e+03	+9.797e+03	+0.863
102.000	+3.042e+03	+6.131e+03	+1.050e+04	+0.668
102.100	+1.554e+03	+6.876e+03	+1.043e+04	+0.816
102.200	+5.507e+03	+5.749e+03	+1.055e+04	+0.511
102.300	+5.817e+03	+2.457e+03	+1.126e+04	+0.297
102.400	+4.011e+03	+4.945e+03	+1.010e+04	+0.552
102.500	+2.577e+03	+6.316e+03	+1.021e+04	+0.710
102.600	+3.023e+03	+7.639e+03	+1.166e+04	+0.716
102.700	+3.114e+03	+7.446e+03	+9.543e+03	+0.705
102.800	+3.599e+03	+6.388e+03	+1.089e+04	+0.640
102.900	+2.172e+03	+6.260e+03	+9.444e+03	+0.742
103.000	+2.933e+03	+8.542e+03	+1.016e+04	+0.744
103.100	+1.849e+03	+8.598e+03	+1.032e+04	+0.823
103.200	+2.503e+03	+6.275e+03	+9.777e+03	+0.715
103.300	+2.811e+03	+7.707e+03	+1.005e+04	+0.733
103.400	+3.372e+03	+7.175e+03	+1.039e+04	+0.680
103.500	+2.673e+03	+5.604e+03	+1.134e+04	+0.677
103.600	+3.817e+03	+6.855e+03	+1.140e+04	+0.642
103.700	+3.163e+03	+6.124e+03	+9.841e+03	+0.659
103.800	+5.207e+03	+4.893e+03	+8.873e+03	+0.484
103.900	+6.960e+03	+3.376e+03	+9.613e+03	+0.327
104.000	+6.214e+03	+2.823e+03	+1.007e+04	+0.312
104.100	+6.211e+03	+2.470e+03	+9.643e+03	+0.285
104.200	+4.947e+03	+4.933e+03	+9.957e+03	+0.499
104.300	+2.820e+03	+7.837e+03	+9.933e+03	+0.735
104.400	+3.432e+03	+6.277e+03	+8.188e+03	+0.647
104.500	+2.643e+03	+8.557e+03	+1.017e+04	+0.764
104.600	+2.891e+03	+6.512e+03	+1.049e+04	+0.693
104.700	+2.354e+03	+7.633e+03	+1.081e+04	+0.764
104.800	+2.841e+03	+6.589e+03	+1.070e+04	+0.699
104.900	+2.685e+03	+7.587e+03	+9.375e+03	+0.739
105.000	+1.614e+03	+7.140e+03	+1.015e+04	+0.816
105.100	+3.493e+03	+7.402e+03	+9.466e+03	+0.679
105.200	+6.901e+03	+4.317e+03	+9.545e+03	+0.385
105.300	+8.083e+03	+4.581e+03	+9.973e+03	+0.362
105.400	+5.905e+03	+3.977e+03	+8.518e+03	+0.402
105.500	+7.345e+03	+3.192e+03	+1.043e+04	+0.303
105.600	+8.684e+03	+2.886e+03	+1.031e+04	+0.249
105.700	+8.189e+03	+2.733e+03	+1.093e+04	+0.250
105.800	+6.641e+03	+3.403e+03	+1.183e+04	+0.339
105.900	+7.189e+03	+3.073e+03	+8.610e+03	+0.299
106.000	+6.983e+03	+2.603e+03	+1.049e+04	+0.271
106.100	+7.530e+03	+3.822e+03	+1.080e+04	+0.337
106.200	+6.853e+03	+2.753e+03	+1.267e+04	+0.287
106.300	+7.516e+03	+2.002e+03	+1.023e+04	+0.210
106.400	+6.770e+03	+3.105e+03	+1.088e+04	+0.314
106.500	+6.903e+03	+2.821e+03	+1.244e+04	+0.290
106.600	+5.527e+03	+1.355e+03	+1.110e+04	+0.197
106.700	+5.764e+03	+4.796e+03	+1.050e+04	+0.454
106.800	+2.802e+03	+6.796e+03	+7.935e+03	+0.708
106.900	+4.674e+03	+7.245e+03	+1.013e+04	+0.608
107.000	+2.556e+03	+6.357e+03	+1.073e+04	+0.713
107.100	+1.753e+03	+6.732e+03	+9.158e+03	+0.793
107.200	+1.417e+03	+7.047e+03	+1.004e+04	+0.833
107.300	+4.642e+03	+6.911e+03	+1.024e+04	+0.598
107.400	+7.459e+03	+2.730e+03	+9.809e+03	+0.268
107.500	+6.527e+03	+2.688e+03	+1.051e+04	+0.292
107.600	+6.573e+03	+6.060e+02	+9.939e+03	+0.084
107.700	+7.479e+03	+1.766e+03	+1.009e+04	+0.191
107.800	+6.376e+03	+3.194e+03	+9.201e+03	+0.334
107.900	+7.786e+03	+2.436e+03	+9.712e+03	+0.238
108.000	+6.220e+03	+2.163e+03	+1.009e+04	+0.258
108.100	+4.717e+03	+4.847e+03	+9.979e+03	+0.507
108.200	+2.704e+03	+6.051e+03	+1.111e+04	+0.691
108.300	+3.382e+03	+8.904e+03	+1.027e+04	+0.725
108.400	+3.168e+03	+7.050e+03	+1.114e+04	+0.690
108.500	+4.444e+03	+5.432e+03	+8.914e+03	+0.550
108.600	+8.005e+03	+4.093e+03	+1.052e+04	+0.338
108.700	+7.349e+03	+3.250e+03	+1.065e+04	+0.307
108.800	+7.824e+03	+3.145e+03	+9.957e+03	+0.287
108.900	+5.569e+03	+3.129e+03	+1.062e+04	+0.360
109.000	+6.488e+03	+2.614e+03	+9.967e+03	+0.287
109.100	+6.538e+03	+2.623e+03	+1.106e+04	+0.286
109.200	+6.819e+03	+2.783e+03	+9.830e+03	+0.290
109.300	+8.284e+03	+3.640e+03	+1.055e+04	+0.305
109.400	+6.100e+03	+2.545e+03	+9.676e+03	+0.294
109.500	+6.562e+03	+3.992e+03	+1.017e+04	+0.378
109.600	+6.344e+03	+2.370e+03	+9.461e+03	+0.272
109.700	+4.759e+03	+3.452e+03	+1.031e+04	+0.420
109.800	+6.712e+03	+3.092e+03	+8.886e+03	+0.315
109.900	+6.500e+03	+2.586e+03	+1.047e+04	+0.285
110.000	+2.412e+03	+6.813e+03	+9.118e+03	+0.739
110.100	+1.559e+03	+7.653e+03	+9.075e+03	+0.831
110.200	+2.294e+03	+6.963e+03	+9.399e+03	+0.752
110.300	+4.460e+03	+6.635e+03	+9.938e+03	+0.598
110.400	+6.805e+03	+2.326e+03	+1.033e+04	+0.255
110.500	+7.725e+03	+2.961e+03	+1.191e+04	+0.277
110.600	+7.285e+03	+4.328e+03	+1.062e+04	+0.373
110.700	+7.631e+03	+1.315e+03	+9.550e+03	+0.147
110.800	+6.192e+03	+2.477e+03	+9.045e+03	+0.286
110.900	+3.352e+03	+6.895e+03	+1.049e+04	+0.673
111.000	+2.048e+03	+7.596e+03	+9.230e+03	+0.788
111.100	+3.724e+03	+7.453e+03	+1.121e+04	+0.667
111.200	+4.332e+03	+8.304e+03	+9.852e+03	+0.657
111.300	+2.160e+03	+7.745e+03	+1.007e+04	+0.782
111.400	+1.777e+03	+7.405e+03	+1.106e+04	+0.806
111.500	+2.959e+03	+7.170e+03	+9.388e+03	+0.708
111.600	+4.421e+03	+6.591e+03	+1.022e+04	+0.599
111.700	+4.368e+03	+7.275e+03	+9.148e+03	+0.625
111.800	+3.209e+03	+7.788e+03	+1.061e+04	+0.708
111.900	+2.660e+03	+7.107e+03	+1.081e+04	+0.728
112.000	+1.946e+03	+7.502e+03	+1.012e+04	+0.794
112.100	+2.495e+03	+8.112e+03	+9.692e+03	+0.765
112.200	+1.261e+03	+7.361e+03	+1.083e+04	+0.854
112.300	+2.908e+03	+6.320e+03	+9.755e+03	+0.685
112.400	+3.522e+03	+7.837e+03	+1.151e+04	+0.690
112.500	+3.676e+03	+7.045e+03	+8.067e+03	+0.657
112.600	+2.859e+03	+5.617e+03	+1.019e+04	+0.663
112.700	+3.479e+03	+6.832e+03	+9.911e+03	+0.663
112.800	+2.930e+03	+5.794e+03	+1.131e+04	+0.664
112.900	+2.731e+03	+6.961e+03	+8.908e+03	+0.718
113.000	+8.017e+03	+3.929e+03	+9.711e+03	+0.329
113.100	+6.732e+03	+3.468e+03	+1.042e+04	+0.340
113.200	+4.196e+03	+4.820e+03	+9.831e+03	+0.535
113.300	+3.049e+03	+5.953e+03	+9.447e+03	+0.661
113.400	+1.850e+03	+5.381e+03	+9.718e+03	+0.744
113.500	+2.612e+03	+7.297e+03	+9.793e+03	+0.736
113.600	+2.924e+03	+6.027e+03	+8.783e+03	+0.673
113.700	+2.859e+03	+7.603e+03	+1.086e+04	+0.727
113.800	+2.661e+03	+6.449e+03	+9.565e+03	+0.708
113.900	+6.233e+03	+5.127e+03	+1.042e+04	+0.451
114.000	+7.866e+03	+3.231e+03	+1.070e+04	+0.291
114.100	+8.579e+03	+2.222e+03	+1.032e+04	+0.206
114.200	+8.823e+03	+3.908e+03	+9.157e+03	+0.307
114.300	+7.399e+03	+3.710e+03	+7.987e+03	+0.334
114.400	+7.081e+03	+3.295e+03	+8.741e+03	+0.318
114.500	+3.706e+03	+5.663e+03	+9.870e+03	+0.604
114.600	+3.824e+03	+6.971e+03	+9.630e+03	+0.646
114.700	+2.626e+03	+6.389e+03	+1.000e+04	+0.709
114.800	+3.740e+03	+7.190e+03	+1.022e+04	+0.658
114.900	+3.128e+03	+6.421e+03	+1.091e+04	+0.672
115.000	+2.395e+03	+7.008e+03	+9.369e+03	+0.745
115.100	+1.254e+03	+7.456e+03	+9.570e+03	+0.856
115.200	+2.282e+03	+7.717e+03	+1.063e+04	+0.772
115.300	+2.991e+03	+6.272e+03	+1.135e+04	+0.677
115.400	+9.923e+02	+6.779e+03	+9.666e+03	+0.872
115.500	+3.463e+03	+6.316e+03	+1.065e+04	+0.646
115.600	+3.072e+03	+7.149e+03	+9.819e+03	+0.699
115.700	+3.394e+03	+7.022e+03	+1.081e+04	+0.674
115.800	+1.802e+03	+6.487e+03	+1.019e+04	+0.783
115.900	+3.279e+03	+7.186e+03	+1.020e+04	+0.687
116.000	+3.325e+03	+7.580e+03	+9.606e+03	+0.695
116.100	+3.502e+03	+7.596e+03	+1.063e+04	+0.684
116.200	+3.069e+03	+6.054e+03	+8.417e+03	+0.664
116.300	+1.643e+03	+6.508e+03	+9.574e+03	+0.798
116.400	+3.547e+03	+7.346e+03	+9.328e+03	+0.674
116.500	+3.059e+03	+7.682e+03	+7.812e+03	+0.715
116.600	+2.997e+03	+7.168e+03	+9.990e+03	+0.705
116.700	+3.349e+03	+7.192e+03	+1.070e+04	+0.682
116.800	+2.552e+03	+6.808e+03	+9.893e+03	+0.727
116.900	+1.164e+03	+6.721e+03	+9.805e+03	+0.852
117.000	+3.519e+03	+7.771e+03	+1.027e+04	+0.688
117.100	+3.616e+03	+6.641e+03	+1.029e+04	+0.647
117.200	+1.792e+03	+6.814e+03	+1.057e+04	+0.792
117.300	+3.618e+03	+7.125e+03	+9.249e+03	+0.663
117.400	+4.106e+03	+8.500e+03	+9.985e+03	+0.674
117.500	+3.052e+03	+6.094e+03	+9.502e+03	+0.666
117.600	+3.170e+03	+8.149e+03	+9.613e+03	+0.720
117.700	+4.831e+03	+7.064e+03	+1.008e+04	+0.594
117.800	+3.156e+03	+7.805e+03	+1.042e+04	+0.712
117.900	+2.981e+03	+7.605e+03	+1.050e+04	+0.718
118.000	+3.053e+03	+7.811e+03	+1.153e+04	+0.719
118.100	+3.234e+03	+5.832e+03	+1.016e+04	+0.643
118.200	+1.604e+03	+6.779e+03	+1.096e+04	+0.809
118.300	+2.735e+03	+8.456e+03	+9.281e+03	+0.756
118.400	+1.511e+03	+7.082e+03	+9.425e+03	+0.824
118.500	+1.687e+03	+5.917e+03	+1.104e+04	+0.778
118.600	+3.219e+03	+6.577e+03	+1.069e+04	+0.671
118.700	+1.606e+03	+7.348e+03	+1.014e+04	+0.821
118.800	+4.055e+03	+6.248e+03	+1.068e+04	+0.606
118.900	+3.134e+03	+6.008e+03	+1.080e+04	+0.657
119.000	+3.018e+03	+7.053e+03	+9.245e+03	+0.700
119.100	+4.436e+03	+6.896e+03	+8.589e+03	+0.609
119.200	+2.317e+03	+7.576e+03	+9.713e+03	+0.766
119.300	+2.783e+03	+6.841e+03	+9.701e+03	+0.711
119.400	+3.924e+03	+7.245e+03	+9.880e+03	+0.649
119.500	+3.167e+03	+6.279e+03	+1.117e+04	+0.665
119.600	+3.701e+03	+7.324e+03	+1.124e+04	+0.664
119.700	+4.889e+03	+5.333e+03	+9.828e+03	+0.522
119.800	+7.602e+03	+2.905e+03	+1.088e+04	+0.277
119.900	+7.349e+03	+2.100e+03	+1.012e+04	+0.222
120.000	+8.281e+03	+3.111e+03	+9.680e+03	+0.273
120.100	+6.401e+03	+3.563e+03	+9.878e+03	+0.358
120.200	+7.602e+03	+8.286e+02	+9.520e+03	+0.098
120.300	+7.088e+03	+3.513e+03	+1.172e+04	+0.331
120.400	+7.418e+03	+3.803e+03	+8.296e+03	+0.339
120.500	+7.833e+03	+3.290e+03	+1.056e+04	+0.296
120.600	+9.186e+03	+3.503e+03	+1.057e+04	+0.276
120.700	+7.988e+03	+2.333e+03	+1.079e+04	+0.226
120.800	+6.903e+03	+3.700e+03	+9.384e+03	+0.349
120.900	+6.677e+03	+2.930e+03	+9.728e+03	+0.305
121.000	+6.020e+03	+3.389e+03	+9.264e+03	+0.360
121.100	+4.230e+03	+4.689e+03	+1.119e+04	+0.526
121.200	+2.656e+03	+6.952e+03	+1.037e+04	+0.724
121.300	+2.775e+03	+7.431e+03	+9.832e+03	+0.728
121.400	+2.786e+03	+6.209e+03	+1.035e+04	+0.690
121.500	+2.304e+03	+6.547e+03	+1.095e+04	+0.740
121.600	+4.419e+03	+7.224e+03	+1.039e+04	+0.620
121.700	+2.766e+03	+5.869e+03	+1.007e+04	+0.680
121.800	+3.471e+03	+6.820e+03	+1.039e+04	+0.663
121.900	+2.534e+03	+6.642e+03	+9.541e+03	+0.724
122.000	+3.348e+03	+6.884e+03	+9.184e+03	+0.673
122.100	+4.679e+03	+8.053e+03	+1.274e+04	+0.633
122.200	+5.622e+03	+5.481e+03	+8.817e+03	+0.494
122.300	+6.564e+03	+2.298e+03	+1.012e+04	+0.259
122.400	+5.191e+03	+1.844e+03	+1.071e+04	+0.262
122.500	+7.253e+03	+2.294e+03	+9.790e+03	+0.240
122.600	+2.440e+03	+5.853e+03	+1.020e+04	+0.706
122.700	+3.376e+03	+6.698e+03	+8.966e+03	+0.665
122.800	+3.381e+03	+7.174e+03	+1.097e+04	+0.680
122.900	+2.660e+03	+8.405e+03	+1.005e+04	+0.760
123.000	+3.285e+03	+8.836e+03	+1.068e+04	+0.729
123.100	+3.314e+03	+6.459e+03	+1.125e+04	+0.661
123.200	+2.078e+03	+7.428e+03	+9.824e+03	+0.781
123.300	+3.006e+03	+8.607e+03	+8.649e+03	+0.741
123.400	+1.693e+03	+7.458e+03	+8.339e+03	+0.815
123.500	+2.801e+03	+6.647e+03	+8.485e+03	+0.704
123.600	+3.225e+03	+6.999e+03	+9.718e+03	+0.685
123.700	+4.010e+03	+7.391e+03	+1.002e+04	+0.648
123.800	+6.688e+03	+4.961e+03	+1.028e+04	+0.426
123.900	+3.625e+03	+6.875e+03	+1.096e+04	+0.655
124.000	+3.207e+03	+8.979e+03	+1.038e+04	+0.737
124.100	+3.486e+03	+5.743e+03	+1.054e+04	+0.622
124.200	+4.500e+03	+7.179e+03	+1.025e+04	+0.615
124.300	+3.048e+03	+7.378e+03	+9.418e+03	+0.708
124.400	+2.501e+03	+6.184e+03	+1.094e+04	+0.712
124.500	+3.149e+03	+7.381e+03	+8.635e+03	+0.701
124.600	+3.058e+03	+9.550e+03	+9.832e+03	+0.757
124.700	+4.322e+03	+5.458e+03	+9.889e+03	+0.558
124.800	+7.457e+03	+3.001e+03	+1.049e+04	+0.287
124.900	+6.717e+03	+3.919e+03	+1.046e+04	+0.368
125.000	+5.530e+03	+3.098e+03	+1.024e+04	+0.359
125.100	+6.953e+03	+4.356e+03	+1.070e+04	+0.385
125.200	+7.162e+03	+2.786e+03	+1.057e+04	+0.280
125.300	+7.378e+03	+3.884e+03	+1.030e+04	+0.345
125.400	+7.592e+03	+2.500e+03	+9.811e+03	+0.248
125.500	+7.381e+03	+3.945e+03	+1.036e+04	+0.348
125.600	+6.547e+03	+2.416e+03	+9.547e+03	+0.269
125.700	+7.932e+03	+3.161e+03	+1.176e+04	+0.285
125.800	+7.313e+03	+4.055e+03	+8.999e+03	+0.357
125.900	+8.270e+03	+1.489e+03	+9.650e+03	+0.153
126.000	+7.790e+03	+4.106e+03	+9.507e+03	+0.345
126.100	+6.273e+03	+2.470e+03	+1.020e+04	+0.282
126.200	+3.509e+03	+5.142e+03	+9.452e+03	+0.594
126.300	+1.092e+03	+5.812e+03	+1.012e+04	+0.842
126.400	+2.642e+03	+7.183e+03	+9.936e+03	+0.731
126.500	+2.142e+03	+7.817e+03	+9.703e+03	+0.785
126.600	+3.126e+03	+7.451e+03	+1.030e+04	+0.704
126.700	+3.600e+03	+7.622e+03	+9.218e+03	+0.679
126.800	+2.904e+03	+7.256e+03	+9.779e+03	+0.714
126.900	+3.119e+03	+7.590e+03	+9.431e+03	+0.709
127.000	+3.925e+03	+8.233e+03	+9.663e+03	+0.677
127.100	+1.311e+03	+7.737e+03	+1.012e+04	+0.855
127.200	+2.137e+03	+7.317e+03	+1.011e+04	+0.774
127.300	+3.048e+03	+6.707e+03	+1.150e+04	+0.688
127.400	+3.453e+03	+7.160e+03	+9.900e+03	+0.675
127.500	+3.206e+03	+7.822e+03	+1.139e+04	+0.709
127.600	+4.712e+03	+8.255e+03	+1.109e+04	+0.637
127.700	+2.226e+03	+5.970e+03	+1.010e+04	+0.728
127.800	+2.513e+03	+6.667e+03	+1.052e+04	+0.726
127.900	+2.820e+03	+7.950e+03	+1.003e+04	+0.738
128.000	+1.584e+03	+7.881e+03	+8.693e+03	+0.833
128.100	+2.464e+03	+6.608e+03	+1.037e+04	+0.728
128.200	+4.505e+03	+4.611e+03	+9.705e+03	+0.506
128.300	+2.517e+03	+5.519e+03	+1.041e+04	+0.687
128.400	+3.158e+03	+6.071e+03	+1.026e+04	+0.658
128.500	+2.437e+03	+6.636e+03	+9.662e+03	+0.731
128.600	+2.497e+03	+7.051e+03	+1.052e+04	+0.738
128.700	+3.153e+03	+6.112e+03	+9.586e+03	+0.660
128.800	+4.063e+03	+5.566e+03	+1.124e+04	+0.578
128.900	+2.600e+03	+7.178e+03	+8.757e+03	+0.734
129.000	+4.283e+03	+7.635e+03	+1.067e+04	+0.641
129.100	+2.759e+03	+5.826e+03	+1.042e+04	+0.679
129.200	+3.725e+03	+6.142e+03	+1.031e+04	+0.622
129.300	+6.141e+03	+4.023e+03	+1.011e+04	+0.396
129.400	+7.574e+03	+2.527e+03	+8.224e+03	+0.250
129.500	+6.172e+03	+3.348e+03	+9.848e+03	+0.352
129.600	+3.337e+03	+5.950e+03	+9.496e+03	+0.641
129.700	+2.643e+03	+6.052e+03	+9.162e+03	+0.696
129.800	+3.448e+03	+7.228e+03	+9.884e+03	+0.677
129.900	+2.360e+03	+6.639e+03	+9.909e+03	+0.738
130.000	+4.193e+03	+7.698e+03	+1.085e+04	+0.647
130.100	+2.922e+03	+6.943e+03	+1.001e+04	+0.704
130.200	+1.784e+03	+7.318e+03	+9.108e+03	+0.804
130.300	+3.682e+03	+6.780e+03	+1.048e+04	+0.648
130.400	+2.726e+03	+8.153e+03	+9.310e+03	+0.749
130.500	+2.666e+03	+6.774e+03	+9.996e+03	+0.718
130.600	+3.357e+03	+6.703e+03	+1.013e+04	+0.666
130.700	+3.459e+03	+7.189e+03	+9.942e+03	+0.675
130.800	+2.207e+03	+7.133e+03	+9.875e+03	+0.764
130.900	+4.575e+03	+6.224e+03	+9.129e+03	+0.576
131.000	+3.191e+03	+8.514e+03	+1.008e+04	+0.727
131.100	+3.318e+03	+6.471e+03	+9.714e+03	+0.661
131.200	+3.026e+03	+5.995e+03	+1.088e+04	+0.665
131.300	+2.208e+03	+6.080e+03	+1.041e+04	+0.734
131.400	+5.540e+03	+2.983e+03	+1.030e+04	+0.350
131.500	+7.076e+03	+3.116e+03	+9.377e+03	+0.306
131.600	+7.224e+03	+2.616e+03	+1.015e+04	+0.266
131.700	+3.114e+03	+6.872e+03	+9.837e+03	+0.688
131.800	+3.739e+03	+7.438e+03	+1.047e+04	+0.665
131.900	+3.043e+03	+7.113e+03	+9.630e+03	+0.700
132.000	+2.638e+03	+7.387e+03	+9.266e+03	+0.737
132.100	+2.252e+03	+7.551e+03	+9.684e+03	+0.770
132.200	+3.271e+03	+7.130e+03	+1.039e+04	+0.686
132.300	+2.805e+03	+6.370e+03	+9.658e+03	+0.694
132.400	+3.136e+03	+7.470e+03	+1.007e+04	+0.704
132.500	+1.897e+03	+8.411e+03	+1.051e+04	+0.816
132.600	+3.930e+03	+5.722e+03	+8.538e+03	+0.593
132.700	+3.298e+03	+8.428e+03	+9.412e+03	+0.719
132.800	+1.709e+03	+7.274e+03	+1.051e+04	+0.810
132.900	+3.347e+03	+7.555e+03	+1.009e+04	+0.693
133.000	+2.802e+03	+6.430e+03	+9.889e+03	+0.697
133.100	+3.456e+03	+6.066e+03	+9.842e+03	+0.637
133.200	+4.044e+03	+7.150e+03	+8.808e+03	+0.639
133.300	+5.144e+03	+3.679e+03	+1.054e+04	+0.417
133.400	+6.885e+03	+4.835e+03	+9.849e+03	+0.413
