%t (s)	Idd (a.u.)	Ida (a.u.)	Iaa (a.u.)	FRET E
0.000	+4.562e+03	+6.394e+03	+9.130e+03	+0.584
0.100	+8.613e+03	+4.251e+03	+1.017e+04	+0.330
0.200	+8.128e+03	+1.898e+03	+1.114e+04	+0.189
0.300	+7.262e+03	+4.083e+03	+9.552e+03	+0.360
0.400	+7.490e+03	+4.021e+03	+1.295e+04	+0.349
0.500	+6.712e+03	+3.455e+03	+9.638e+03	+0.340
0.600	+6.883e+03	+3.744e+03	+1.113e+04	+0.352
0.700	+7.566e+03	+2.512e+03	+9.423e+03	+0.249
0.800	+7.554e+03	+2.050e+03	+9.535e+03	+0.213
0.900	+8.501e+03	+2.333e+03	+9.906e+03	+0.215
1.000	+6.772e+03	+2.776e+03	+9.035e+03	+0.291
1.100	+5.589e+03	+5.004e+03	+1.048e+04	+0.472
1.200	+4.345e+03	+4.924e+03	+9.742e+03	+0.531
1.300	+7.537e+03	+2.029e+03	+8.996e+03	+0.212
1.400	+5.930e+03	+2.344e+03	+1.111e+04	+0.283
1.500	+6.792e+03	+4.065e+03	+1.078e+04	+0.374
1.600	+6.346e+03	+3.673e+03	+9.126e+03	+0.367
1.700	+6.939e+03	+2.284e+03	+1.038e+04	+0.248
1.800	+8.823e+03	+3.200e+03	+9.607e+03	+0.266
1.900	+7.173e+03	+1.730e+03	+1.041e+04	+0.194
2.000	+7.931e+03	+3.779e+03	+9.478e+03	+0.323
2.100	+7.632e+03	+3.289e+03	+1.112e+04	+0.301
2.200	+5.041e+03	+5.932e+03	+9.481e+03	+0.541
2.300	+4.570e+03	+7.579e+03	+1.003e+04	+0.624
2.400	+4.782e+03	+3.889e+03	+1.058e+04	+0.448
2.500	+7.500e+03	+4.342e+03	+1.057e+04	+0.367
2.600	+6.463e+03	+2.999e+03	+1.051e+04	+0.317
2.700	+7.576e+03	+4.245e+03	+9.843e+03	+0.359
2.800	+3.966e+03	+5.480e+03	+1.087e+04	+0.580
2.900	+1.745e+03	+6.145e+03	+9.269e+03	+0.779
3.000	+1.368e+03	+6.647e+03	+9.957e+03	+0.829
3.100	+3.269e+03	+6.136e+03	+1.165e+04	+0.652
3.200	+3.302e+03	+5.721e+03	+1.097e+04	+0.634
3.300	+1.196e+03	+6.620e+03	+1.053e+04	+0.847
3.400	+3.702e+03	+6.321e+03	+1.014e+04	+0.631
3.500	+4.613e+03	+7.477e+03	+1.160e+04	+0.618
3.600	+7.947e+03	+2.391e+03	+1.051e+04	+0.231
3.700	+7.179e+03	+3.519e+03	+1.051e+04	+0.329
3.800	+7.759e+03	+3.252e+03	+1.062e+04	+0.295
3.900	+6.729e+03	+3.374e+03	+8.321e+03	+0.334
4.000	+5.785e+03	+3.926e+03	+1.064e+04	+0.404
4.100	+7.276e+03	+3.271e+03	+1.057e+04	+0.310
4.200	+3.324e+03	+6.689e+03	+9.887e+03	+0.668
4.300	+3.246e+03	+7.578e+03	+1.079e+04	+0.700
4.400	+2.157e+03	+7.975e+03	+1.122e+04	+0.787
4.500	+3.449e+03	+6.542e+03	+9.511e+03	+0.655
4.600	+4.098e+03	+7.368e+03	+9.739e+03	+0.643
4.700	+3.597e+03	+7.879e+03	+1.125e+04	+0.687
4.800	+2.259e+03	+6.829e+03	+9.711e+03	+0.751
4.900	+3.506e+03	+7.882e+03	+1.147e+04	+0.692
5.000	+2.566e+03	+8.699e+03	+1.017e+04	+0.772
5.100	+3.991e+03	+6.045e+03	+8.634e+03	+0.602
5.200	+2.520e+03	+7.191e+03	+1.056e+04	+0.740
5.300	+3.297e+03	+6.786e+03	+9.836e+03	+0.673
5.400	+2.690e+03	+8.943e+03	+9.617e+03	+0.769
5.500	+3.085e+03	+7.979e+03	+8.565e+03	+0.721
5.600	+2.269e+03	+7.058e+03	+1.020e+04	+0.757
5.700	+2.977e+03	+7.253e+03	+1.054e+04	+0.709
5.800	+2.968e+03	+6.211e+03	+1.020e+04	+0.677
5.900	+2.450e+03	+6.754e+03	+8.584e+03	+0.734
6.000	+3.304e+03	+6.399e+03	+9.823e+03	+0.659
6.100	+2.188e+03	+8.711e+03	+9.144e+03	+0.799
6.200	+2.991e+03	+6.996e+03	+9.582e+03	+0.700
6.300	+3.114e+03	+7.347e+03	+9.515e+03	+0.702
6.400	+2.702e+03	+7.002e+03	+1.167e+04	+0.722
6.500	+2.907e+03	+6.551e+03	+1.069e+04	+0.693
6.600	+2.677e+03	+7.458e+03	+9.266e+03	+0.736
6.700	+1.961e+03	+7.302e+03	+9.251e+03	+0.788
6.800	+6.752e+03	+3.053e+03	+1.015e+04	+0.311
6.900	+6.345e+03	+2.103e+03	+9.675e+03	+0.249
7.000	+3.247e+03	+5.870e+03	+9.965e+03	+0.644
7.100	+2.730e+03	+6.040e+03	+1.130e+04	+0.689
7.200	+3.222e+03	+6.574e+03	+1.000e+04	+0.671
7.300	+2.682e+03	+5.709e+03	+9.757e+03	+0.680
7.400	+1.878e+03	+7.391e+03	+1.013e+04	+0.797
7.500	+2.470e+03	+7.252e+03	+1.023e+04	+0.746
7.600	+2.271e+03	+7.011e+03	+1.096e+04	+0.755
7.700	+4.294e+03	+7.586e+03	+9.808e+03	+0.639
7.800	+3.069e+03	+7.427e+03	+1.129e+04	+0.708
7.900	+7.257e+03	+3.127e+03	+9.554e+03	+0.301
8.000	+7.509e+03	+3.714e+03	+1.067e+04	+0.331
8.100	+7.182e+03	+2.709e+03	+9.612e+03	+0.274
8.200	+6.823e+03	+2.548e+03	+8.766e+03	+0.272
8.300	+6.813e+03	+4.547e+03	+1.008e+04	+0.400
8.400	+7.959e+03	+2.960e+03	+1.015e+04	+0.271
8.500	+8.363e+03	+4.107e+03	+1.061e+04	+0.329
8.600	+8.626e+03	+2.243e+03	+1.030e+04	+0.206
8.700	+7.541e+03	+4.192e+03	+1.132e+04	+0.357
8.800	+7.674e+03	+2.915e+03	+1.046e+04	+0.275
8.900	+7.046e+03	+3.629e+03	+1.021e+04	+0.340
9.000	+7.568e+03	+3.402e+03	+9.539e+03	+0.310
9.100	+3.609e+03	+6.905e+03	+1.043e+04	+0.657
9.200	+2.397e+03	+7.725e+03	+1.035e+04	+0.763
9.300	+4.127e+03	+5.002e+03	+9.500e+03	+0.548
9.400	+7.069e+03	+2.312e+03	+9.316e+03	+0.246
9.500	+6.627e+03	+3.772e+03	+1.156e+04	+0.363
9.600	+7.790e+03	+2.503e+03	+8.180e+03	+0.243
9.700	+6.243e+03	+3.187e+03	+1.136e+04	+0.338
9.800	+3.558e+03	+6.524e+03	+1.000e+04	+0.647
9.900	+2.733e+03	+7.077e+03	+9.146e+03	+0.721
10.000	+4.001e+03	+6.469e+03	+1.090e+04	+0.618
10.100	+2.225e+03	+7.108e+03	+7.410e+03	+0.762
10.200	+3.484e+03	+7.175e+03	+9.290e+03	+0.673
10.300	+2.643e+03	+6.962e+03	+1.134e+04	+0.725
10.400	+2.308e+03	+6.800e+03	+8.155e+03	+0.747
10.500	+3.965e+03	+6.100e+03	+1.018e+04	+0.606
10.600	+2.217e+03	+5.764e+03	+1.143e+04	+0.722
10.700	+3.795e+03	+6.669e+03	+1.019e+04	+0.637
10.800	+4.083e+03	+6.217e+03	+1.048e+04	+0.604
10.900	+2.712e+03	+7.357e+03	+9.991e+03	+0.731
11.000	+3.542e+03	+7.029e+03	+9.461e+03	+0.665
11.100	+3.087e+03	+7.421e+03	+1.014e+04	+0.706
11.200	+2.877e+03	+7.031e+03	+9.539e+03	+0.710
11.300	+2.759e+03	+8.900e+03	+9.735e+03	+0.763
11.400	+3.535e+03	+6.195e+03	+9.629e+03	+0.637
11.500	+3.779e+03	+6.556e+03	+1.116e+04	+0.634
11.600	+4.236e+03	+8.191e+03	+9.632e+03	+0.659
11.700	+1.785e+03	+5.540e+03	+1.018e+04	+0.756
11.800	+1.840e+03	+7.759e+03	+1.144e+04	+0.808
11.900	+3.907e+03	+8.091e+03	+8.767e+03	+0.674
12.000	+2.285e+03	+6.033e+03	+9.890e+03	+0.725
12.100	+3.662e+03	+6.746e+03	+9.478e+03	+0.648
12.200	+4.831e+03	+5.742e+03	+1.044e+04	+0.543
12.300	+2.247e+03	+6.857e+03	+9.692e+03	+0.753
12.400	+2.457e+03	+7.172e+03	+9.325e+03	+0.745
12.500	+4.332e+03	+8.066e+03	+9.931e+03	+0.651
12.600	+2.947e+03	+7.575e+03	+1.083e+04	+0.720
12.700	+3.300e+03	+8.229e+03	+1.049e+04	+0.714
12.800	+4.972e+03	+5.359e+03	+1.048e+04	+0.519
12.900	+2.766e+03	+7.631e+03	+1.006e+04	+0.734
13.000	+4.300e+03	+7.403e+03	+1.027e+04	+0.633
13.100	+1.963e+03	+6.488e+03	+1.034e+04	+0.768
13.200	+3.133e+03	+6.545e+03	+8.541e+03	+0.676
13.300	+5.331e+03	+2.571e+03	+9.856e+03	+0.325
13.400	+4.317e+03	+5.034e+03	+9.370e+03	+0.538
13.500	+2.838e+03	+7.086e+03	+9.216e+03	+0.714
13.600	+3.706e+03	+7.538e+03	+8.679e+03	+0.670
13.700	+4.544e+03	+5.904e+03	+8.784e+03	+0.565
13.800	+5.580e+03	+6.750e+03	+1.159e+04	+0.547
13.900	+3.935e+03	+8.334e+03	+1.077e+04	+0.679
14.000	+2.543e+03	+7.837e+03	+1.090e+04	+0.755
14.100	+4.012e+03	+6.253e+03	+1.063e+04	+0.609
14.200	+3.805e+03	+8.217e+03	+1.068e+04	+0.683
14.300	+2.993e+03	+7.369e+03	+1.046e+04	+0.711
14.400	+2.358e+03	+6.470e+03	+9.466e+03	+0.733
14.500	+3.475e+03	+7.118e+03	+9.049e+03	+0.672
14.600	+3.797e+03	+6.405e+03	+1.044e+04	+0.628
14.700	+1.844e+03	+6.109e+03	+1.007e+04	+0.768
14.800	+2.706e+03	+6.738e+03	+1.047e+04	+0.713
14.900	+3.142e+03	+7.241e+03	+1.106e+04	+0.697
15.000	+6.689e+03	+2.103e+03	+9.676e+03	+0.239
15.100	+7.964e+03	+1.522e+03	+1.042e+04	+0.160
15.200	+7.469e+03	+2.648e+03	+1.119e+04	+0.262
15.300	+7.737e+03	+2.630e+03	+1.032e+04	+0.254
15.400	+6.901e+03	+3.730e+03	+9.513e+03	+0.351
15.500	+7.083e+03	+3.257e+03	+9.952e+03	+0.315
15.600	+5.866e+03	+6.081e+03	+1.030e+04	+0.509
15.700	+2.718e+03	+7.516e+03	+8.302e+03	+0.734
15.800	+2.296e+03	+5.628e+03	+1.042e+04	+0.710
15.900	+3.119e+03	+5.757e+03	+1.034e+04	+0.649
16.000	+7.236e+03	+3.118e+03	+9.823e+03	+0.301
16.100	+8.353e+03	+3.724e+03	+9.527e+03	+0.308
16.200	+6.452e+03	+3.119e+03	+9.694e+03	+0.326
16.300	+6.610e+03	+1.629e+03	+9.446e+03	+0.198
16.400	+5.603e+03	+1.288e+03	+9.219e+03	+0.187
16.500	+5.477e+03	+4.276e+03	+1.086e+04	+0.438
16.600	+5.144e+03	+2.408e+03	+1.118e+04	+0.319
16.700	+5.198e+03	+2.596e+03	+8.995e+03	+0.333
16.800	+6.228e+03	+2.672e+03	+1.145e+04	+0.300
16.900	+8.777e+03	+1.804e+03	+9.037e+03	+0.170
17.000	+7.698e+03	+3.362e+03	+1.117e+04	+0.304
17.100	+5.860e+03	+3.483e+03	+9.468e+03	+0.373
17.200	+6.930e+03	+2.408e+03	+1.017e+04	+0.258
17.300	+7.097e+03	+3.318e+03	+1.066e+04	+0.319
17.400	+6.327e+03	+2.026e+03	+8.795e+03	+0.243
17.500	+6.687e+03	+2.583e+03	+9.625e+03	+0.279
17.600	+7.047e+03	+3.013e+03	+9.380e+03	+0.300
17.700	+7.721e+03	+3.753e+03	+9.981e+03	+0.327
17.800	+7.180e+03	+2.117e+03	+1.137e+04	+0.228
17.900	+5.181e+03	+3.379e+03	+1.057e+04	+0.395
18.000	+7.086e+03	+2.976e+03	+1.098e+04	+0.296
18.100	+5.912e+03	+2.846e+03	+1.026e+04	+0.325
18.200	+8.421e+03	+2.704e+03	+1.105e+04	+0.243
18.300	+7.030e+03	+3.472e+03	+1.066e+04	+0.331
18.400	+6.908e+03	+3.092e+03	+1.003e+04	+0.309
18.500	+7.014e+03	+3.281e+03	+1.054e+04	+0.319
18.600	+7.484e+03	+3.522e+03	+9.530e+03	+0.320
18.700	+7.263e+03	+1.168e+03	+9.991e+03	+0.139
18.800	+6.652e+03	+1.847e+03	+9.634e+03	+0.217
18.900	+6.588e+03	+4.044e+03	+9.256e+03	+0.380
19.000	+6.248e+03	+3.485e+03	+1.018e+04	+0.358
19.100	+5.830e+03	+4.698e+03	+1.015e+04	+0.446
19.200	+3.827e+03	+6.554e+03	+1.056e+04	+0.631
19.300	+4.214e+03	+7.286e+03	+1.097e+04	+0.634
19.400	+2.557e+03	+6.392e+03	+8.442e+03	+0.714
19.500	+2.216e+03	+6.386e+03	+8.679e+03	+0.742
19.600	+4.015e+03	+6.670e+03	+9.318e+03	+0.624
19.700	+2.849e+03	+5.989e+03	+8.827e+03	+0.678
19.800	+2.442e+03	+7.043e+03	+9.840e+03	+0.743
19.900	+3.511e+03	+7.063e+03	+9.106e+03	+0.668
20.000	+1.753e+03	+7.992e+03	+1.086e+04	+0.820
20.100	+2.401e+03	+8.120e+03	+1.022e+04	+0.772
20.200	+2.672e+03	+5.782e+03	+9.395e+03	+0.684
20.300	+3.750e+03	+6.354e+03	+9.337e+03	+0.629
20.400	+6.066e+03	+3.965e+03	+1.020e+04	+0.395
20.500	+6.382e+03	+3.051e+03	+1.069e+04	+0.323
20.600	+6.853e+03	+2.435e+03	+9.290e+03	+0.262
20.700	+7.230e+03	+2.163e+03	+1.003e+04	+0.230
20.800	+6.134e+03	+4.599e+03	+1.000e+04	+0.428
20.900	+5.859e+03	+2.145e+03	+1.109e+04	+0.268
21.000	+7.571e+03	+3.584e+03	+9.194e+03	+0.321
21.100	+7.481e+03	+2.572e+03	+1.021e+04	+0.256
21.200	+7.359e+03	+2.996e+03	+1.037e+04	+0.289
21.300	+7.769e+03	+3.936e+03	+1.027e+04	+0.336
21.400	+6.380e+03	+3.418e+03	+9.715e+03	+0.349
21.500	+7.737e+03	+2.157e+03	+9.334e+03	+0.218
21.600	+6.646e+03	+3.217e+03	+9.527e+03	+0.326
21.700	+6.615e+03	+3.886e+03	+1.025e+04	+0.370
21.800	+7.734e+03	+3.579e+03	+9.142e+03	+0.316
21.900	+7.338e+03	+3.379e+03	+1.130e+04	+0.315
22.000	+6.789e+03	+3.118e+03	+9.454e+03	+0.315
22.100	+7.555e+03	+3.229e+03	+9.616e+03	+0.299
22.200	+7.179e+03	+2.081e+03	+1.067e+04	+0.225
22.300	+6.360e+03	+3.259e+03	+9.806e+03	+0.339
22.400	+6.945e+03	+3.637e+03	+1.070e+04	+0.344
22.500	+7.637e+03	+2.795e+03	+1.108e+04	+0.268
22.600	+7.547e+03	+1.921e+03	+1.029e+04	+0.203
22.700	+6.084e+03	+3.642e+03	+8.710e+03	+0.374
22.800	+7.659e+03	+3.922e+03	+9.834e+03	+0.339
22.900	+6.197e+03	+4.047e+03	+1.060e+04	+0.395
23.000	+7.584e+03	+3.369e+03	+1.007e+04	+0.308
23.100	+5.048e+03	+6.064e+03	+1.009e+04	+0.546
23.200	+2.933e+03	+7.889e+03	+9.777e+03	+0.729
23.300	+2.739e+03	+5.263e+03	+9.970e+03	+0.658
23.400	+2.093e+03	+6.829e+03	+1.029e+04	+0.765
23.500	+3.220e+03	+6.051e+03	+9.835e+03	+0.653
23.600	+1.876e+03	+6.412e+03	+1.029e+04	+0.774
23.700	+2.816e+03	+6.087e+03	+1.100e+04	+0.684
23.800	+7.785e+03	+2.055e+03	+9.548e+03	+0.209
23.900	+4.340e+03	+4.743e+03	+9.511e+03	+0.522
24.000	+3.228e+03	+6.561e+03	+8.532e+03	+0.670
24.100	+2.529e+03	+5.840e+03	+1.060e+04	+0.698
24.200	+2.973e+03	+6.290e+03	+9.278e+03	+0.679
24.300	+2.903e+03	+6.360e+03	+8.394e+03	+0.687
24.400	+2.358e+03	+6.663e+03	+1.003e+04	+0.739
24.500	+4.067e+03	+7.076e+03	+9.482e+03	+0.635
24.600	+3.963e+03	+7.366e+03	+1.026e+04	+0.650
24.700	+1.426e+03	+7.619e+03	+1.015e+04	+0.842
24.800	+3.617e+03	+7.058e+03	+8.823e+03	+0.661
24.900	+2.511e+03	+7.751e+03	+8.639e+03	+0.755
25.000	+2.342e+03	+5.262e+03	+1.116e+04	+0.692
25.100	+3.583e+03	+6.726e+03	+1.005e+04	+0.652
25.200	+2.809e+03	+7.222e+03	+1.061e+04	+0.720
25.300	+2.423e+03	+7.064e+03	+1.212e+04	+0.745
25.400	+2.733e+03	+6.826e+03	+9.458e+03	+0.714
25.500	+2.918e+03	+6.116e+03	+1.063e+04	+0.677
25.600	+3.405e+03	+7.978e+03	+8.227e+03	+0.701
25.700	+3.397e+03	+7.856e+03	+9.395e+03	+0.698
25.800	+2.337e+03	+5.602e+03	+1.145e+04	+0.706
25.900	+2.449e+03	+7.803e+03	+9.902e+03	+0.761
26.000	+3.250e+03	+9.115e+03	+1.018e+04	+0.737
26.100	+2.517e+03	+5.458e+03	+1.028e+04	+0.684
26.200	+3.483e+03	+6.706e+03	+1.136e+04	+0.658
26.300	+1.988e+03	+6.557e+03	+1.053e+04	+0.767
26.400	+2.705e+03	+7.510e+03	+8.303e+03	+0.735
26.500	+1.985e+03	+7.078e+03	+1.034e+04	+0.781
26.600	+6.182e+03	+3.685e+03	+1.086e+04	+0.373
26.700	+5.132e+03	+2.045e+03	+1.071e+04	+0.285
26.800	+6.341e+03	+5.293e+03	+9.798e+03	+0.455
26.900	+6.646e+03	+3.242e+03	+9.471e+03	+0.328
27.000	+6.871e+03	+1.753e+03	+1.156e+04	+0.203
27.100	+7.849e+03	+3.984e+03	+1.002e+04	+0.337
27.200	+7.157e+03	+2.407e+03	+9.885e+03	+0.252
27.300	+6.132e+03	+2.746e+03	+1.039e+04	+0.309
27.400	+4.684e+03	+6.135e+03	+9.837e+03	+0.567
27.500	+3.053e+03	+7.544e+03	+1.077e+04	+0.712
27.600	+3.538e+03	+6.571e+03	+9.300e+03	+0.650
27.700	+1.719e+03	+6.961e+03	+1.128e+04	+0.802
27.800	+2.653e+03	+7.247e+03	+9.251e+03	+0.732
27.900	+5.603e+03	+6.866e+03	+1.019e+04	+0.551
28.000	+4.251e+03	+6.869e+03	+1.087e+04	+0.618
28.100	+2.983e+03	+8.311e+03	+9.569e+03	+0.736
28.200	+2.658e+03	+6.456e+03	+1.017e+04	+0.708
28.300	+3.703e+03	+6.347e+03	+8.391e+03	+0.632
28.400	+2.883e+03	+7.701e+03	+1.164e+04	+0.728
28.500	+3.284e+03	+7.508e+03	+1.048e+04	+0.696
28.600	+4.026e+03	+6.387e+03	+9.305e+03	+0.613
28.700	+3.818e+03	+7.807e+03	+1.038e+04	+0.672
28.800	+4.621e+03	+7.131e+03	+1.194e+04	+0.607
28.900	+3.035e+03	+6.283e+03	+1.121e+04	+0.674
29.000	+2.477e+03	+7.059e+03	+9.159e+03	+0.740
29.100	+3.423e+03	+7.606e+03	+1.071e+04	+0.690
29.200	+2.545e+03	+8.956e+03	+1.013e+04	+0.779
29.300	+2.177e+03	+7.789e+03	+9.174e+03	+0.782
29.400	+1.841e+03	+7.600e+03	+9.821e+03	+0.805
29.500	+4.339e+03	+4.837e+03	+9.784e+03	+0.527
29.600	+6.750e+03	+1.610e+03	+9.260e+03	+0.193
29.700	+7.753e+03	+4.052e+03	+9.771e+03	+0.343
29.800	+6.685e+03	+4.587e+03	+1.022e+04	+0.407
29.900	+6.845e+03	+2.502e+03	+9.410e+03	+0.268
30.000	+6.543e+03	+4.202e+03	+9.903e+03	+0.391
30.100	+6.075e+03	+2.908e+03	+8.621e+03	+0.324
30.200	+7.678e+03	+3.411e+03	+1.122e+04	+0.308
30.300	+7.303e+03	+2.602e+03	+8.626e+03	+0.263
30.400	+5.960e+03	+3.044e+03	+1.160e+04	+0.338
30.500	+5.686e+03	+2.980e+03	+9.537e+03	+0.344
30.600	+3.261e+03	+6.751e+03	+1.058e+04	+0.674
30.700	+2.228e+03	+6.616e+03	+1.097e+04	+0.748
30.800	+3.693e+03	+6.484e+03	+8.555e+03	+0.637
30.900	+3.730e+03	+6.279e+03	+1.014e+04	+0.627
31.000	+4.074e+03	+6.828e+03	+9.028e+03	+0.626
31.100	+2.471e+03	+7.417e+03	+1.126e+04	+0.750
31.200	+2.544e+03	+6.872e+03	+1.036e+04	+0.730
31.300	+5.556e+03	+4.782e+03	+1.004e+04	+0.463
31.400	+7.771e+03	+3.754e+03	+1.100e+04	+0.326
31.500	+6.067e+03	+2.145e+03	+9.626e+03	+0.261
31.600	+6.788e+03	+3.841e+03	+1.041e+04	+0.361
31.700	+7.229e+03	+4.228e+03	+1.087e+04	+0.369
31.800	+5.675e+03	+4.577e+03	+1.157e+04	+0.446
31.900	+3.347e+03	+6.225e+03	+1.062e+04	+0.650
32.000	+3.108e+03	+6.340e+03	+1.090e+04	+0.671
32.100	+1.738e+03	+6.228e+03	+1.049e+04	+0.782
32.200	+7.950e+02	+6.891e+03	+8.441e+03	+0.897
32.300	+1.354e+03	+6.701e+03	+8.773e+03	+0.832
32.400	+3.021e+03	+7.904e+03	+9.443e+03	+0.723
32.500	+3.149e+03	+5.841e+03	+1.086e+04	+0.650
32.600	+3.750e+03	+7.936e+03	+9.988e+03	+0.679
32.700	+3.000e+03	+6.773e+03	+9.798e+03	+0.693
32.800	+1.635e+03	+6.890e+03	+9.419e+03	+0.808
32.900	+3.140e+03	+6.774e+03	+1.046e+04	+0.683
33.000	+2.082e+03	+7.619e+03	+9.299e+03	+0.785
33.100	+4.214e+03	+5.683e+03	+1.005e+04	+0.574
33.200	+2.549e+03	+7.339e+03	+9.642e+03	+0.742
33.300	+2.086e+03	+6.944e+03	+9.821e+03	+0.769
33.400	+2.709e+03	+6.968e+03	+9.459e+03	+0.720
33.500	+2.686e+03	+6.635e+03	+9.538e+03	+0.712
33.600	+2.562e+03	+7.310e+03	+8.799e+03	+0.740
33.700	+4.829e+03	+6.089e+03	+1.013e+04	+0.558
33.800	+2.865e+03	+6.075e+03	+9.684e+03	+0.680
33.900	+2.472e+03	+7.796e+03	+8.999e+03	+0.759
34.000	+3.083e+03	+7.710e+03	+9.174e+03	+0.714
34.100	+2.739e+03	+6.425e+03	+9.067e+03	+0.701
34.200	+4.668e+03	+7.804e+03	+1.119e+04	+0.626
34.300	+3.930e+03	+6.159e+03	+1.106e+04	+0.610
34.400	+2.420e+03	+6.468e+03	+1.074e+04	+0.728
34.500	+4.194e+03	+4.931e+03	+1.004e+04	+0.540
34.600	+5.459e+03	+2.542e+03	+1.060e+04	+0.318
34.700	+7.557e+03	+2.587e+03	+9.571e+03	+0.255
34.800	+2.628e+03	+7.331e+03	+1.235e+04	+0.736
34.900	+2.449e+03	+7.518e+03	+1.080e+04	+0.754
35.000	+4.280e+03	+7.261e+03	+1.011e+04	+0.629
35.100	+7.904e+03	+2.939e+03	+9.607e+03	+0.271
35.200	+7.632e+03	+2.781e+03	+1.030e+04	+0.267
35.300	+4.189e+03	+5.287e+03	+1.011e+04	+0.558
35.400	+2.334e+03	+7.401e+03	+1.006e+04	+0.760
35.500	+4.476e+03	+7.609e+03	+1.044e+04	+0.630
35.600	+2.114e+03	+6.212e+03	+1.082e+04	+0.746
35.700	+1.512e+03	+6.926e+03	+9.481e+03	+0.821
35.800	+4.005e+03	+5.736e+03	+1.070e+04	+0.589
35.900	+3.084e+03	+6.323e+03	+1.028e+04	+0.672
36.000	+4.413e+03	+5.702e+03	+9.981e+03	+0.564
36.100	+3.179e+03	+6.809e+03	+9.801e+03	+0.682
36.200	+2.888e+03	+8.570e+03	+9.393e+03	+0.748
36.300	+3.429e+03	+7.618e+03	+1.082e+04	+0.690
36.400	+4.259e+03	+7.715e+03	+1.051e+04	+0.644
36.500	+4.325e+03	+6.715e+03	+9.989e+03	+0.608
36.600	+8.242e+03	+3.646e+03	+8.276e+03	+0.307
36.700	+8.113e+03	+2.040e+03	+1.086e+04	+0.201
36.800	+5.432e+03	+3.863e+03	+9.890e+03	+0.416
36.900	+8.466e+03	+4.192e+03	+1.143e+04	+0.331
37.000	+7.415e+03	+2.321e+03	+1.005e+04	+0.238
37.100	+4.132e+03	+7.152e+03	+1.052e+04	+0.634
37.200	+1.576e+03	+7.361e+03	+9.889e+03	+0.824
37.300	+1.686e+03	+6.801e+03	+8.416e+03	+0.801
37.400	+4.086e+03	+6.344e+03	+9.986e+03	+0.608
37.500	+4.099e+03	+5.867e+03	+8.758e+03	+0.589
37.600	+2.735e+03	+8.054e+03	+1.111e+04	+0.746
37.700	+3.640e+03	+7.358e+03	+1.134e+04	+0.669
37.800	+5.276e+03	+6.850e+03	+1.141e+04	+0.565
37.900	+2.443e+03	+7.944e+03	+1.045e+04	+0.765
38.000	+3.650e+03	+5.882e+03	+1.027e+04	+0.617
38.100	+2.933e+03	+7.478e+03	+1.039e+04	+0.718
38.200	+3.097e+03	+6.992e+03	+1.049e+04	+0.693
38.300	+1.245e+03	+7.197e+03	+1.008e+04	+0.853
38.400	+3.332e+03	+6.607e+03	+9.333e+03	+0.665
38.500	+4.934e+03	+4.067e+03	+9.860e+03	+0.452
38.600	+7.978e+03	+3.846e+03	+9.322e+03	+0.325
38.700	+7.409e+03	+4.488e+03	+1.041e+04	+0.377
38.800	+3.973e+03	+7.527e+03	+1.064e+04	+0.655
38.900	+2.579e+03	+7.462e+03	+1.091e+04	+0.743
39.000	+3.182e+03	+6.679e+03	+1.114e+04	+0.677
39.100	+2.568e+03	+6.808e+03	+9.893e+03	+0.726
39.200	+2.401e+03	+6.538e+03	+9.969e+03	+0.731
39.300	+2.706e+03	+6.526e+03	+9.775e+03	+0.707
39.400	+2.942e+03	+7.129e+03	+1.066e+04	+0.708
39.500	+4.279e+03	+7.135e+03	+1.140e+04	+0.625
39.600	+3.078e+03	+6.045e+03	+9.896e+03	+0.663
39.700	+4.819e+03	+8.383e+03	+1.066e+04	+0.635
39.800	+3.541e+03	+8.244e+03	+1.026e+04	+0.700
39.900	+2.448e+03	+7.896e+03	+9.249e+03	+0.763
40.000	+3.099e+03	+7.004e+03	+8.341e+03	+0.693
40.100	+5.487e+03	+5.106e+03	+9.261e+03	+0.482
40.200	+6.696e+03	+2.115e+03	+9.192e+03	+0.240
40.300	+5.239e+03	+4.965e+03	+9.613e+03	+0.487
40.400	+2.416e+03	+6.236e+03	+1.034e+04	+0.721
40.500	+3.524e+03	+6.655e+03	+1.020e+04	+0.654
40.600	+4.004e+03	+6.727e+03	+1.154e+04	+0.627
40.700	+3.819e+03	+6.283e+03	+1.244e+04	+0.622
40.800	+4.901e+03	+4.470e+03	+1.028e+04	+0.477
40.900	+7.185e+03	+2.985e+03	+1.091e+04	+0.294
41.000	+8.463e+03	+3.849e+03	+9.805e+03	+0.313
41.100	+6.554e+03	+2.542e+03	+9.163e+03	+0.279
41.200	+8.015e+03	+2.235e+03	+1.090e+04	+0.218
41.300	+8.272e+03	+1.374e+03	+9.384e+03	+0.142
41.400	+3.281e+03	+6.815e+03	+9.457e+03	+0.675
41.500	+3.357e+03	+6.937e+03	+8.922e+03	+0.674
41.600	+1.013e+03	+7.458e+03	+1.152e+04	+0.880
41.700	+4.603e+03	+8.077e+03	+9.342e+03	+0.637
41.800	+2.045e+03	+7.159e+03	+1.080e+04	+0.778
41.900	+2.864e+03	+7.966e+03	+9.565e+03	+0.736
42.000	+4.140e+03	+7.064e+03	+9.621e+03	+0.631
42.100	+2.418e+03	+6.662e+03	+9.400e+03	+0.734
42.200	+4.545e+03	+7.174e+03	+1.049e+04	+0.612
42.300	+3.199e+03	+5.452e+03	+8.912e+03	+0.630
42.400	+2.680e+03	+6.103e+03	+1.002e+04	+0.695
42.500	+2.895e+03	+6.492e+03	+1.066e+04	+0.692
42.600	+2.525e+03	+6.827e+03	+9.365e+03	+0.730
42.700	+2.318e+03	+6.669e+03	+1.079e+04	+0.742
42.800	+5.615e+03	+4.091e+03	+1.088e+04	+0.421
42.900	+7.224e+03	+2.747e+03	+9.750e+03	+0.276
43.000	+5.392e+03	+4.606e+03	+1.009e+04	+0.461
43.100	+6.208e+03	+3.599e+03	+9.476e+03	+0.367
43.200	+8.667e+03	+2.569e+03	+1.067e+04	+0.229
43.300	+7.061e+03	+3.835e+03	+1.058e+04	+0.352
43.400	+6.864e+03	+3.456e+03	+1.056e+04	+0.335
43.500	+7.063e+03	+2.690e+03	+9.717e+03	+0.276
43.600	+7.405e+03	+7.665e+02	+1.065e+04	+0.094
43.700	+6.221e+03	+2.621e+03	+1.158e+04	+0.296
43.800	+7.443e+03	+4.445e+03	+9.881e+03	+0.374
43.900	+7.912e+03	+3.262e+03	+9.002e+03	+0.292
44.000	+6.389e+03	+2.212e+03	+1.029e+04	+0.257
44.100	+6.743e+03	+4.547e+03	+9.392e+03	+0.403
44.200	+7.699e+03	+2.101e+03	+8.934e+03	+0.214
44.300	+5.462e+03	+4.182e+03	+1.134e+04	+0.434
44.400	+3.931e+03	+6.565e+03	+9.388e+03	+0.625
44.500	+3.513e+03	+6.492e+03	+1.086e+04	+0.649
44.600	+3.479e+03	+7.804e+03	+1.122e+04	+0.692
44.700	+3.111e+03	+8.091e+03	+9.973e+03	+0.722
44.800	+3.423e+03	+5.940e+03	+1.021e+04	+0.634
44.900	+2.336e+03	+8.450e+03	+8.708e+03	+0.783
45.000	+3.159e+03	+7.813e+03	+9.917e+03	+0.712
45.100	+2.756e+03	+6.541e+03	+9.339e+03	+0.704
45.200	+2.340e+03	+6.035e+03	+1.051e+04	+0.721
45.300	+3.060e+03	+7.383e+03	+9.387e+03	+0.707
45.400	+2.736e+03	+6.718e+03	+1.064e+04	+0.711
45.500	+3.359e+03	+7.705e+03	+1.053e+04	+0.696
45.600	+3.466e+03	+7.282e+03	+8.533e+03	+0.678
45.700	+3.609e+03	+6.943e+03	+1.115e+04	+0.658
45.800	+1.441e+03	+5.419e+03	+9.480e+03	+0.790
45.900	+4.417e+03	+5.529e+03	+1.038e+04	+0.556
46.000	+2.876e+03	+8.177e+03	+1.120e+04	+0.740
46.100	+3.227e+03	+8.759e+03	+1.011e+04	+0.731
46.200	+2.943e+03	+6.286e+03	+9.975e+03	+0.681
46.300	+3.769e+03	+6.712e+03	+1.086e+04	+0.640
46.400	+2.389e+03	+6.248e+03	+9.618e+03	+0.723
46.500	+3.671e+03	+7.215e+03	+9.719e+03	+0.663
46.600	+3.182e+03	+7.933e+03	+1.024e+04	+0.714
46.700	+2.595e+03	+5.729e+03	+1.119e+04	+0.688
46.800	+4.333e+03	+8.087e+03	+1.108e+04	+0.651
46.900	+2.610e+03	+7.738e+03	+7.516e+03	+0.748
47.000	+4.087e+03	+6.447e+03	+1.119e+04	+0.612
47.100	+2.521e+03	+7.196e+03	+1.109e+04	+0.741
47.200	+4.148e+03	+5.881e+03	+1.034e+04	+0.586
47.300	+7.898e+03	+3.958e+03	+9.688e+03	+0.334
47.400	+7.165e+03	+3.936e+03	+1.028e+04	+0.355
47.500	+6.825e+03	+3.489e+03	+1.094e+04	+0.338
47.600	+6.642e+03	+2.089e+03	+9.571e+03	+0.239
47.700	+8.385e+03	+2.808e+03	+1.016e+04	+0.251
47.800	+5.756e+03	+4.373e+03	+9.478e+03	+0.432
47.900	+5.673e+03	+3.132e+03	+9.475e+03	+0.356
48.000	+6.278e+03	+3.106e+03	+1.045e+04	+0.331
48.100	+7.974e+03	+2.550e+03	+1.045e+04	+0.242
48.200	+7.137e+03	+3.327e+03	+1.040e+04	+0.318
48.300	+7.588e+03	+5.338e+03	+1.004e+04	+0.413
48.400	+7.052e+03	+3.539e+03	+9.869e+03	+0.334
48.500	+7.354e+03	+4.364e+03	+1.225e+04	+0.372
48.600	+7.100e+03	+1.833e+03	+1.074e+04	+0.205
48.700	+7.807e+03	+4.728e+03	+9.543e+03	+0.377
48.800	+4.710e+03	+5.402e+03	+9.514e+03	+0.534
48.900	+3.886e+03	+7.469e+03	+7.440e+03	+0.658
49.000	+2.017e+03	+5.440e+03	+1.002e+04	+0.730
49.100	+4.975e+03	+6.692e+03	+9.247e+03	+0.574
49.200	+2.295e+03	+6.114e+03	+1.009e+04	+0.727
49.300	+3.865e+03	+5.670e+03	+9.875e+03	+0.595
49.400	+3.439e+03	+6.623e+03	+9.617e+03	+0.658
49.500	+2.384e+03	+6.730e+03	+8.443e+03	+0.738
49.600	+2.188e+03	+5.260e+03	+9.960e+03	+0.706
49.700	+3.091e+03	+6.995e+03	+1.054e+04	+0.694
49.800	+2.526e+03	+7.014e+03	+9.427e+03	+0.735
49.900	+1.800e+03	+7.041e+03	+1.076e+04	+0.796
50.000	+7.527e+03	+2.707e+03	+1.128e+04	+0.265
50.100	+6.992e+03	+2.294e+03	+9.761e+03	+0.247
50.200	+6.129e+03	+3.063e+03	+9.158e+03	+0.333
50.300	+6.965e+03	+2.755e+03	+9.792e+03	+0.283
50.400	+6.276e+03	+4.207e+03	+1.030e+04	+0.401
50.500	+6.764e+03	+4.281e+03	+8.724e+03	+0.388
50.600	+6.496e+03	+3.303e+03	+1.014e+04	+0.337
50.700	+8.438e+03	+3.018e+03	+9.323e+03	+0.263
50.800	+6.720e+03	+2.551e+03	+9.774e+03	+0.275
50.900	+7.193e+03	+1.916e+03	+9.917e+03	+0.210
51.000	+6.222e+03	+2.404e+03	+9.821e+03	+0.279
51.100	+6.826e+03	+2.959e+03	+1.015e+04	+0.302
51.200	+7.907e+03	+2.035e+03	+9.620e+03	+0.205
51.300	+7.330e+03	+4.330e+03	+1.084e+04	+0.371
51.400	+6.052e+03	+4.018e+03	+8.897e+03	+0.399
51.500	+7.995e+03	+2.689e+03	+1.031e+04	+0.252
51.600	+8.020e+03	+3.084e+03	+9.942e+03	+0.278
51.700	+5.585e+03	+3.352e+03	+1.083e+04	+0.375
51.800	+7.233e+03	+3.876e+03	+8.937e+03	+0.349
51.900	+5.682e+03	+1.788e+03	+1.023e+04	+0.239
52.000	+8.185e+03	+1.805e+03	+9.519e+03	+0.181
52.100	+5.529e+03	+3.767e+03	+1.030e+04	+0.405
52.200	+3.932e+03	+7.830e+03	+1.084e+04	+0.666
52.300	+2.625e+03	+8.136e+03	+1.085e+04	+0.756
52.400	+3.576e+03	+7.153e+03	+1.002e+04	+0.667
52.500	+2.915e+03	+6.872e+03	+9.157e+03	+0.702
52.600	+3.361e+03	+7.844e+03	+9.174e+03	+0.700
52.700	+2.640e+03	+7.509e+03	+9.180e+03	+0.740
52.800	+1.454e+03	+6.614e+03	+1.081e+04	+0.820
52.900	+3.275e+03	+6.520e+03	+1.029e+04	+0.666
53.000	+2.655e+03	+6.776e+03	+9.102e+03	+0.718
53.100	+2.132e+03	+6.831e+03	+9.610e+03	+0.762
53.200	+2.963e+03	+9.004e+03	+9.534e+03	+0.752
53.300	+1.620e+03	+7.309e+03	+1.072e+04	+0.819
53.400	+2.605e+03	+6.992e+03	+8.903e+03	+0.729
53.500	+1.980e+03	+5.527e+03	+1.008e+04	+0.736
53.600	+4.049e+03	+7.747e+03	+9.519e+03	+0.657
53.700	+2.544e+03	+7.412e+03	+9.769e+03	+0.744
53.800	+2.270e+03	+7.228e+03	+9.312e+03	+0.761
53.900	+4.097e+03	+7.351e+03	+1.049e+04	+0.642
54.000	+1.538e+03	+5.954e+03	+9.782e+03	+0.795
54.100	+3.406e+03	+6.681e+03	+1.006e+04	+0.662
54.200	+3.493e+03	+6.763e+03	+8.886e+03	+0.659
54.300	+2.496e+03	+8.276e+03	+9.650e+03	+0.768
54.400	+3.559e+03	+6.861e+03	+1.014e+04	+0.658
54.500	+6.047e+03	+2.843e+03	+1.147e+04	+0.320
54.600	+5.101e+03	+4.658e+03	+9.474e+03	+0.477
54.700	+1.635e+03	+7.679e+03	+9.735e+03	+0.825
54.800	+2.885e+03	+7.006e+03	+8.627e+03	+0.708
54.900	+3.439e+03	+7.149e+03	+9.328e+03	+0.675
55.000	+2.539e+03	+7.118e+03	+9.269e+03	+0.737
55.100	+3.352e+03	+7.849e+03	+1.029e+04	+0.701
55.200	+2.443e+03	+6.186e+03	+1.100e+04	+0.717
55.300	+2.825e+03	+7.138e+03	+8.202e+03	+0.716
55.400	+3.454e+03	+6.766e+03	+1.047e+04	+0.662
55.500	+3.733e+03	+6.817e+03	+1.023e+04	+0.646
55.600	+3.689e+03	+6.023e+03	+1.207e+04	+0.620
55.700	+4.595e+03	+7.341e+03	+8.507e+03	+0.615
55.800	+2.395e+03	+6.578e+03	+9.697e+03	+0.733
55.900	+2.266e+03	+6.551e+03	+9.997e+03	+0.743
56.000	+6.224e+03	+3.623e+03	+8.846e+03	+0.368
56.100	+7.445e+03	+3.311e+03	+1.094e+04	+0.308
56.200	+7.489e+03	+3.254e+03	+9.493e+03	+0.303
56.300	+6.558e+03	+3.697e+03	+1.199e+04	+0.361
56.400	+7.560e+03	+2.313e+03	+9.080e+03	+0.234
56.500	+7.387e+03	+2.472e+03	+1.040e+04	+0.251
56.600	+6.628e+03	+4.361e+03	+9.900e+03	+0.397
56.700	+8.552e+03	+2.988e+03	+8.869e+03	+0.259
56.800	+5.349e+03	+2.891e+03	+1.085e+04	+0.351
56.900	+6.983e+03	+2.695e+03	+9.343e+03	+0.278
57.000	+5.876e+03	+2.316e+03	+1.042e+04	+0.283
57.100	+6.825e+03	+3.304e+03	+1.073e+04	+0.326
57.200	+8.051e+03	+3.715e+03	+1.062e+04	+0.316
57.300	+7.207e+03	+1.429e+03	+9.502e+03	+0.165
57.400	+7.205e+03	+4.124e+03	+9.884e+03	+0.364
57.500	+7.725e+03	+3.354e+03	+1.006e+04	+0.303
57.600	+6.693e+03	+2.643e+03	+1.172e+04	+0.283
57.700	+7.215e+03	+3.501e+03	+8.933e+03	+0.327
57.800	+6.509e+03	+4.666e+03	+9.028e+03	+0.418
57.900	+6.448e+03	+2.680e+03	+9.985e+03	+0.294
58.000	+7.287e+03	+2.586e+03	+1.021e+04	+0.262
58.100	+7.388e+03	+2.206e+03	+9.773e+03	+0.230
58.200	+6.789e+03	+3.216e+03	+8.982e+03	+0.321
58.300	+5.940e+03	+2.796e+03	+9.285e+03	+0.320
58.400	+7.143e+03	+2.968e+03	+1.043e+04	+0.294
58.500	+3.840e+03	+6.195e+03	+9.902e+03	+0.617
58.600	+3.542e+03	+7.650e+03	+8.912e+03	+0.684
58.700	+3.601e+03	+7.255e+03	+9.438e+03	+0.668
58.800	+3.057e+03	+6.346e+03	+9.757e+03	+0.675
58.900	+3.373e+03	+6.674e+03	+1.083e+04	+0.664
59.000	+2.764e+03	+7.010e+03	+1.030e+04	+0.717
59.100	+2.981e+03	+7.765e+03	+1.007e+04	+0.723
59.200	+2.810e+03	+6.732e+03	+9.427e+03	+0.706
59.300	+2.892e+03	+5.300e+03	+1.119e+04	+0.647
59.400	+3.320e+03	+6.828e+03	+1.055e+04	+0.673
59.500	+2.393e+03	+7.521e+03	+1.055e+04	+0.759
59.600	+3.756e+03	+6.549e+03	+1.085e+04	+0.636
59.700	+7.111e+03	+3.348e+03	+9.704e+03	+0.320
59.800	+5.584e+03	+3.197e+03	+9.884e+03	+0.364
59.900	+6.798e+03	+2.037e+03	+9.345e+03	+0.231
60.000	+6.887e+03	+2.385e+03	+1.013e+04	+0.257
60.100	+9.095e+03	+2.171e+03	+9.592e+03	+0.193
60.200	+5.943e+03	+2.855e+03	+1.181e+04	+0.324
60.300	+5.744e+03	+3.420e+03	+1.066e+04	+0.373
60.400	+6.663e+03	+3.940e+03	+1.116e+04	+0.372
60.500	+6.272e+03	+2.934e+03	+1.058e+04	+0.319
60.600	+6.527e+03	+1.517e+03	+1.004e+04	+0.189
60.700	+8.153e+03	+1.496e+03	+1.028e+04	+0.155
60.800	+6.827e+03	+3.162e+03	+9.456e+03	+0.317
60.900	+6.909e+03	+3.209e+03	+9.425e+03	+0.317
61.000	+6.828e+03	+2.711e+03	+1.052e+04	+0.284
61.100	+6.909e+03	+1.758e+03	+9.780e+03	+0.203
61.200	+7.535e+03	+3.804e+03	+9.989e+03	+0.335
61.300	+7.157e+03	+3.457e+03	+1.013e+04	+0.326
61.400	+8.029e+03	+2.197e+03	+9.799e+03	+0.215
61.500	+7.582e+03	+4.661e+03	+1.007e+04	+0.381
61.600	+7.246e+03	+3.152e+03	+1.039e+04	+0.303
61.700	+7.046e+03	+4.019e+03	+1.054e+04	+0.363
61.800	+4.567e+03	+4.741e+03	+9.689e+03	+0.509
61.900	+6.612e+03	+3.384e+03	+1.078e+04	+0.339
62.000	+6.344e+03	+3.501e+03	+1.170e+04	+0.356
62.100	+7.483e+03	+3.002e+03	+1.007e+04	+0.286
62.200	+6.261e+03	+3.437e+03	+1.088e+04	+0.354
62.300	+6.996e+03	+2.461e+03	+9.217e+03	+0.260
62.400	+7.761e+03	+2.788e+03	+1.023e+04	+0.264
62.500	+6.844e+03	+3.458e+03	+1.063e+04	+0.336
62.600	+7.658e+03	+2.698e+03	+1.045e+04	+0.261
62.700	+7.974e+03	+2.561e+03	+1.157e+04	+0.243
62.800	+6.631e+03	+4.262e+03	+9.756e+03	+0.391
62.900	+9.190e+03	+2.051e+03	+9.821e+03	+0.182
63.000	+6.896e+03	+3.058e+03	+1.011e+04	+0.307
63.100	+7.644e+03	+4.066e+03	+1.135e+04	+0.347
63.200	+7.366e+03	+3.280e+03	+9.825e+03	+0.308
63.300	+5.997e+03	+2.864e+03	+1.104e+04	+0.323
63.400	+7.547e+03	+1.573e+03	+1.139e+04	+0.172
63.500	+8.015e+03	+3.908e+03	+9.368e+03	+0.328
63.600	+6.817e+03	+3.623e+03	+1.024e+04	+0.347
63.700	+7.441e+03	+2.725e+03	+1.036e+04	+0.268
63.800	+6.177e+03	+3.491e+03	+9.471e+03	+0.361
63.900	+6.338e+03	+4.144e+03	+9.957e+03	+0.395
64.000	+6.703e+03	+3.983e+03	+9.314e+03	+0.373
64.100	+6.241e+03	+3.431e+03	+9.698e+03	+0.355
64.200	+7.127e+03	+2.468e+03	+1.090e+04	+0.257
64.300	+7.404e+03	+2.305e+03	+9.883e+03	+0.237
64.400	+7.133e+03	+3.204e+03	+1.007e+04	+0.310
64.500	+6.121e+03	+4.351e+03	+1.075e+04	+0.416
64.600	+6.016e+03	+2.773e+03	+1.168e+04	+0.316
64.700	+7.184e+03	+2.983e+03	+1.021e+04	+0.293
64.800	+6.475e+03	+2.674e+03	+1.122e+04	+0.292
64.900	+7.039e+03	+3.227e+03	+9.311e+03	+0.314
65.000	+6.491e+03	+3.209e+03	+1.058e+04	+0.331
65.100	+7.307e+03	+2.508e+03	+1.045e+04	+0.256
65.200	+5.427e+03	+4.313e+03	+1.032e+04	+0.443
65.300	+6.581e+03	+1.775e+03	+9.411e+03	+0.212
65.400	+6.161e+03	+2.490e+03	+7.608e+03	+0.288
65.500	+5.036e+03	+2.591e+03	+9.875e+03	+0.340
65.600	+8.286e+03	+4.324e+03	+9.091e+03	+0.343
65.700	+6.487e+03	+3.966e+03	+1.028e+04	+0.379
65.800	+6.679e+03	+2.874e+03	+9.034e+03	+0.301
65.900	+7.862e+03	+2.743e+03	+1.014e+04	+0.259
66.000	+7.761e+03	+2.990e+03	+1.036e+04	+0.278
66.100	+2.735e+03	+5.432e+03	+9.938e+03	+0.665
66.200	+4.210e+03	+6.624e+03	+9.655e+03	+0.611
66.300	+3.072e+03	+8.860e+03	+9.950e+03	+0.743
66.400	+4.232e+03	+7.386e+03	+1.100e+04	+0.636
66.500	+4.150e+03	+7.168e+03	+9.894e+03	+0.633
66.600	+4.746e+03	+6.856e+03	+1.025e+04	+0.591
66.700	+7.901e+03	+2.716e+03	+1.030e+04	+0.256
66.800	+7.191e+03	+4.565e+03	+1.041e+04	+0.388
66.900	+7.789e+03	+4.303e+03	+9.224e+03	+0.356
67.000	+6.809e+03	+3.868e+03	+9.136e+03	+0.362
67.100	+6.686e+03	+2.882e+03	+1.092e+04	+0.301
67.200	+6.799e+03	+3.125e+03	+1.012e+04	+0.315
67.300	+7.172e+03	+5.395e+03	+9.071e+03	+0.429
67.400	+6.356e+03	+1.680e+03	+1.053e+04	+0.209
67.500	+5.642e+03	+3.990e+03	+9.879e+03	+0.414
67.600	+5.580e+03	+3.106e+03	+9.005e+03	+0.358
67.700	+7.267e+03	+2.481e+03	+9.214e+03	+0.254
67.800	+7.065e+03	+3.242e+03	+8.789e+03	+0.315
67.900	+4.184e+03	+5.601e+03	+1.075e+04	+0.572
68.000	+3.874e+03	+6.718e+03	+8.955e+03	+0.634
68.100	+2.813e+03	+6.899e+03	+1.114e+04	+0.710
68.200	+2.468e+03	+6.794e+03	+1.150e+04	+0.734
68.300	+2.663e+03	+6.462e+03	+9.996e+03	+0.708
68.400	+2.933e+03	+8.036e+03	+9.840e+03	+0.733
68.500	+3.210e+03	+7.172e+03	+1.076e+04	+0.691
68.600	+3.866e+03	+7.988e+03	+9.359e+03	+0.674
68.700	+3.588e+03	+7.649e+03	+1.048e+04	+0.681
68.800	+3.638e+03	+7.920e+03	+9.876e+03	+0.685
68.900	+2.101e+03	+7.769e+03	+9.096e+03	+0.787
69.000	+2.863e+03	+7.098e+03	+9.960e+03	+0.713
69.100	+2.260e+03	+7.237e+03	+8.112e+03	+0.762
69.200	+1.609e+03	+7.584e+03	+9.908e+03	+0.825
69.300	+2.762e+03	+6.533e+03	+1.070e+04	+0.703
69.400	+4.137e+03	+6.319e+03	+9.893e+03	+0.604
69.500	+7.251e+03	+3.754e+03	+1.016e+04	+0.341
69.600	+7.820e+03	+2.070e+03	+1.080e+04	+0.209
69.700	+6.834e+03	+2.279e+03	+1.025e+04	+0.250
69.800	+6.841e+03	+1.917e+03	+8.654e+03	+0.219
69.900	+8.355e+03	+2.731e+03	+9.943e+03	+0.246
70.000	+6.753e+03	+4.050e+03	+9.415e+03	+0.375
70.100	+7.051e+03	+2.976e+03	+1.118e+04	+0.297
70.200	+6.699e+03	+1.972e+03	+8.673e+03	+0.227
70.300	+7.603e+03	+3.611e+03	+9.451e+03	+0.322
70.400	+6.969e+03	+3.755e+03	+1.033e+04	+0.350
70.500	+5.897e+03	+1.690e+03	+1.069e+04	+0.223
70.600	+7.179e+03	+2.566e+03	+1.012e+04	+0.263
70.700	+6.697e+03	+4.061e+03	+1.103e+04	+0.377
70.800	+1.233e+03	+8.230e+03	+1.030e+04	+0.870
70.900	+3.703e+03	+7.331e+03	+1.038e+04	+0.664
71.000	+4.966e+03	+5.785e+03	+1.111e+04	+0.538
71.100	+2.628e+03	+7.470e+03	+8.763e+03	+0.740
71.200	+2.892e+03	+6.661e+03	+9.820e+03	+0.697
71.300	+2.812e+03	+6.126e+03	+1.020e+04	+0.685
71.400	+4.558e+03	+7.346e+03	+9.007e+03	+0.617
71.500	+2.809e+03	+8.988e+03	+9.864e+03	+0.762
71.600	+3.585e+03	+6.151e+03	+1.020e+04	+0.632
71.700	+3.300e+03	+7.874e+03	+8.093e+03	+0.705
71.800	+3.005e+03	+5.752e+03	+1.119e+04	+0.657
71.900	+2.904e+03	+7.964e+03	+1.004e+04	+0.733
72.000	+2.932e+03	+5.278e+03	+9.688e+03	+0.643
72.100	+3.984e+03	+6.445e+03	+1.056e+04	+0.618
72.200	+3.027e+03	+8.749e+03	+8.659e+03	+0.743
72.300	+3.350e+03	+6.355e+03	+1.003e+04	+0.655
72.400	+4.775e+03	+5.328e+03	+1.042e+04	+0.527
72.500	+3.296e+03	+7.154e+03	+1.006e+04	+0.685
72.600	+2.217e+03	+8.171e+03	+1.019e+04	+0.787
72.700	+2.625e+03	+6.546e+03	+1.116e+04	+0.714
72.800	+3.205e+03	+6.060e+03	+9.444e+03	+0.654
72.900	+1.020e+03	+7.067e+03	+1.044e+04	+0.874
73.000	+3.162e+03	+6.100e+03	+9.959e+03	+0.659
73.100	+2.063e+03	+6.598e+03	+1.058e+04	+0.762
73.200	+2.759e+03	+7.493e+03	+9.414e+03	+0.731
73.300	+2.668e+03	+6.537e+03	+9.188e+03	+0.710
73.400	+3.276e+03	+7.091e+03	+8.815e+03	+0.684
73.500	+1.479e+03	+6.694e+03	+9.470e+03	+0.819
73.600	+3.845e+03	+7.836e+03	+1.045e+04	+0.671
73.700	+4.338e+03	+8.076e+03	+1.165e+04	+0.651
73.800	+2.117e+03	+7.139e+03	+1.035e+04	+0.771
73.900	+3.502e+03	+6.467e+03	+9.872e+03	+0.649
74.000	+4.523e+03	+5.900e+03	+9.481e+03	+0.566
74.100	+2.073e+03	+7.739e+03	+9.803e+03	+0.789
74.200	+1.868e+03	+7.135e+03	+1.012e+04	+0.793
74.300	+3.380e+03	+7.272e+03	+9.975e+03	+0.683
74.400	+3.795e+03	+7.947e+03	+1.065e+04	+0.677
74.500	+2.742e+03	+7.028e+03	+9.128e+03	+0.719
74.600	+2.757e+03	+5.216e+03	+9.262e+03	+0.654
74.700	+1.654e+03	+6.822e+03	+1.146e+04	+0.805
74.800	+3.016e+03	+6.157e+03	+9.663e+03	+0.671
74.900	+3.271e+03	+6.677e+03	+9.945e+03	+0.671
75.000	+3.509e+03	+6.730e+03	+9.515e+03	+0.657
75.100	+2.031e+03	+7.130e+03	+1.029e+04	+0.778
75.200	+3.378e+03	+6.241e+03	+1.035e+04	+0.649
75.300	+3.658e+03	+7.096e+03	+1.025e+04	+0.660
75.400	+2.741e+03	+7.301e+03	+9.747e+03	+0.727
75.500	+3.317e+03	+6.632e+03	+1.114e+04	+0.667
75.600	+2.939e+03	+7.214e+03	+9.543e+03	+0.711
75.700	+2.791e+03	+5.117e+03	+8.877e+03	+0.647
75.800	+2.851e+03	+6.486e+03	+1.044e+04	+0.695
75.900	+3.663e+03	+7.251e+03	+8.472e+03	+0.664
76.000	+5.944e+03	+2.354e+03	+9.656e+03	+0.284
76.100	+7.681e+03	+4.248e+03	+7.966e+03	+0.356
76.200	+7.000e+03	+2.715e+03	+1.088e+04	+0.279
76.300	+7.881e+03	+2.204e+03	+9.410e+03	+0.219
76.400	+8.251e+03	+3.691e+03	+1.105e+04	+0.309
76.500	+7.571e+03	+3.880e+03	+8.726e+03	+0.339
76.600	+7.000e+03	+2.884e+03	+9.962e+03	+0.292
76.700	+6.688e+03	+2.998e+03	+8.882e+03	+0.310
76.800	+6.882e+03	+5.912e+02	+1.032e+04	+0.079
76.900	+7.132e+03	+3.234e+03	+1.042e+04	+0.312
77.000	+6.713e+03	+5.085e+03	+1.187e+04	+0.431
77.100	+6.468e+03	+2.846e+03	+8.989e+03	+0.306
77.200	+7.266e+03	+3.844e+03	+1.238e+04	+0.346
77.300	+6.162e+03	+4.057e+03	+9.360e+03	+0.397
77.400	+7.102e+03	+2.896e+03	+1.027e+04	+0.290
77.500	+6.711e+03	+3.149e+03	+9.516e+03	+0.319
77.600	+7.603e+03	+1.411e+03	+8.768e+03	+0.157
77.700	+7.022e+03	+2.466e+03	+9.961e+03	+0.260
77.800	+8.640e+03	+3.958e+03	+9.316e+03	+0.314
77.900	+6.461e+03	+1.129e+03	+9.622e+03	+0.149
78.000	+6.624e+03	+2.335e+03	+1.039e+04	+0.261
78.100	+7.039e+03	+2.430e+03	+9.537e+03	+0.257
78.200	+6.902e+03	+4.100e+03	+9.844e+03	+0.373
78.300	+7.501e+03	+4.307e+03	+8.326e+03	+0.365
78.400	+7.958e+03	+4.561e+03	+1.101e+04	+0.364
78.500	+5.836e+03	+3.617e+03	+8.894e+03	+0.383
78.600	+5.982e+03	+1.888e+03	+9.134e+03	+0.240
78.700	+7.826e+03	+3.284e+03	+1.074e+04	+0.296
78.800	+5.232e+03	+4.630e+03	+9.298e+03	+0.469
78.900	+1.362e+03	+7.146e+03	+9.834e+03	+0.840
79.000	+2.651e+03	+7.607e+03	+1.077e+04	+0.742
79.100	+3.512e+03	+8.522e+03	+1.012e+04	+0.708
79.200	+9.165e+02	+5.736e+03	+9.739e+03	+0.862
79.300	+2.911e+03	+6.353e+03	+9.795e+03	+0.686
79.400	+3.745e+03	+6.504e+03	+9.480e+03	+0.635
79.500	+2.751e+03	+6.938e+03	+1.037e+04	+0.716
79.600	+2.441e+03	+7.252e+03	+9.344e+03	+0.748
79.700	+6.166e+03	+4.888e+03	+1.005e+04	+0.442
79.800	+6.421e+03	+5.442e+03	+1.054e+04	+0.459
79.900	+4.478e+03	+3.334e+03	+1.048e+04	+0.427
80.000	+7.771e+03	+2.962e+03	+1.123e+04	+0.276
80.100	+7.457e+03	+3.201e+03	+9.743e+03	+0.300
80.200	+3.983e+03	+6.382e+03	+1.128e+04	+0.616
80.300	+3.525e+03	+6.377e+03	+1.083e+04	+0.644
80.400	+4.756e+03	+7.771e+03	+8.925e+03	+0.620
80.500	+3.472e+03	+7.056e+03	+1.081e+04	+0.670
80.600	+2.966e+03	+7.465e+03	+9.954e+03	+0.716
80.700	+4.217e+03	+7.652e+03	+1.057e+04	+0.645
80.800	+1.711e+03	+5.339e+03	+1.123e+04	+0.757
80.900	+2.134e+03	+8.258e+03	+1.064e+04	+0.795
81.000	+3.101e+03	+6.707e+03	+9.167e+03	+0.684
81.100	+3.042e+03	+6.393e+03	+9.015e+03	+0.678
81.200	+3.230e+03	+6.664e+03	+1.013e+04	+0.674
81.300	+1.593e+03	+7.239e+03	+9.210e+03	+0.820
81.400	+3.542e+03	+6.746e+03	+1.129e+04	+0.656
81.500	+3.840e+03	+7.652e+03	+8.192e+03	+0.666
81.600	+3.775e+03	+7.206e+03	+1.018e+04	+0.656
81.700	+2.404e+03	+7.500e+03	+1.034e+04	+0.757
81.800	+2.203e+03	+7.310e+03	+9.085e+03	+0.768
81.900	+2.665e+03	+7.810e+03	+1.083e+04	+0.746
82.000	+2.820e+03	+7.093e+03	+9.712e+03	+0.716
82.100	+2.703e+03	+8.157e+03	+1.015e+04	+0.751
82.200	+2.595e+03	+8.579e+03	+9.580e+03	+0.768
82.300	+1.986e+03	+7.517e+03	+9.923e+03	+0.791
82.400	+4.325e+03	+6.552e+03	+1.015e+04	+0.602
82.500	+3.334e+03	+6.438e+03	+9.970e+03	+0.659
82.600	+2.629e+03	+6.331e+03	+1.032e+04	+0.707
82.700	+2.330e+03	+8.108e+03	+9.725e+03	+0.777
82.800	+1.817e+03	+6.953e+03	+9.109e+03	+0.793
82.900	+3.787e+03	+7.044e+03	+1.133e+04	+0.650
83.000	+8.082e+02	+7.296e+03	+1.122e+04	+0.900
83.100	+3.486e+03	+7.487e+03	+9.973e+03	+0.682
83.200	+2.230e+03	+6.134e+03	+8.958e+03	+0.733
83.300	+3.333e+03	+6.970e+03	+1.001e+04	+0.677
83.400	+4.889e+03	+7.789e+03	+1.123e+04	+0.614
83.500	+3.284e+03	+7.565e+03	+8.970e+03	+0.697
83.600	+4.139e+03	+8.349e+03	+1.002e+04	+0.669
83.700	+2.993e+03	+6.148e+03	+9.694e+03	+0.673
83.800	+1.113e+03	+6.992e+03	+9.127e+03	+0.863
83.900	+3.786e+03	+7.032e+03	+1.073e+04	+0.650
84.000	+2.925e+03	+6.892e+03	+9.013e+03	+0.702
84.100	+3.318e+03	+6.528e+03	+1.007e+04	+0.663
84.200	+2.333e+03	+8.220e+03	+1.048e+04	+0.779
84.300	+2.187e+03	+6.651e+03	+1.018e+04	+0.753
84.400	+3.636e+03	+6.183e+03	+7.742e+03	+0.630
84.500	+3.796e+03	+7.520e+03	+9.313e+03	+0.665
84.600	+2.711e+03	+7.591e+03	+1.034e+04	+0.737
84.700	+3.135e+03	+7.188e+03	+9.652e+03	+0.696
84.800	+4.327e+03	+6.903e+03	+1.037e+04	+0.615
84.900	+3.237e+03	+7.564e+03	+9.621e+03	+0.700
85.000	+4.020e+03	+7.535e+03	+1.086e+04	+0.652
85.100	+3.472e+03	+8.221e+03	+1.013e+04	+0.703
85.200	+2.762e+03	+4.941e+03	+1.042e+04	+0.641
85.300	+7.763e+03	+4.585e+03	+9.770e+03	+0.371
85.400	+8.244e+03	+3.879e+03	+1.104e+04	+0.320
85.500	+2.984e+03	+7.026e+03	+9.279e+03	+0.702
85.600	+3.212e+03	+7.378e+03	+1.203e+04	+0.697
85.700	+2.374e+03	+6.479e+03	+9.233e+03	+0.732
85.800	+2.567e+03	+6.151e+03	+1.106e+04	+0.706
85.900	+2.622e+03	+7.274e+03	+9.813e+03	+0.735
86.000	+4.396e+03	+7.475e+03	+7.933e+03	+0.630
86.100	+4.105e+03	+6.449e+03	+1.044e+04	+0.611
86.200	+4.030e+03	+5.580e+03	+1.028e+04	+0.581
86.300	+3.841e+03	+7.860e+03	+1.035e+04	+0.672
86.400	+2.567e+03	+7.081e+03	+1.067e+04	+0.734
86.500	+3.627e+03	+6.603e+03	+9.095e+03	+0.645
86.600	+2.764e+03	+7.627e+03	+9.943e+03	+0.734
86.700	+3.075e+03	+7.124e+03	+9.184e+03	+0.699
86.800	+2.241e+03	+6.964e+03	+1.010e+04	+0.757
86.900	+3.567e+03	+8.253e+03	+1.045e+04	+0.698
87.000	+2.794e+03	+6.308e+03	+9.127e+03	+0.693
87.100	+1.984e+03	+6.842e+03	+9.313e+03	+0.775
87.200	+3.342e+03	+7.095e+03	+1.103e+04	+0.680
87.300	+3.928e+03	+6.407e+03	+9.926e+03	+0.620
87.400	+2.399e+03	+6.761e+03	+9.363e+03	+0.738
87.500	+4.633e+03	+7.251e+03	+1.071e+04	+0.610
87.600	+2.365e+03	+6.067e+03	+9.712e+03	+0.720
87.700	+2.861e+03	+7.791e+03	+1.043e+04	+0.731
87.800	+2.692e+03	+6.975e+03	+1.017e+04	+0.722
87.900	+7.982e+03	+2.594e+03	+8.302e+03	+0.245
88.000	+7.824e+03	+3.298e+03	+1.077e+04	+0.297
88.100	+5.327e+03	+3.015e+03	+1.120e+04	+0.361
88.200	+1.862e+03	+8.437e+03	+1.166e+04	+0.819
88.300	+2.081e+03	+6.745e+03	+8.899e+03	+0.764
88.400	+4.146e+03	+6.239e+03	+1.046e+04	+0.601
88.500	+2.690e+03	+7.494e+03	+1.110e+04	+0.736
88.600	+3.593e+03	+6.925e+03	+1.015e+04	+0.658
88.700	+3.485e+03	+5.218e+03	+1.104e+04	+0.600
88.800	+2.268e+03	+6.337e+03	+9.354e+03	+0.736
88.900	+2.157e+03	+6.865e+03	+9.644e+03	+0.761
89.000	+3.745e+03	+5.303e+03	+1.186e+04	+0.586
89.100	+2.784e+03	+5.898e+03	+1.070e+04	+0.679
89.200	+4.140e+03	+9.268e+03	+1.039e+04	+0.691
89.300	+3.329e+03	+8.308e+03	+9.873e+03	+0.714
89.400	+2.924e+03	+6.224e+03	+9.397e+03	+0.680
89.500	+5.345e+03	+6.077e+03	+9.585e+03	+0.532
89.600	+7.178e+03	+2.643e+03	+9.340e+03	+0.269
89.700	+6.014e+03	+3.846e+03	+9.673e+03	+0.390
89.800	+6.351e+03	+2.815e+03	+1.060e+04	+0.307
89.900	+7.240e+03	+1.150e+03	+1.005e+04	+0.137
90.000	+7.196e+03	+4.166e+03	+1.058e+04	+0.367
90.100	+6.342e+03	+1.928e+03	+9.888e+03	+0.233
90.200	+7.644e+03	+3.124e+03	+1.028e+04	+0.290
90.300	+5.856e+03	+2.951e+03	+9.581e+03	+0.335
90.400	+6.420e+03	+2.259e+03	+1.061e+04	+0.260
90.500	+7.039e+03	+3.171e+03	+1.089e+04	+0.311
90.600	+7.117e+03	+3.727e+03	+1.069e+04	+0.344
90.700	+5.702e+03	+3.099e+03	+1.016e+04	+0.352
90.800	+6.026e+03	+2.229e+03	+1.030e+04	+0.270
90.900	+6.964e+03	+4.380e+03	+9.874e+03	+0.386
91.000	+7.838e+03	+2.339e+03	+1.020e+04	+0.230
91.100	+6.306e+03	+3.632e+03	+9.448e+03	+0.365
91.200	+7.219e+03	+3.345e+03	+1.059e+04	+0.317
91.300	+6.195e+03	+3.202e+03	+8.511e+03	+0.341
91.400	+3.850e+03	+7.356e+03	+1.073e+04	+0.656
91.500	+3.424e+03	+5.319e+03	+9.196e+03	+0.608
91.600	+2.972e+03	+5.891e+03	+9.272e+03	+0.665
91.700	+2.785e+03	+6.301e+03	+1.007e+04	+0.693
91.800	+3.036e+03	+5.525e+03	+9.113e+03	+0.645
91.900	+3.598e+03	+6.883e+03	+9.657e+03	+0.657
92.000	+2.923e+03	+6.780e+03	+1.025e+04	+0.699
92.100	+2.923e+03	+7.068e+03	+8.180e+03	+0.707
92.200	+3.368e+03	+7.752e+03	+9.540e+03	+0.697
92.300	+3.937e+03	+7.477e+03	+9.945e+03	+0.655
92.400	+1.894e+03	+7.666e+03	+9.728e+03	+0.802
92.500	+2.793e+03	+6.928e+03	+9.500e+03	+0.713
92.600	+2.463e+03	+6.484e+03	+1.054e+04	+0.725
92.700	+3.344e+03	+6.955e+03	+9.518e+03	+0.675
92.800	+2.112e+03	+5.885e+03	+1.019e+04	+0.736
92.900	+2.150e+03	+6.793e+03	+9.891e+03	+0.760
93.000	+2.128e+03	+5.638e+03	+1.047e+04	+0.726
93.100	+1.766e+03	+7.660e+03	+8.700e+03	+0.813
93.200	+3.236e+03	+5.300e+03	+9.000e+03	+0.621
93.300	+3.784e+03	+7.183e+03	+9.992e+03	+0.655
93.400	+1.640e+03	+5.711e+03	+1.042e+04	+0.777
93.500	+1.623e+03	+8.368e+03	+1.007e+04	+0.838
93.600	+3.042e+03	+8.153e+03	+9.173e+03	+0.728
93.700	+2.456e+03	+6.989e+03	+9.169e+03	+0.740
93.800	+3.468e+03	+5.633e+03	+1.160e+04	+0.619
93.900	+9.455e+02	+8.254e+03	+1.039e+04	+0.897
94.000	+2.391e+03	+7.179e+03	+1.033e+04	+0.750
94.100	+3.973e+03	+7.438e+03	+1.267e+04	+0.652
94.200	+4.177e+03	+6.406e+03	+9.538e+03	+0.605
94.300	+5.476e+03	+4.902e+03	+9.689e+03	+0.472
94.400	+5.553e+03	+4.114e+03	+9.694e+03	+0.426
94.500	+6.172e+03	+2.886e+03	+9.413e+03	+0.319
94.600	+6.234e+03	+3.130e+03	+8.669e+03	+0.334
94.700	+6.680e+03	+2.626e+03	+1.068e+04	+0.282
94.800	+7.438e+03	+2.268e+03	+9.307e+03	+0.234
94.900	+6.441e+03	+3.848e+03	+9.496e+03	+0.374
95.000	+3.644e+03	+8.104e+03	+9.870e+03	+0.690
95.100	+3.333e+03	+7.615e+03	+9.440e+03	+0.696
95.200	+3.470e+03	+9.084e+03	+1.020e+04	+0.724
95.300	+1.784e+03	+6.054e+03	+1.027e+04	+0.772
95.400	+3.192e+03	+7.397e+03	+1.024e+04	+0.699
95.500	+3.763e+03	+5.736e+03	+8.166e+03	+0.604
95.600	+3.418e+03	+7.184e+03	+1.221e+04	+0.678
95.700	+3.549e+03	+6.247e+03	+9.584e+03	+0.638
95.800	+2.931e+03	+4.761e+03	+1.076e+04	+0.619
95.900	+2.720e+03	+7.889e+03	+9.732e+03	+0.744
96.000	+2.284e+03	+6.890e+03	+1.041e+04	+0.751
96.100	+2.436e+03	+5.544e+03	+9.787e+03	+0.695
96.200	+2.972e+03	+7.055e+03	+9.861e+03	+0.704
96.300	+3.496e+03	+6.089e+03	+1.034e+04	+0.635
96.400	+6.197e+03	+3.390e+03	+1.075e+04	+0.354
96.500	+7.641e+03	+2.741e+03	+1.153e+04	+0.264
96.600	+7.520e+03	+1.562e+03	+1.045e+04	+0.172
96.700	+7.036e+03	+1.053e+03	+9.866e+03	+0.130
96.800	+7.481e+03	+2.392e+03	+9.978e+03	+0.242
96.900	+8.830e+03	+3.304e+03	+1.007e+04	+0.272
97.000	+7.075e+03	+2.944e+03	+9.754e+03	+0.294
97.100	+7.106e+03	+1.150e+03	+1.010e+04	+0.139
97.200	+7.219e+03	+1.835e+03	+9.992e+03	+0.203
97.300	+7.643e+03	+2.763e+03	+9.260e+03	+0.266
97.400	+6.667e+03	+2.681e+03	+9.257e+03	+0.287
97.500	+7.849e+03	+2.706e+03	+1.046e+04	+0.256
97.600	+5.462e+03	+3.579e+03	+9.728e+03	+0.396
97.700	+6.562e+03	+3.908e+03	+1.002e+04	+0.373
97.800	+3.145e+03	+8.119e+03	+9.294e+03	+0.721
97.900	+2.692e+03	+7.202e+03	+1.016e+04	+0.728
98.000	+2.454e+03	+6.106e+03	+9.771e+03	+0.713
98.100	+1.703e+03	+7.534e+03	+1.055e+04	+0.816
98.200	+2.780e+03	+6.571e+03	+9.347e+03	+0.703
98.300	+3.114e+03	+7.672e+03	+9.204e+03	+0.711
98.400	+3.752e+03	+6.235e+03	+1.082e+04	+0.624
98.500	+3.614e+03	+7.453e+03	+1.005e+04	+0.673
98.600	+1.402e+03	+7.215e+03	+9.789e+03	+0.837
98.700	+3.492e+03	+6.674e+03	+9.553e+03	+0.656
98.800	+2.385e+03	+7.020e+03	+1.225e+04	+0.746
98.900	+2.030e+03	+8.166e+03	+1.062e+04	+0.801
99.000	+2.832e+03	+6.665e+03	+8.470e+03	+0.702
99.100	+3.155e+03	+7.626e+03	+9.592e+03	+0.707
99.200	+2.779e+03	+8.188e+03	+8.907e+03	+0.747
99.300	+2.202e+03	+8.906e+03	+9.741e+03	+0.802
99.400	+3.440e+03	+9.395e+03	+1.135e+04	+0.732
99.500	+2.720e+03	+6.350e+03	+9.894e+03	+0.700
99.600	+3.650e+03	+6.990e+03	+9.801e+03	+0.657
99.700	+2.703e+03	+6.209e+03	+1.012e+04	+0.697
99.800	+3.660e+03	+8.133e+03	+9.826e+03	+0.690
99.900	+3.233e+03	+6.771e+03	+1.208e+04	+0.677
100.000	+4.185e+03	+5.417e+03	+1.007e+04	+0.564
100.100	+6.956e+03	+4.168e+03	+1.093e+04	+0.375
100.200	+7.336e+03	+3.865e+03	+9.968e+03	+0.345
100.300	+6.198e+03	+2.800e+03	+9.870e+03	+0.311
100.400	+7.525e+03	+1.781e+03	+1.048e+04	+0.191
100.500	+5.379e+03	+3.079e+03	+9.065e+03	+0.364
100.600	+7.124e+03	+2.381e+03	+1.056e+04	+0.251
100.700	+7.203e+03	+3.233e+03	+1.186e+04	+0.310
100.800	+6.747e+03	+4.658e+03	+1.031e+04	+0.408
100.900	+6.015e+03	+2.900e+03	+1.079e+04	+0.325
101.000	+6.923e+03	+4.436e+03	+1.039e+04	+0.391
101.100	+8.156e+03	+1.665e+03	+9.536e+03	+0.170
101.200	+6.415e+03	+2.770e+03	+8.609e+03	+0.302
101.300	+7.085e+03	+3.701e+03	+1.034e+04	+0.343
101.400	+7.484e+03	+2.365e+03	+9.371e+03	+0.240
101.500	+8.221e+03	+4.926e+03	+9.054e+03	+0.375
101.600	+6.924e+03	+1.892e+03	+9.343e+03	+0.215
101.700	+8.817e+03	+3.739e+03	+9.757e+03	+0.298
101.800	+6.788e+03	+2.847e+03	+1.015e+04	+0.296
101.900	+6.991e+03	+4.061e+03	+1.126e+04	+0.367
102.000	+6.675e+03	+2.755e+03	+1.017e+04	+0.292
102.100	+6.278e+03	+2.245e+03	+1.018e+04	+0.263
102.200	+3.796e+03	+6.839e+03	+9.966e+03	+0.643
102.300	+3.778e+03	+6.478e+03	+9.068e+03	+0.632
102.400	+4.161e+03	+6.629e+03	+1.016e+04	+0.614
102.500	+2.688e+03	+7.804e+03	+1.086e+04	+0.744
102.600	+4.067e+03	+6.138e+03	+9.961e+03	+0.601
102.700	+3.235e+03	+6.156e+03	+1.092e+04	+0.656
102.800	+4.086e+03	+6.235e+03	+9.692e+03	+0.604
102.900	+3.257e+03	+7.767e+03	+9.716e+03	+0.705
103.000	+1.886e+03	+6.308e+03	+1.163e+04	+0.770
103.100	+3.053e+03	+6.991e+03	+9.274e+03	+0.696
103.200	+2.282e+03	+5.493e+03	+9.482e+03	+0.707
103.300	+2.847e+03	+6.447e+03	+9.103e+03	+0.694
103.400	+5.668e+03	+5.926e+03	+9.730e+03	+0.511
103.500	+2.511e+03	+5.953e+03	+1.010e+04	+0.703
103.600	+3.583e+03	+7.849e+03	+9.557e+03	+0.687
103.700	+3.714e+03	+6.707e+03	+9.497e+03	+0.644
103.800	+3.346e+03	+8.860e+03	+9.922e+03	+0.726
103.900	+3.355e+03	+5.183e+03	+1.118e+04	+0.607
104.000	+2.997e+03	+6.383e+03	+1.029e+04	+0.680
104.100	+3.014e+03	+6.554e+03	+1.107e+04	+0.685
104.200	+3.175e+03	+7.536e+03	+9.977e+03	+0.704
104.300	+4.022e+03	+6.045e+03	+1.088e+04	+0.600
104.400	+2.695e+03	+7.471e+03	+8.577e+03	+0.735
104.500	+1.630e+03	+6.490e+03	+9.619e+03	+0.799
104.600	+1.052e+03	+6.820e+03	+9.339e+03	+0.866
104.700	+4.180e+03	+7.402e+03	+1.144e+04	+0.639
104.800	+3.350e+03	+6.671e+03	+1.034e+04	+0.666
