%t (s)	Idd (a.u.)	Ida (a.u.)	Iaa (a.u.)	FRET E
0.000	+3.656e+03	+7.251e+03	+9.884e+03	+0.665
0.100	+3.409e+03	+7.763e+03	+9.127e+03	+0.695
0.200	+2.920e+03	+7.151e+03	+9.025e+03	+0.710
0.300	+6.052e+03	+4.083e+03	+9.975e+03	+0.403
0.400	+6.311e+03	+3.377e+03	+1.055e+04	+0.349
0.500	+5.291e+03	+4.277e+03	+1.015e+04	+0.447
0.600	+3.339e+03	+6.849e+03	+9.365e+03	+0.672
0.700	+2.640e+03	+8.610e+03	+1.060e+04	+0.765
0.800	+3.655e+03	+7.168e+03	+1.027e+04	+0.662
0.900	+3.036e+03	+7.766e+03	+1.062e+04	+0.719
1.000	+3.203e+03	+7.668e+03	+1.047e+04	+0.705
1.100	+4.310e+03	+6.518e+03	+1.033e+04	+0.602
1.200	+2.493e+03	+6.490e+03	+9.298e+03	+0.722
1.300	+2.183e+03	+5.605e+03	+1.017e+04	+0.720
1.400	+1.996e+03	+6.529e+03	+9.645e+03	+0.766
1.500	+2.315e+03	+7.002e+03	+1.046e+04	+0.752
1.600	+2.905e+03	+6.336e+03	+9.892e+03	+0.686
1.700	+7.668e+03	+2.631e+03	+1.089e+04	+0.255
1.800	+7.935e+03	+4.093e+03	+9.566e+03	+0.340
1.900	+8.219e+03	+3.613e+03	+9.248e+03	+0.305
2.000	+7.206e+03	+3.419e+03	+9.364e+03	+0.322
2.100	+6.575e+03	+2.781e+03	+9.731e+03	+0.297
2.200	+6.155e+03	+3.232e+03	+1.107e+04	+0.344
2.300	+7.031e+03	+2.916e+03	+9.149e+03	+0.293
2.400	+2.812e+03	+8.124e+03	+1.107e+04	+0.743
2.500	+2.145e+03	+7.942e+03	+9.675e+03	+0.787
2.600	+3.371e+03	+6.468e+03	+1.006e+04	+0.657
2.700	+2.590e+03	+7.565e+03	+1.004e+04	+0.745
2.800	+3.428e+03	+7.415e+03	+9.727e+03	+0.684
2.900	+3.504e+03	+6.037e+03	+8.920e+03	+0.633
3.000	+3.843e+03	+6.175e+03	+1.086e+04	+0.616
3.100	+8.382e+03	+2.398e+03	+1.007e+04	+0.222
3.200	+4.837e+03	+5.113e+03	+9.308e+03	+0.514
3.300	+4.597e+03	+4.865e+03	+1.054e+04	+0.514
3.400	+7.584e+03	+2.768e+03	+1.076e+04	+0.267
3.500	+6.228e+03	+3.100e+03	+8.547e+03	+0.332
3.600	+8.047e+03	+1.499e+03	+1.032e+04	+0.157
3.700	+5.130e+03	+5.338e+03	+1.003e+04	+0.510
3.800	+4.032e+03	+5.448e+03	+1.067e+04	+0.575
3.900	+1.547e+03	+7.368e+03	+1.087e+04	+0.826
4.000	+2.567e+03	+6.052e+03	+1.051e+04	+0.702
4.100	+1.945e+03	+6.555e+03	+1.003e+04	+0.771
4.200	+4.161e+03	+6.292e+03	+9.599e+03	+0.602
4.300	+3.299e+03	+6.238e+03	+1.026e+04	+0.654
4.400	+4.247e+03	+8.651e+03	+1.069e+04	+0.671
4.500	+3.088e+03	+7.561e+03	+1.017e+04	+0.710
4.600	+1.870e+03	+7.385e+03	+8.519e+03	+0.798
4.700	+3.589e+03	+5.891e+03	+1.039e+04	+0.621
4.800	+3.733e+03	+5.759e+03	+8.920e+03	+0.607
4.900	+2.524e+03	+7.505e+03	+9.022e+03	+0.748
5.000	+2.660e+03	+7.446e+03	+1.003e+04	+0.737
5.100	+2.735e+03	+6.799e+03	+9.254e+03	+0.713
5.200	+2.189e+03	+7.798e+03	+9.776e+03	+0.781
5.300	+3.192e+03	+5.862e+03	+1.192e+04	+0.647
5.400	+3.666e+03	+7.871e+03	+9.420e+03	+0.682
5.500	+4.180e+03	+7.750e+03	+9.707e+03	+0.650
5.600	+3.215e+03	+6.495e+03	+9.712e+03	+0.669
5.700	+2.302e+03	+6.899e+03	+1.201e+04	+0.750
5.800	+3.670e+03	+6.701e+03	+1.016e+04	+0.646
5.900	+2.985e+03	+6.861e+03	+9.739e+03	+0.697
6.000	+3.815e+03	+6.679e+03	+9.864e+03	+0.636
6.100	+2.240e+03	+8.371e+03	+1.003e+04	+0.789
6.200	+4.789e+03	+7.715e+03	+1.011e+04	+0.617
6.300	+2.463e+03	+5.854e+03	+9.217e+03	+0.704
6.400	+4.190e+03	+7.147e+03	+9.496e+03	+0.630
6.500	+3.748e+03	+7.203e+03	+9.646e+03	+0.658
6.600	+2.163e+03	+6.724e+03	+1.003e+04	+0.757
6.700	+2.705e+03	+6.548e+03	+9.125e+03	+0.708
6.800	+3.516e+03	+5.602e+03	+1.073e+04	+0.614
6.900	+2.778e+03	+7.885e+03	+9.270e+03	+0.739
7.000	+5.276e+03	+5.574e+03	+1.079e+04	+0.514
7.100	+6.418e+03	+3.039e+03	+1.131e+04	+0.321
7.200	+7.409e+03	+3.403e+03	+1.027e+04	+0.315
7.300	+6.886e+03	+3.567e+03	+1.155e+04	+0.341
7.400	+6.620e+03	+1.650e+03	+8.621e+03	+0.200
7.500	+6.353e+03	+3.165e+03	+1.006e+04	+0.332
7.600	+7.165e+03	+2.981e+03	+1.087e+04	+0.294
7.700	+6.150e+03	+2.699e+03	+9.162e+03	+0.305
7.800	+6.750e+03	+2.715e+03	+8.152e+03	+0.287
7.900	+6.260e+03	+2.344e+03	+1.046e+04	+0.272
8.000	+7.028e+03	+2.224e+03	+9.969e+03	+0.240
8.100	+6.824e+03	+3.918e+03	+9.920e+03	+0.365
8.200	+7.194e+03	+2.829e+03	+1.016e+04	+0.282
8.300	+5.747e+03	+2.751e+03	+8.554e+03	+0.324
8.400	+6.152e+03	+2.295e+03	+1.054e+04	+0.272
8.500	+4.958e+03	+3.893e+03	+9.892e+03	+0.440
8.600	+7.385e+03	+2.276e+03	+9.227e+03	+0.236
8.700	+7.961e+03	+2.333e+03	+9.988e+03	+0.227
8.800	+6.215e+03	+3.386e+03	+1.029e+04	+0.353
8.900	+7.144e+03	+3.566e+03	+1.102e+04	+0.333
9.000	+6.535e+03	+1.889e+03	+1.085e+04	+0.224
9.100	+7.339e+03	+3.484e+03	+1.001e+04	+0.322
9.200	+6.731e+03	+3.265e+03	+1.126e+04	+0.327
9.300	+7.707e+03	+4.805e+03	+9.478e+03	+0.384
9.400	+7.644e+03	+1.879e+03	+1.062e+04	+0.197
9.500	+7.171e+03	+3.453e+03	+9.757e+03	+0.325
9.600	+7.277e+03	+1.244e+03	+9.660e+03	+0.146
9.700	+5.912e+03	+2.844e+03	+9.391e+03	+0.325
9.800	+6.865e+03	+1.681e+03	+9.652e+03	+0.197
9.900	+6.955e+03	+3.230e+03	+9.514e+03	+0.317
10.000	+7.275e+03	+2.948e+03	+1.014e+04	+0.288
10.100	+6.237e+03	+2.322e+03	+1.019e+04	+0.271
10.200	+6.680e+03	+2.625e+03	+8.983e+03	+0.282
10.300	+8.080e+03	+2.867e+03	+1.096e+04	+0.262
10.400	+5.350e+03	+2.202e+03	+9.142e+03	+0.292
10.500	+2.741e+03	+6.593e+03	+9.040e+03	+0.706
10.600	+3.561e+03	+7.241e+03	+1.213e+04	+0.670
10.700	+2.811e+03	+6.509e+03	+9.379e+03	+0.698
10.800	+2.250e+03	+7.329e+03	+9.906e+03	+0.765
10.900	+3.909e+03	+6.915e+03	+1.029e+04	+0.639
11.000	+3.203e+03	+7.430e+03	+8.566e+03	+0.699
11.100	+2.626e+03	+6.953e+03	+8.671e+03	+0.726
11.200	+3.972e+03	+8.724e+03	+1.095e+04	+0.687
11.300	+2.528e+03	+6.584e+03	+1.098e+04	+0.723
11.400	+1.364e+03	+7.005e+03	+9.808e+03	+0.837
11.500	+3.774e+03	+7.499e+03	+9.437e+03	+0.665
11.600	+2.391e+03	+5.948e+03	+9.601e+03	+0.713
11.700	+2.394e+03	+6.487e+03	+9.813e+03	+0.730
11.800	+2.669e+03	+6.822e+03	+1.046e+04	+0.719
11.900	+3.902e+03	+6.946e+03	+1.017e+04	+0.640
12.000	+3.211e+03	+7.119e+03	+1.094e+04	+0.689
12.100	+3.086e+03	+7.902e+03	+8.947e+03	+0.719
12.200	+3.181e+03	+6.402e+03	+9.880e+03	+0.668
12.300	+3.329e+03	+8.070e+03	+9.702e+03	+0.708
12.400	+2.454e+03	+8.231e+03	+1.197e+04	+0.770
12.500	+2.459e+03	+6.252e+03	+1.054e+04	+0.718
12.600	+3.205e+03	+7.567e+03	+1.003e+04	+0.702
12.700	+3.344e+03	+8.733e+03	+8.876e+03	+0.723
12.800	+1.641e+03	+7.674e+03	+1.052e+04	+0.824
12.900	+3.622e+03	+8.509e+03	+1.047e+04	+0.701
13.000	+2.727e+03	+6.633e+03	+8.832e+03	+0.709
13.100	+2.113e+03	+7.473e+03	+9.542e+03	+0.780
13.200	+3.849e+03	+6.620e+03	+8.446e+03	+0.632
13.300	+3.559e+03	+7.303e+03	+1.154e+04	+0.672
13.400	+2.727e+03	+6.236e+03	+9.109e+03	+0.696
13.500	+2.587e+03	+7.410e+03	+1.077e+04	+0.741
13.600	+2.856e+03	+6.052e+03	+1.024e+04	+0.679
13.700	+4.546e+03	+8.764e+03	+9.841e+03	+0.658
13.800	+3.597e+03	+7.157e+03	+9.858e+03	+0.666
13.900	+3.316e+03	+7.207e+03	+9.849e+03	+0.685
14.000	+6.628e+02	+7.341e+03	+9.748e+03	+0.917
14.100	+3.425e+03	+7.455e+03	+1.027e+04	+0.685
14.200	+3.844e+03	+7.608e+03	+9.106e+03	+0.664
14.300	+2.860e+03	+5.367e+03	+9.309e+03	+0.652
14.400	+3.350e+03	+6.981e+03	+8.587e+03	+0.676
14.500	+9.880e+02	+8.001e+03	+9.771e+03	+0.890
14.600	+2.812e+03	+6.032e+03	+1.110e+04	+0.682
14.700	+3.336e+03	+7.157e+03	+9.698e+03	+0.682
14.800	+1.113e+03	+8.166e+03	+7.722e+03	+0.880
14.900	+4.626e+03	+9.003e+03	+1.094e+04	+0.661
15.000	+3.289e+03	+7.146e+03	+8.688e+03	+0.685
15.100	+4.005e+03	+7.844e+03	+9.024e+03	+0.662
15.200	+3.357e+03	+4.441e+03	+9.811e+03	+0.569
15.300	+5.851e+03	+4.882e+03	+9.895e+03	+0.455
15.400	+7.064e+03	+3.593e+03	+1.100e+04	+0.337
15.500	+6.335e+03	+2.766e+03	+1.058e+04	+0.304
15.600	+6.102e+03	+3.139e+03	+9.313e+03	+0.340
15.700	+6.286e+03	+3.891e+03	+1.089e+04	+0.382
15.800	+6.506e+03	+4.079e+03	+1.034e+04	+0.385
15.900	+6.421e+03	+3.149e+03	+1.047e+04	+0.329
16.000	+6.449e+03	+3.429e+03	+1.052e+04	+0.347
16.100	+7.538e+03	+1.971e+03	+8.925e+03	+0.207
16.200	+7.002e+03	+3.225e+03	+1.083e+04	+0.315
16.300	+3.665e+03	+5.637e+03	+1.015e+04	+0.606
16.400	+2.558e+03	+7.292e+03	+9.877e+03	+0.740
16.500	+2.753e+03	+7.970e+03	+8.640e+03	+0.743
16.600	+2.050e+03	+6.479e+03	+9.965e+03	+0.760
16.700	+2.623e+03	+7.957e+03	+1.068e+04	+0.752
16.800	+2.947e+03	+7.072e+03	+9.435e+03	+0.706
16.900	+4.109e+03	+7.151e+03	+1.051e+04	+0.635
17.000	+3.852e+03	+7.293e+03	+9.591e+03	+0.654
17.100	+2.987e+03	+7.817e+03	+1.077e+04	+0.724
17.200	+2.579e+03	+7.216e+03	+8.694e+03	+0.737
17.300	+2.300e+03	+8.270e+03	+8.843e+03	+0.782
17.400	+3.536e+03	+6.912e+03	+9.955e+03	+0.662
17.500	+1.772e+03	+6.456e+03	+9.643e+03	+0.785
17.600	+2.131e+03	+7.030e+03	+8.481e+03	+0.767
17.700	+2.731e+03	+8.027e+03	+1.014e+04	+0.746
17.800	+2.704e+03	+7.154e+03	+1.112e+04	+0.726
17.900	+2.310e+03	+7.061e+03	+1.056e+04	+0.753
18.000	+2.617e+03	+6.601e+03	+1.041e+04	+0.716
18.100	+3.245e+03	+7.249e+03	+9.714e+03	+0.691
18.200	+3.257e+03	+7.046e+03	+9.487e+03	+0.684
18.300	+2.572e+03	+7.761e+03	+1.009e+04	+0.751
18.400	+3.861e+03	+8.113e+03	+9.264e+03	+0.678
18.500	+2.442e+03	+6.953e+03	+9.921e+03	+0.740
18.600	+2.747e+03	+7.418e+03	+1.087e+04	+0.730
18.700	+4.007e+03	+6.086e+03	+1.055e+04	+0.603
18.800	+3.466e+03	+7.548e+03	+1.060e+04	+0.685
18.900	+2.999e+03	+6.766e+03	+9.570e+03	+0.693
19.000	+8.547e+03	+1.613e+03	+1.081e+04	+0.159
19.100	+7.075e+03	+3.533e+03	+1.036e+04	+0.333
19.200	+5.368e+03	+4.064e+03	+8.943e+03	+0.431
19.300	+2.260e+03	+7.130e+03	+1.016e+04	+0.759
19.400	+3.426e+03	+6.520e+03	+9.244e+03	+0.656
19.500	+2.458e+03	+7.013e+03	+9.712e+03	+0.741
19.600	+2.148e+03	+6.405e+03	+9.955e+03	+0.749
19.700	+2.447e+03	+8.689e+03	+1.094e+04	+0.780
19.800	+3.592e+03	+7.703e+03	+1.137e+04	+0.682
19.900	+2.877e+03	+7.080e+03	+1.072e+04	+0.711
20.000	+2.049e+03	+7.651e+03	+1.093e+04	+0.789
20.100	+4.037e+03	+6.276e+03	+8.873e+03	+0.609
20.200	+3.526e+03	+5.786e+03	+1.089e+04	+0.621
20.300	+3.118e+03	+7.956e+03	+9.547e+03	+0.718
20.400	+3.731e+03	+7.755e+03	+9.521e+03	+0.675
20.500	+3.479e+03	+8.160e+03	+1.027e+04	+0.701
20.600	+2.168e+03	+6.920e+03	+1.105e+04	+0.761
20.700	+2.207e+03	+7.060e+03	+9.913e+03	+0.762
20.800	+2.249e+03	+6.745e+03	+1.037e+04	+0.750
20.900	+3.829e+03	+6.567e+03	+1.082e+04	+0.632
21.000	+2.561e+03	+5.825e+03	+9.133e+03	+0.695
21.100	+6.359e+03	+3.811e+03	+1.093e+04	+0.375
21.200	+6.919e+03	+1.709e+03	+1.011e+04	+0.198
21.300	+7.151e+03	+3.518e+03	+9.579e+03	+0.330
21.400	+6.179e+03	+2.780e+03	+1.077e+04	+0.310
21.500	+6.724e+03	+2.376e+03	+1.038e+04	+0.261
21.600	+7.544e+03	+3.606e+03	+9.207e+03	+0.323
21.700	+1.767e+03	+7.673e+03	+1.091e+04	+0.813
21.800	+2.690e+03	+6.130e+03	+1.047e+04	+0.695
21.900	+2.686e+03	+7.308e+03	+8.062e+03	+0.731
22.000	+1.940e+03	+6.360e+03	+8.695e+03	+0.766
22.100	+2.402e+03	+7.800e+03	+9.214e+03	+0.765
22.200	+2.124e+03	+6.481e+03	+9.508e+03	+0.753
22.300	+2.886e+03	+6.222e+03	+1.054e+04	+0.683
22.400	+4.231e+03	+7.604e+03	+9.913e+03	+0.642
22.500	+3.260e+03	+6.464e+03	+1.024e+04	+0.665
22.600	+2.792e+03	+6.354e+03	+1.143e+04	+0.695
22.700	+5.230e+03	+8.761e+03	+1.010e+04	+0.626
22.800	+2.462e+03	+7.251e+03	+1.015e+04	+0.746
22.900	+2.750e+03	+7.541e+03	+9.443e+03	+0.733
23.000	+4.711e+03	+6.351e+03	+1.105e+04	+0.574
23.100	+3.638e+03	+6.348e+03	+1.111e+04	+0.636
23.200	+1.539e+03	+6.730e+03	+9.742e+03	+0.814
23.300	+2.675e+03	+6.509e+03	+9.836e+03	+0.709
23.400	+8.513e+03	+2.203e+03	+9.839e+03	+0.206
23.500	+6.169e+03	+2.475e+03	+8.531e+03	+0.286
23.600	+7.764e+03	+2.824e+03	+9.023e+03	+0.267
23.700	+3.741e+03	+5.807e+03	+9.328e+03	+0.608
23.800	+2.303e+03	+5.881e+03	+9.467e+03	+0.719
23.900	+2.202e+03	+7.556e+03	+1.038e+04	+0.774
24.000	+2.557e+03	+5.867e+03	+9.505e+03	+0.696
24.100	+1.395e+03	+6.344e+03	+9.560e+03	+0.820
24.200	+2.605e+03	+8.286e+03	+8.478e+03	+0.761
24.300	+2.874e+03	+7.054e+03	+1.043e+04	+0.711
24.400	+3.532e+03	+6.862e+03	+9.188e+03	+0.660
24.500	+1.747e+03	+7.526e+03	+9.494e+03	+0.812
24.600	+2.070e+03	+7.212e+03	+1.013e+04	+0.777
24.700	+2.198e+03	+6.081e+03	+1.032e+04	+0.735
24.800	+2.787e+03	+7.800e+03	+1.016e+04	+0.737
24.900	+2.473e+03	+6.279e+03	+1.120e+04	+0.717
25.000	+3.526e+03	+6.224e+03	+1.027e+04	+0.638
25.100	+1.861e+03	+7.513e+03	+1.051e+04	+0.802
25.200	+1.530e+03	+7.292e+03	+1.041e+04	+0.827
25.300	+2.481e+03	+6.432e+03	+1.023e+04	+0.722
25.400	+2.673e+03	+7.285e+03	+8.868e+03	+0.732
25.500	+4.411e+03	+8.332e+03	+9.187e+03	+0.654
25.600	+2.620e+03	+6.573e+03	+1.064e+04	+0.715
25.700	+3.547e+03	+7.376e+03	+1.035e+04	+0.675
25.800	+3.936e+03	+7.958e+03	+9.964e+03	+0.669
25.900	+1.464e+03	+6.167e+03	+9.992e+03	+0.808
26.000	+3.025e+03	+6.149e+03	+1.020e+04	+0.670
26.100	+2.162e+03	+6.977e+03	+1.003e+04	+0.763
26.200	+2.948e+03	+6.573e+03	+9.425e+03	+0.690
26.300	+3.097e+03	+6.161e+03	+1.005e+04	+0.665
26.400	+2.839e+03	+6.801e+03	+1.002e+04	+0.706
26.500	+3.316e+03	+7.896e+03	+9.469e+03	+0.704
26.600	+2.986e+03	+7.798e+03	+9.386e+03	+0.723
26.700	+3.163e+03	+7.806e+03	+1.177e+04	+0.712
26.800	+4.745e+03	+4.437e+03	+9.855e+03	+0.483
26.900	+6.182e+03	+3.348e+03	+1.023e+04	+0.351
27.000	+2.090e+03	+7.250e+03	+8.437e+03	+0.776
27.100	+3.112e+03	+8.091e+03	+8.830e+03	+0.722
27.200	+3.511e+03	+7.741e+03	+1.091e+04	+0.688
27.300	+3.511e+03	+6.846e+03	+9.129e+03	+0.661
27.400	+2.945e+03	+6.588e+03	+9.690e+03	+0.691
27.500	+3.293e+03	+7.036e+03	+1.099e+04	+0.681
27.600	+2.863e+03	+7.695e+03	+1.086e+04	+0.729
27.700	+3.338e+03	+8.699e+03	+9.634e+03	+0.723
27.800	+2.763e+03	+6.892e+03	+1.163e+04	+0.714
27.900	+2.082e+03	+6.789e+03	+1.034e+04	+0.765
28.000	+3.473e+03	+6.734e+03	+1.049e+04	+0.660
28.100	+3.107e+03	+6.678e+03	+9.362e+03	+0.683
28.200	+2.582e+03	+8.131e+03	+1.039e+04	+0.759
28.300	+5.635e+03	+3.103e+03	+8.957e+03	+0.355
28.400	+8.739e+03	+2.573e+03	+9.814e+03	+0.227
28.500	+7.304e+03	+1.575e+03	+1.031e+04	+0.177
28.600	+6.412e+03	+3.933e+03	+1.046e+04	+0.380
28.700	+6.303e+03	+6.495e+02	+1.085e+04	+0.093
28.800	+7.085e+03	+2.735e+03	+1.063e+04	+0.278
28.900	+8.068e+03	+2.262e+03	+9.337e+03	+0.219
29.000	+5.843e+03	+3.409e+03	+1.058e+04	+0.368
29.100	+7.330e+03	+3.359e+03	+1.037e+04	+0.314
29.200	+6.463e+03	+3.341e+03	+9.119e+03	+0.341
29.300	+6.408e+03	+2.326e+03	+1.035e+04	+0.266
29.400	+7.349e+03	+3.763e+03	+1.047e+04	+0.339
29.500	+7.099e+03	+4.497e+03	+9.512e+03	+0.388
29.600	+7.573e+03	+4.188e+03	+9.724e+03	+0.356
29.700	+5.558e+03	+2.742e+03	+8.784e+03	+0.330
29.800	+6.198e+03	+2.865e+03	+1.027e+04	+0.316
29.900	+8.475e+03	+2.021e+03	+8.962e+03	+0.193
30.000	+7.640e+03	+3.085e+03	+1.031e+04	+0.288
30.100	+6.407e+03	+2.841e+03	+1.033e+04	+0.307
30.200	+6.086e+03	+2.580e+03	+1.054e+04	+0.298
30.300	+3.818e+03	+5.083e+03	+9.303e+03	+0.571
30.400	+3.785e+03	+7.215e+03	+1.099e+04	+0.656
30.500	+3.946e+03	+6.503e+03	+1.070e+04	+0.622
30.600	+3.046e+03	+6.272e+03	+9.440e+03	+0.673
30.700	+2.477e+03	+8.017e+03	+1.063e+04	+0.764
30.800	+2.140e+03	+6.665e+03	+9.878e+03	+0.757
30.900	+2.149e+03	+6.742e+03	+1.151e+04	+0.758
31.000	+1.811e+03	+6.028e+03	+9.995e+03	+0.769
31.100	+3.338e+03	+6.318e+03	+8.967e+03	+0.654
31.200	+3.426e+03	+7.017e+03	+8.799e+03	+0.672
31.300	+2.697e+03	+5.927e+03	+1.099e+04	+0.687
31.400	+4.108e+03	+6.616e+03	+1.015e+04	+0.617
31.500	+3.325e+03	+7.207e+03	+9.060e+03	+0.684
31.600	+2.634e+03	+7.327e+03	+8.297e+03	+0.736
31.700	+1.693e+03	+6.760e+03	+9.410e+03	+0.800
31.800	+2.723e+03	+6.707e+03	+1.114e+04	+0.711
31.900	+6.342e+03	+4.042e+03	+9.891e+03	+0.389
32.000	+7.133e+03	+3.313e+03	+9.219e+03	+0.317
32.100	+7.980e+03	+2.869e+03	+1.061e+04	+0.264
32.200	+7.138e+03	+2.593e+03	+1.022e+04	+0.266
32.300	+8.741e+03	+2.517e+03	+1.069e+04	+0.224
32.400	+4.009e+03	+6.748e+03	+1.106e+04	+0.627
32.500	+3.121e+03	+6.783e+03	+1.016e+04	+0.685
32.600	+3.407e+03	+6.680e+03	+1.064e+04	+0.662
32.700	+3.698e+03	+7.138e+03	+9.851e+03	+0.659
32.800	+3.720e+03	+5.939e+03	+1.012e+04	+0.615
32.900	+3.158e+03	+6.229e+03	+9.519e+03	+0.664
33.000	+3.263e+03	+5.869e+03	+9.923e+03	+0.643
33.100	+3.187e+03	+7.390e+03	+9.818e+03	+0.699
33.200	+3.193e+03	+5.913e+03	+1.095e+04	+0.649
33.300	+2.485e+03	+6.021e+03	+9.909e+03	+0.708
33.400	+3.364e+03	+7.881e+03	+1.063e+04	+0.701
33.500	+1.763e+03	+6.137e+03	+1.088e+04	+0.777
33.600	+2.910e+03	+7.856e+03	+9.834e+03	+0.730
33.700	+3.160e+03	+7.683e+03	+9.732e+03	+0.709
33.800	+3.730e+03	+6.533e+03	+1.016e+04	+0.637
33.900	+3.641e+03	+6.229e+03	+1.011e+04	+0.631
34.000	+2.889e+03	+8.753e+03	+1.096e+04	+0.752
34.100	+3.634e+03	+6.995e+03	+1.107e+04	+0.658
34.200	+3.438e+03	+7.046e+03	+9.622e+03	+0.672
34.300	+1.869e+03	+7.557e+03	+9.791e+03	+0.802
34.400	+3.429e+03	+9.546e+03	+9.325e+03	+0.736
34.500	+6.574e+03	+3.783e+03	+9.907e+03	+0.365
34.600	+5.796e+03	+2.861e+03	+9.494e+03	+0.330
34.700	+8.503e+03	+2.010e+03	+1.069e+04	+0.191
34.800	+7.037e+03	+2.648e+03	+1.070e+04	+0.273
34.900	+6.747e+03	+3.320e+03	+9.989e+03	+0.330
35.000	+7.763e+03	+3.144e+03	+9.220e+03	+0.288
35.100	+6.673e+03	+1.720e+03	+1.163e+04	+0.205
35.200	+7.100e+03	+2.739e+03	+9.256e+03	+0.278
35.300	+7.154e+03	+3.506e+03	+9.355e+03	+0.329
35.400	+6.815e+03	+4.176e+03	+9.266e+03	+0.380
35.500	+5.183e+03	+3.711e+03	+9.758e+03	+0.417
35.600	+5.801e+03	+3.043e+03	+9.523e+03	+0.344
35.700	+5.126e+03	+2.758e+03	+8.123e+03	+0.350
35.800	+7.133e+03	+2.722e+03	+1.077e+04	+0.276
35.900	+6.482e+03	+2.731e+03	+1.031e+04	+0.296
36.000	+6.760e+03	+2.658e+03	+9.830e+03	+0.282
36.100	+7.196e+03	+4.622e+03	+9.326e+03	+0.391
36.200	+5.957e+03	+3.805e+03	+8.513e+03	+0.390
36.300	+4.402e+03	+4.957e+03	+9.772e+03	+0.530
36.400	+2.607e+03	+7.280e+03	+1.023e+04	+0.736
36.500	+2.807e+03	+7.501e+03	+9.756e+03	+0.728
36.600	+3.533e+03	+7.139e+03	+1.039e+04	+0.669
36.700	+1.955e+03	+7.323e+03	+9.536e+03	+0.789
36.800	+2.821e+03	+8.067e+03	+1.146e+04	+0.741
36.900	+3.131e+03	+7.523e+03	+1.045e+04	+0.706
37.000	+3.323e+03	+4.887e+03	+9.637e+03	+0.595
37.100	+1.981e+03	+5.903e+03	+1.044e+04	+0.749
37.200	+3.817e+03	+5.030e+03	+9.671e+03	+0.569
37.300	+7.412e+03	+2.335e+03	+1.051e+04	+0.240
37.400	+8.383e+03	+1.617e+03	+9.416e+03	+0.162
37.500	+6.703e+03	+2.863e+03	+9.700e+03	+0.299
37.600	+5.974e+03	+4.167e+03	+1.088e+04	+0.411
37.700	+7.644e+03	+2.737e+03	+1.170e+04	+0.264
37.800	+7.033e+03	+2.761e+03	+1.049e+04	+0.282
37.900	+6.812e+03	+2.582e+03	+1.027e+04	+0.275
38.000	+5.288e+03	+6.470e+03	+1.004e+04	+0.550
38.100	+2.123e+03	+6.325e+03	+1.174e+04	+0.749
38.200	+3.532e+03	+6.261e+03	+9.273e+03	+0.639
38.300	+2.558e+03	+6.539e+03	+9.077e+03	+0.719
38.400	+2.947e+03	+7.570e+03	+1.043e+04	+0.720
38.500	+3.181e+03	+6.717e+03	+1.004e+04	+0.679
38.600	+4.294e+03	+7.158e+03	+1.095e+04	+0.625
38.700	+2.815e+03	+7.453e+03	+1.119e+04	+0.726
38.800	+2.865e+03	+7.849e+03	+9.838e+03	+0.733
38.900	+3.092e+03	+5.832e+03	+1.043e+04	+0.654
39.000	+3.966e+03	+6.791e+03	+1.011e+04	+0.631
39.100	+3.624e+03	+6.652e+03	+9.442e+03	+0.647
39.200	+3.363e+03	+6.361e+03	+1.092e+04	+0.654
39.300	+2.842e+03	+6.287e+03	+1.066e+04	+0.689
39.400	+6.564e+03	+2.724e+03	+9.070e+03	+0.293
39.500	+6.661e+03	+3.685e+03	+1.034e+04	+0.356
39.600	+7.327e+03	+3.456e+03	+1.095e+04	+0.321
39.700	+6.120e+03	+1.596e+03	+8.697e+03	+0.207
39.800	+7.512e+03	+2.651e+03	+1.037e+04	+0.261
39.900	+5.605e+03	+3.369e+03	+1.070e+04	+0.375
40.000	+7.015e+03	+2.256e+03	+9.367e+03	+0.243
40.100	+6.111e+03	+3.262e+03	+1.115e+04	+0.348
40.200	+6.242e+03	+4.331e+03	+1.031e+04	+0.410
40.300	+2.955e+03	+8.280e+03	+9.377e+03	+0.737
40.400	+2.530e+03	+7.987e+03	+9.450e+03	+0.759
40.500	+3.326e+03	+7.229e+03	+1.042e+04	+0.685
40.600	+4.707e+03	+6.843e+03	+8.617e+03	+0.592
40.700	+3.187e+03	+6.572e+03	+8.378e+03	+0.673
40.800	+2.810e+03	+7.139e+03	+1.016e+04	+0.718
40.900	+3.538e+03	+7.247e+03	+9.403e+03	+0.672
41.000	+3.310e+03	+6.168e+03	+9.555e+03	+0.651
41.100	+2.768e+03	+6.306e+03	+1.080e+04	+0.695
41.200	+2.939e+03	+6.128e+03	+9.007e+03	+0.676
41.300	+3.117e+03	+6.841e+03	+1.072e+04	+0.687
41.400	+3.716e+03	+7.007e+03	+8.980e+03	+0.653
41.500	+2.869e+03	+6.064e+03	+9.532e+03	+0.679
41.600	+5.914e+03	+3.472e+03	+9.960e+03	+0.370
41.700	+3.759e+03	+7.090e+03	+9.580e+03	+0.654
41.800	+2.955e+03	+7.087e+03	+1.077e+04	+0.706
41.900	+2.501e+03	+7.506e+03	+9.677e+03	+0.750
42.000	+4.900e+03	+6.467e+03	+1.077e+04	+0.569
42.100	+2.449e+03	+6.692e+03	+1.020e+04	+0.732
42.200	+3.660e+03	+6.743e+03	+1.093e+04	+0.648
42.300	+2.039e+03	+8.717e+03	+1.024e+04	+0.810
42.400	+1.653e+03	+8.824e+03	+9.534e+03	+0.842
42.500	+4.751e+03	+6.122e+03	+9.026e+03	+0.563
42.600	+2.158e+03	+5.967e+03	+1.135e+04	+0.734
42.700	+2.073e+03	+6.529e+03	+9.927e+03	+0.759
42.800	+4.131e+03	+6.021e+03	+9.223e+03	+0.593
42.900	+2.166e+03	+6.313e+03	+1.106e+04	+0.744
43.000	+3.987e+03	+7.778e+03	+1.021e+04	+0.661
43.100	+2.770e+03	+7.364e+03	+1.241e+04	+0.727
43.200	+3.081e+03	+6.511e+03	+1.082e+04	+0.679
43.300	+2.549e+03	+6.783e+03	+1.016e+04	+0.727
43.400	+3.507e+03	+7.163e+03	+1.038e+04	+0.671
43.500	+2.443e+03	+7.366e+03	+9.841e+03	+0.751
43.600	+6.633e+03	+4.378e+03	+9.711e+03	+0.398
43.700	+6.506e+03	+2.572e+03	+1.113e+04	+0.283
43.800	+5.571e+03	+2.833e+03	+9.618e+03	+0.337
43.900	+7.098e+03	+2.873e+03	+9.991e+03	+0.288
44.000	+7.831e+03	+3.105e+03	+9.175e+03	+0.284
44.100	+5.135e+03	+3.351e+03	+7.954e+03	+0.395
44.200	+7.767e+03	+4.733e+03	+9.262e+03	+0.379
44.300	+6.456e+03	+2.465e+03	+1.048e+04	+0.276
44.400	+7.655e+03	+3.701e+03	+1.008e+04	+0.326
44.500	+6.667e+03	+3.303e+03	+1.019e+04	+0.331
44.600	+7.342e+03	+2.764e+03	+1.026e+04	+0.273
44.700	+7.418e+03	+3.105e+03	+9.531e+03	+0.295
44.800	+8.452e+03	+3.321e+03	+1.032e+04	+0.282
44.900	+6.158e+03	+3.772e+03	+1.006e+04	+0.380
45.000	+7.255e+03	+1.894e+03	+8.802e+03	+0.207
45.100	+7.735e+03	+2.070e+03	+9.241e+03	+0.211
45.200	+6.163e+03	+2.547e+03	+9.750e+03	+0.292
45.300	+6.904e+03	+4.005e+03	+9.527e+03	+0.367
45.400	+5.327e+03	+3.491e+03	+1.009e+04	+0.396
45.500	+8.051e+03	+3.229e+03	+1.031e+04	+0.286
45.600	+6.538e+03	+3.051e+03	+1.008e+04	+0.318
45.700	+7.322e+03	+3.881e+03	+1.166e+04	+0.346
45.800	+6.888e+03	+2.041e+03	+1.001e+04	+0.229
45.900	+7.618e+03	+2.609e+03	+8.553e+03	+0.255
46.000	+4.660e+03	+3.360e+03	+1.054e+04	+0.419
46.100	+7.915e+03	+2.612e+03	+9.910e+03	+0.248
46.200	+7.318e+03	+3.626e+03	+9.920e+03	+0.331
46.300	+6.063e+03	+1.957e+03	+1.100e+04	+0.244
46.400	+6.793e+03	+3.589e+03	+9.144e+03	+0.346
46.500	+6.811e+03	+3.191e+03	+1.023e+04	+0.319
46.600	+8.036e+03	+2.962e+03	+1.078e+04	+0.269
46.700	+6.439e+03	+2.976e+03	+1.100e+04	+0.316
46.800	+6.547e+03	+2.652e+03	+8.226e+03	+0.288
46.900	+7.665e+03	+2.645e+03	+1.010e+04	+0.257
47.000	+5.993e+03	+3.952e+03	+1.035e+04	+0.397
47.100	+6.731e+03	+3.846e+03	+9.562e+03	+0.364
47.200	+6.994e+03	+3.301e+03	+1.072e+04	+0.321
47.300	+7.647e+03	+1.999e+03	+1.060e+04	+0.207
47.400	+6.962e+03	+4.212e+03	+1.065e+04	+0.377
47.500	+8.248e+03	+3.351e+03	+8.997e+03	+0.289
47.600	+6.969e+03	+3.282e+03	+9.927e+03	+0.320
47.700	+6.871e+03	+3.875e+03	+1.157e+04	+0.361
47.800	+6.687e+03	+3.400e+03	+9.990e+03	+0.337
47.900	+6.605e+03	+2.554e+03	+1.095e+04	+0.279
48.000	+6.769e+03	+4.376e+03	+9.978e+03	+0.393
48.100	+7.737e+03	+3.890e+03	+8.773e+03	+0.335
48.200	+6.813e+03	+2.831e+03	+9.692e+03	+0.294
48.300	+7.818e+03	+2.278e+03	+9.457e+03	+0.226
48.400	+8.150e+03	+1.947e+03	+8.967e+03	+0.193
48.500	+6.346e+03	+3.614e+03	+9.463e+03	+0.363
48.600	+6.929e+03	+2.212e+03	+1.073e+04	+0.242
48.700	+7.450e+03	+2.660e+03	+1.130e+04	+0.263
48.800	+8.302e+03	+2.873e+03	+9.952e+03	+0.257
48.900	+8.493e+03	+2.028e+03	+9.807e+03	+0.193
49.000	+7.423e+03	+3.598e+03	+1.044e+04	+0.326
49.100	+7.588e+03	+2.957e+03	+9.902e+03	+0.280
49.200	+7.333e+03	+3.049e+03	+1.047e+04	+0.294
49.300	+5.037e+03	+2.442e+03	+9.777e+03	+0.327
49.400	+8.052e+03	+3.663e+03	+9.981e+03	+0.313
49.500	+6.878e+03	+2.049e+03	+1.002e+04	+0.230
49.600	+6.199e+03	+1.606e+03	+8.019e+03	+0.206
49.700	+7.640e+03	+3.565e+03	+1.098e+04	+0.318
49.800	+8.839e+03	+2.939e+03	+9.433e+03	+0.250
49.900	+5.368e+03	+3.715e+03	+8.698e+03	+0.409
50.000	+7.292e+03	+2.363e+03	+1.129e+04	+0.245
50.100	+6.134e+03	+3.578e+03	+9.405e+03	+0.368
50.200	+7.803e+03	+1.313e+03	+9.889e+03	+0.144
50.300	+6.794e+03	+2.668e+03	+9.030e+03	+0.282
50.400	+7.355e+03	+3.948e+03	+1.123e+04	+0.349
50.500	+7.105e+03	+2.530e+03	+9.463e+03	+0.263
50.600	+6.393e+03	+4.112e+03	+1.083e+04	+0.391
50.700	+8.029e+03	+2.901e+03	+1.067e+04	+0.265
50.800	+8.399e+03	+2.417e+03	+9.035e+03	+0.223
50.900	+7.522e+03	+2.497e+03	+9.127e+03	+0.249
51.000	+5.315e+03	+4.632e+03	+1.047e+04	+0.466
51.100	+3.659e+03	+5.093e+03	+8.901e+03	+0.582
51.200	+3.298e+03	+6.044e+03	+9.155e+03	+0.647
51.300	+3.008e+03	+7.316e+03	+9.922e+03	+0.709
51.400	+3.331e+03	+6.424e+03	+9.383e+03	+0.659
51.500	+2.879e+03	+5.541e+03	+1.056e+04	+0.658
51.600	+2.250e+03	+7.183e+03	+9.821e+03	+0.762
51.700	+2.949e+03	+6.114e+03	+9.335e+03	+0.675
51.800	+7.704e+03	+9.666e+02	+1.043e+04	+0.111
51.900	+5.985e+03	+2.834e+03	+9.943e+03	+0.321
52.000	+8.523e+03	+3.534e+03	+1.057e+04	+0.293
52.100	+8.221e+03	+4.148e+03	+8.485e+03	+0.335
52.200	+1.653e+03	+8.100e+03	+9.634e+03	+0.831
52.300	+4.090e+03	+7.512e+03	+9.648e+03	+0.647
52.400	+3.179e+03	+5.987e+03	+7.977e+03	+0.653
52.500	+7.336e+03	+3.275e+03	+1.037e+04	+0.309
52.600	+7.166e+03	+2.297e+03	+1.116e+04	+0.243
52.700	+7.688e+03	+3.677e+03	+9.875e+03	+0.324
52.800	+6.824e+03	+3.309e+03	+1.034e+04	+0.327
52.900	+6.880e+03	+3.786e+03	+1.137e+04	+0.355
53.000	+7.236e+03	+8.077e+02	+1.099e+04	+0.100
53.100	+7.159e+03	+2.753e+03	+8.177e+03	+0.278
53.200	+6.677e+03	+3.344e+03	+1.112e+04	+0.334
53.300	+6.627e+03	+3.188e+03	+8.530e+03	+0.325
53.400	+8.638e+03	+3.159e+03	+1.050e+04	+0.268
53.500	+4.762e+03	+5.447e+03	+1.027e+04	+0.534
53.600	+3.297e+03	+7.692e+03	+1.058e+04	+0.700
53.700	+2.638e+03	+5.063e+03	+8.939e+03	+0.657
53.800	+2.385e+03	+7.270e+03	+8.874e+03	+0.753
53.900	+2.878e+03	+7.847e+03	+1.164e+04	+0.732
54.000	+2.138e+03	+6.665e+03	+9.583e+03	+0.757
54.100	+3.229e+03	+8.218e+03	+9.920e+03	+0.718
54.200	+3.683e+03	+7.055e+03	+9.852e+03	+0.657
54.300	+2.464e+03	+7.653e+03	+1.055e+04	+0.756
54.400	+2.198e+03	+6.357e+03	+1.120e+04	+0.743
54.500	+4.033e+03	+7.346e+03	+1.173e+04	+0.646
54.600	+3.814e+03	+6.951e+03	+1.031e+04	+0.646
54.700	+2.893e+03	+6.815e+03	+1.041e+04	+0.702
54.800	+1.603e+03	+5.619e+03	+1.059e+04	+0.778
54.900	+2.648e+03	+7.093e+03	+9.599e+03	+0.728
55.000	+3.837e+03	+6.653e+03	+9.654e+03	+0.634
55.100	+2.918e+03	+5.953e+03	+1.071e+04	+0.671
55.200	+2.383e+03	+8.084e+03	+9.738e+03	+0.772
55.300	+1.035e+03	+7.670e+03	+9.941e+03	+0.881
55.400	+2.129e+03	+7.130e+03	+9.874e+03	+0.770
55.500	+2.348e+03	+7.145e+03	+9.053e+03	+0.753
55.600	+3.445e+03	+7.211e+03	+9.508e+03	+0.677
55.700	+2.070e+03	+7.338e+03	+9.512e+03	+0.780
55.800	+3.600e+03	+5.934e+03	+9.400e+03	+0.622
55.900	+2.862e+03	+6.552e+03	+8.463e+03	+0.696
56.000	+3.902e+03	+6.533e+03	+8.172e+03	+0.626
56.100	+3.080e+03	+7.144e+03	+9.603e+03	+0.699
56.200	+3.475e+03	+5.124e+03	+1.082e+04	+0.596
56.300	+2.209e+03	+7.016e+03	+1.008e+04	+0.761
56.400	+6.700e+03	+4.210e+03	+8.979e+03	+0.386
56.500	+9.054e+03	+2.875e+03	+9.777e+03	+0.241
56.600	+7.897e+03	+2.904e+03	+8.866e+03	+0.269
56.700	+4.913e+03	+6.088e+03	+1.104e+04	+0.553
56.800	+2.563e+03	+5.901e+03	+9.874e+03	+0.697
56.900	+4.386e+03	+5.709e+03	+8.975e+03	+0.566
57.000	+2.617e+03	+8.138e+03	+1.034e+04	+0.757
57.100	+3.193e+03	+7.377e+03	+9.711e+03	+0.698
57.200	+2.101e+03	+6.023e+03	+1.089e+04	+0.741
57.300	+4.046e+03	+6.236e+03	+1.005e+04	+0.606
57.400	+3.733e+03	+7.733e+03	+1.157e+04	+0.674
57.500	+3.306e+03	+7.101e+03	+9.716e+03	+0.682
57.600	+4.879e+03	+4.699e+03	+1.063e+04	+0.491
57.700	+6.659e+03	+3.532e+03	+1.002e+04	+0.347
57.800	+7.348e+03	+3.636e+03	+1.033e+04	+0.331
57.900	+8.341e+03	+3.216e+03	+1.048e+04	+0.278
58.000	+6.092e+03	+2.329e+03	+9.292e+03	+0.277
58.100	+7.592e+03	+2.980e+03	+1.189e+04	+0.282
58.200	+6.594e+03	+2.579e+03	+9.237e+03	+0.281
58.300	+7.404e+03	+2.838e+03	+9.623e+03	+0.277
58.400	+6.835e+03	+3.347e+03	+9.787e+03	+0.329
58.500	+5.766e+03	+2.629e+03	+9.525e+03	+0.313
58.600	+5.554e+03	+4.660e+03	+9.907e+03	+0.456
58.700	+3.668e+03	+6.294e+03	+1.234e+04	+0.632
58.800	+2.010e+03	+7.559e+03	+1.020e+04	+0.790
58.900	+2.579e+03	+7.099e+03	+1.091e+04	+0.733
59.000	+2.536e+03	+5.904e+03	+1.100e+04	+0.700
59.100	+3.458e+03	+7.138e+03	+1.015e+04	+0.674
59.200	+3.169e+03	+7.370e+03	+9.829e+03	+0.699
59.300	+2.760e+03	+6.301e+03	+1.160e+04	+0.695
59.400	+6.714e+03	+4.022e+03	+9.823e+03	+0.375
59.500	+4.906e+03	+6.865e+03	+1.046e+04	+0.583
59.600	+1.573e+03	+6.032e+03	+1.051e+04	+0.793
59.700	+1.722e+03	+7.990e+03	+1.013e+04	+0.823
59.800	+4.497e+03	+6.832e+03	+8.679e+03	+0.603
59.900	+2.745e+03	+5.661e+03	+9.505e+03	+0.673
60.000	+2.444e+03	+5.058e+03	+9.014e+03	+0.674
60.100	+3.256e+03	+7.288e+03	+1.112e+04	+0.691
60.200	+2.454e+03	+6.471e+03	+9.399e+03	+0.725
60.300	+2.107e+03	+7.969e+03	+1.010e+04	+0.791
60.400	+2.393e+03	+7.061e+03	+9.402e+03	+0.747
60.500	+3.493e+03	+7.088e+03	+1.039e+04	+0.670
60.600	+4.170e+03	+7.559e+03	+1.048e+04	+0.644
60.700	+3.216e+03	+7.016e+03	+1.059e+04	+0.686
60.800	+4.676e+03	+6.475e+03	+9.188e+03	+0.581
60.900	+3.404e+03	+6.643e+03	+1.056e+04	+0.661
61.000	+6.260e+03	+3.011e+03	+1.008e+04	+0.325
61.100	+5.749e+03	+4.672e+03	+9.252e+03	+0.448
61.200	+2.523e+03	+7.407e+03	+1.057e+04	+0.746
61.300	+2.159e+03	+7.759e+03	+1.034e+04	+0.782
61.400	+2.476e+03	+7.090e+03	+8.584e+03	+0.741
61.500	+4.473e+03	+6.737e+03	+9.312e+03	+0.601
61.600	+2.648e+03	+7.286e+03	+8.978e+03	+0.733
61.700	+4.126e+03	+7.332e+03	+1.111e+04	+0.640
61.800	+3.456e+03	+7.640e+03	+9.605e+03	+0.689
61.900	+7.134e+03	+3.246e+03	+8.576e+03	+0.313
62.000	+7.171e+03	+1.883e+03	+1.087e+04	+0.208
62.100	+8.255e+03	+2.158e+03	+9.778e+03	+0.207
62.200	+7.496e+03	+3.373e+03	+8.305e+03	+0.310
62.300	+7.056e+03	+3.728e+03	+8.958e+03	+0.346
62.400	+7.181e+03	+3.545e+03	+1.103e+04	+0.330
62.500	+6.766e+03	+2.233e+03	+1.062e+04	+0.248
62.600	+6.721e+03	+3.189e+03	+1.046e+04	+0.322
62.700	+6.901e+03	+1.444e+03	+9.193e+03	+0.173
62.800	+6.510e+03	+2.731e+03	+9.072e+03	+0.296
62.900	+6.055e+03	+3.634e+03	+8.598e+03	+0.375
63.000	+7.569e+03	+3.120e+03	+1.041e+04	+0.292
63.100	+6.743e+03	+1.553e+03	+8.120e+03	+0.187
63.200	+6.625e+03	+1.681e+03	+1.006e+04	+0.202
63.300	+7.144e+03	+4.608e+03	+1.056e+04	+0.392
63.400	+6.986e+03	+2.152e+03	+1.085e+04	+0.236
63.500	+7.395e+03	+3.941e+03	+1.011e+04	+0.348
63.600	+4.000e+03	+7.420e+03	+8.744e+03	+0.650
63.700	+4.138e+03	+8.539e+03	+1.011e+04	+0.674
63.800	+3.246e+03	+7.457e+03	+1.028e+04	+0.697
63.900	+3.635e+03	+6.965e+03	+1.007e+04	+0.657
64.000	+3.070e+03	+6.169e+03	+9.705e+03	+0.668
64.100	+3.803e+03	+6.478e+03	+8.991e+03	+0.630
64.200	+3.348e+03	+7.364e+03	+1.042e+04	+0.687
64.300	+1.481e+03	+8.820e+03	+1.022e+04	+0.856
64.400	+3.184e+03	+6.114e+03	+9.666e+03	+0.658
64.500	+3.241e+03	+8.656e+03	+8.323e+03	+0.728
64.600	+2.239e+03	+7.860e+03	+1.097e+04	+0.778
64.700	+4.943e+03	+6.429e+03	+1.090e+04	+0.565
64.800	+2.987e+03	+7.565e+03	+1.120e+04	+0.717
64.900	+3.277e+03	+5.955e+03	+9.195e+03	+0.645
65.000	+2.606e+03	+7.245e+03	+1.017e+04	+0.735
65.100	+3.087e+03	+6.844e+03	+1.019e+04	+0.689
65.200	+1.384e+03	+6.951e+03	+1.123e+04	+0.834
65.300	+1.858e+03	+6.112e+03	+1.038e+04	+0.767
65.400	+2.477e+03	+6.994e+03	+9.902e+03	+0.738
65.500	+1.339e+03	+5.385e+03	+1.042e+04	+0.801
65.600	+2.399e+03	+7.008e+03	+1.171e+04	+0.745
65.700	+3.298e+03	+7.913e+03	+1.005e+04	+0.706
65.800	+2.755e+03	+5.636e+03	+1.121e+04	+0.672
65.900	+5.678e+03	+4.707e+03	+9.799e+03	+0.453
66.000	+6.075e+03	+2.543e+03	+9.703e+03	+0.295
66.100	+7.161e+03	+4.071e+03	+9.780e+03	+0.362
66.200	+8.392e+03	+3.621e+03	+9.950e+03	+0.301
66.300	+7.565e+03	+3.407e+03	+9.242e+03	+0.310
66.400	+6.147e+03	+3.655e+03	+9.497e+03	+0.373
66.500	+8.942e+03	+2.590e+03	+8.617e+03	+0.225
66.600	+6.258e+03	+4.959e+03	+1.068e+04	+0.442
66.700	+2.049e+03	+5.250e+03	+9.983e+03	+0.719
66.800	+4.475e+03	+7.713e+03	+9.302e+03	+0.633
66.900	+2.282e+03	+5.863e+03	+1.026e+04	+0.720
67.000	+3.439e+03	+7.767e+03	+1.132e+04	+0.693
67.100	+3.653e+03	+7.148e+03	+1.138e+04	+0.662
67.200	+3.023e+03	+7.824e+03	+1.030e+04	+0.721
67.300	+2.406e+03	+8.204e+03	+1.137e+04	+0.773
67.400	+3.012e+03	+6.801e+03	+1.085e+04	+0.693
67.500	+4.273e+03	+6.956e+03	+9.961e+03	+0.619
67.600	+2.461e+03	+7.482e+03	+1.096e+04	+0.752
67.700	+2.393e+03	+5.189e+03	+9.534e+03	+0.684
67.800	+4.677e+03	+7.415e+03	+9.192e+03	+0.613
67.900	+6.840e+03	+2.299e+03	+9.415e+03	+0.252
68.000	+5.662e+03	+3.341e+03	+8.561e+03	+0.371
68.100	+5.915e+03	+3.604e+03	+1.052e+04	+0.379
68.200	+7.995e+03	+2.251e+03	+1.008e+04	+0.220
68.300	+5.871e+03	+2.308e+03	+1.098e+04	+0.282
68.400	+6.370e+03	+2.967e+03	+9.414e+03	+0.318
68.500	+5.728e+03	+2.578e+03	+1.011e+04	+0.310
68.600	+6.634e+03	+2.656e+03	+9.306e+03	+0.286
68.700	+7.649e+03	+2.542e+03	+9.235e+03	+0.249
68.800	+5.852e+03	+2.287e+03	+9.783e+03	+0.281
68.900	+6.255e+03	+2.214e+03	+9.155e+03	+0.261
69.000	+8.243e+03	+2.623e+03	+1.096e+04	+0.241
69.100	+6.632e+03	+3.021e+03	+9.385e+03	+0.313
69.200	+4.281e+03	+3.342e+03	+1.079e+04	+0.438
69.300	+5.589e+03	+3.253e+03	+1.073e+04	+0.368
69.400	+6.115e+03	+2.540e+03	+9.232e+03	+0.293
69.500	+8.172e+03	+4.001e+03	+1.027e+04	+0.329
69.600	+3.658e+03	+6.850e+03	+8.940e+03	+0.652
69.700	+2.909e+03	+7.090e+03	+1.041e+04	+0.709
69.800	+3.450e+03	+6.798e+03	+1.084e+04	+0.663
69.900	+4.150e+03	+6.056e+03	+9.748e+03	+0.593
70.000	+3.547e+03	+6.906e+03	+9.559e+03	+0.661
70.100	+3.664e+03	+7.141e+03	+9.352e+03	+0.661
70.200	+3.663e+03	+6.349e+03	+1.035e+04	+0.634
70.300	+3.076e+03	+6.242e+03	+1.087e+04	+0.670
70.400	+4.449e+03	+7.012e+03	+1.010e+04	+0.612
70.500	+3.835e+03	+5.076e+03	+1.016e+04	+0.570
70.600	+2.419e+03	+6.589e+03	+9.294e+03	+0.731
70.700	+2.311e+03	+7.476e+03	+9.115e+03	+0.764
70.800	+5.670e+03	+2.900e+03	+1.008e+04	+0.338
70.900	+7.051e+03	+2.900e+03	+9.173e+03	+0.291
71.000	+9.216e+03	+4.167e+03	+1.093e+04	+0.311
71.100	+4.166e+03	+6.114e+03	+9.342e+03	+0.595
71.200	+3.068e+03	+9.378e+03	+9.224e+03	+0.754
71.300	+1.840e+03	+5.957e+03	+9.067e+03	+0.764
71.400	+5.138e+03	+8.800e+03	+8.934e+03	+0.631
71.500	+2.967e+03	+6.700e+03	+1.063e+04	+0.693
71.600	+2.861e+03	+7.789e+03	+1.059e+04	+0.731
71.700	+2.362e+03	+6.135e+03	+9.612e+03	+0.722
71.800	+3.114e+03	+7.307e+03	+9.853e+03	+0.701
71.900	+3.592e+03	+6.539e+03	+9.194e+03	+0.645
72.000	+3.686e+03	+5.896e+03	+1.028e+04	+0.615
72.100	+6.348e+03	+3.325e+03	+1.003e+04	+0.344
72.200	+6.249e+03	+1.846e+03	+1.038e+04	+0.228
72.300	+7.058e+03	+2.494e+03	+9.443e+03	+0.261
72.400	+5.811e+03	+3.422e+03	+8.793e+03	+0.371
72.500	+8.248e+03	+2.225e+03	+1.002e+04	+0.212
72.600	+7.212e+03	+3.157e+03	+1.039e+04	+0.304
72.700	+6.091e+03	+3.701e+03	+9.417e+03	+0.378
72.800	+2.261e+03	+7.450e+03	+1.102e+04	+0.767
72.900	+2.823e+03	+6.981e+03	+8.206e+03	+0.712
73.000	+3.707e+03	+6.824e+03	+8.602e+03	+0.648
73.100	+1.455e+03	+7.412e+03	+1.139e+04	+0.836
73.200	+2.455e+03	+6.175e+03	+1.028e+04	+0.716
73.300	+2.969e+03	+6.252e+03	+9.334e+03	+0.678
73.400	+5.751e+03	+5.432e+03	+9.715e+03	+0.486
73.500	+5.160e+03	+6.253e+03	+9.694e+03	+0.548
73.600	+3.284e+03	+5.782e+03	+9.003e+03	+0.638
73.700	+4.425e+03	+7.341e+03	+9.765e+03	+0.624
73.800	+2.508e+03	+8.186e+03	+1.043e+04	+0.765
73.900	+1.123e+03	+6.721e+03	+1.078e+04	+0.857
74.000	+2.817e+03	+7.406e+03	+1.135e+04	+0.724
74.100	+5.621e+03	+5.922e+03	+9.641e+03	+0.513
74.200	+8.190e+03	+1.838e+03	+1.018e+04	+0.183
74.300	+7.861e+03	+1.590e+03	+9.347e+03	+0.168
74.400	+6.579e+03	+1.734e+03	+8.253e+03	+0.209
74.500	+6.627e+03	+2.765e+03	+1.154e+04	+0.294
74.600	+6.655e+03	+2.903e+03	+9.262e+03	+0.304
74.700	+5.545e+03	+2.688e+03	+1.055e+04	+0.326
74.800	+3.722e+03	+7.016e+03	+9.969e+03	+0.653
74.900	+4.039e+03	+5.510e+03	+1.055e+04	+0.577
75.000	+2.443e+03	+7.408e+03	+1.091e+04	+0.752
75.100	+4.290e+03	+7.157e+03	+1.000e+04	+0.625
75.200	+3.442e+03	+7.689e+03	+1.027e+04	+0.691
75.300	+2.831e+03	+6.405e+03	+9.305e+03	+0.693
75.400	+3.569e+03	+7.758e+03	+9.321e+03	+0.685
75.500	+4.103e+03	+7.792e+03	+9.892e+03	+0.655
75.600	+3.086e+03	+6.352e+03	+9.719e+03	+0.673
75.700	+2.571e+03	+5.557e+03	+8.542e+03	+0.684
75.800	+4.623e+03	+5.199e+03	+1.042e+04	+0.529
75.900	+6.916e+03	+2.053e+03	+1.089e+04	+0.229
76.000	+6.793e+03	+2.776e+03	+9.965e+03	+0.290
76.100	+6.189e+03	+2.791e+03	+9.583e+03	+0.311
76.200	+6.190e+03	+2.447e+03	+1.068e+04	+0.283
76.300	+8.624e+03	+2.361e+03	+8.141e+03	+0.215
76.400	+6.236e+03	+3.569e+03	+1.041e+04	+0.364
76.500	+3.533e+03	+8.154e+03	+1.039e+04	+0.698
76.600	+2.950e+03	+6.663e+03	+1.000e+04	+0.693
76.700	+2.804e+03	+6.001e+03	+9.090e+03	+0.682
76.800	+3.710e+03	+7.717e+03	+1.007e+04	+0.675
76.900	+3.766e+03	+6.055e+03	+1.093e+04	+0.617
77.000	+6.685e+03	+3.015e+03	+1.168e+04	+0.311
77.100	+6.331e+03	+2.967e+03	+9.850e+03	+0.319
77.200	+7.110e+03	+2.737e+03	+1.044e+04	+0.278
77.300	+7.142e+03	+2.564e+03	+1.063e+04	+0.264
77.400	+6.310e+03	+3.191e+03	+9.007e+03	+0.336
77.500	+6.138e+03	+4.564e+03	+9.173e+03	+0.426
77.600	+7.495e+03	+2.039e+03	+9.530e+03	+0.214
77.700	+5.773e+03	+2.643e+03	+8.810e+03	+0.314
77.800	+8.679e+03	+2.673e+03	+9.327e+03	+0.236
77.900	+6.357e+03	+3.077e+03	+9.990e+03	+0.326
78.000	+3.103e+03	+7.076e+03	+9.964e+03	+0.695
78.100	+3.564e+03	+5.350e+03	+9.843e+03	+0.600
78.200	+5.196e+03	+4.932e+03	+1.024e+04	+0.487
78.300	+7.081e+03	+2.544e+03	+1.112e+04	+0.264
78.400	+7.282e+03	+3.169e+03	+1.155e+04	+0.303
78.500	+7.203e+03	+2.083e+03	+1.058e+04	+0.224
78.600	+7.187e+03	+3.276e+03	+9.577e+03	+0.313
78.700	+6.867e+03	+5.049e+03	+1.017e+04	+0.424
78.800	+7.239e+03	+2.998e+03	+1.081e+04	+0.293
78.900	+7.635e+03	+3.955e+03	+1.053e+04	+0.341
79.000	+6.200e+03	+3.438e+03	+8.719e+03	+0.357
79.100	+7.032e+03	+2.991e+03	+9.839e+03	+0.298
79.200	+2.492e+03	+7.408e+03	+9.300e+03	+0.748
79.300	+5.411e+03	+5.603e+03	+1.133e+04	+0.509
79.400	+4.693e+03	+4.791e+03	+9.461e+03	+0.505
79.500	+6.339e+03	+4.714e+03	+1.153e+04	+0.427
79.600	+6.059e+03	+3.169e+03	+1.070e+04	+0.343
79.700	+6.676e+03	+3.725e+03	+1.105e+04	+0.358
79.800	+8.049e+03	+2.602e+03	+8.460e+03	+0.244
79.900	+5.802e+03	+4.098e+03	+9.843e+03	+0.414
80.000	+7.716e+03	+4.608e+03	+1.022e+04	+0.374
80.100	+7.141e+03	+4.630e+03	+1.122e+04	+0.393
80.200	+4.181e+03	+5.303e+03	+9.599e+03	+0.559
80.300	+3.881e+03	+7.014e+03	+9.519e+03	+0.644
80.400	+2.391e+03	+5.681e+03	+1.075e+04	+0.704
80.500	+3.284e+03	+6.886e+03	+1.045e+04	+0.677
80.600	+3.799e+03	+7.697e+03	+9.333e+03	+0.670
80.700	+1.841e+03	+5.261e+03	+9.765e+03	+0.741
80.800	+2.421e+03	+6.960e+03	+1.032e+04	+0.742
80.900	+3.407e+03	+7.197e+03	+9.595e+03	+0.679
81.000	+2.768e+03	+6.723e+03	+8.898e+03	+0.708
81.100	+3.976e+03	+6.776e+03	+1.026e+04	+0.630
81.200	+2.805e+03	+6.825e+03	+8.816e+03	+0.709
81.300	+1.298e+03	+6.585e+03	+1.045e+04	+0.835
81.400	+4.195e+03	+7.973e+03	+8.819e+03	+0.655
81.500	+4.184e+03	+5.852e+03	+9.418e+03	+0.583
81.600	+2.409e+03	+6.323e+03	+1.001e+04	+0.724
81.700	+2.676e+03	+7.931e+03	+8.497e+03	+0.748
81.800	+2.826e+03	+6.869e+03	+1.008e+04	+0.709
81.900	+5.876e+03	+4.968e+03	+1.005e+04	+0.458
82.000	+7.320e+03	+2.469e+03	+1.038e+04	+0.252
82.100	+3.670e+03	+7.247e+03	+1.054e+04	+0.664
82.200	+4.365e+03	+6.510e+03	+9.112e+03	+0.599
82.300	+3.441e+03	+7.417e+03	+9.582e+03	+0.683
82.400	+3.667e+03	+6.562e+03	+9.521e+03	+0.641
82.500	+3.166e+03	+6.846e+03	+1.053e+04	+0.684
82.600	+3.010e+03	+6.063e+03	+1.080e+04	+0.668
82.700	+4.033e+03	+6.624e+03	+9.254e+03	+0.622
82.800	+1.652e+03	+6.339e+03	+9.364e+03	+0.793
82.900	+2.472e+03	+5.926e+03	+9.588e+03	+0.706
83.000	+2.622e+03	+8.287e+03	+8.821e+03	+0.760
83.100	+3.479e+03	+7.712e+03	+1.048e+04	+0.689
83.200	+3.100e+03	+6.425e+03	+9.665e+03	+0.675
83.300	+4.465e+03	+7.428e+03	+9.650e+03	+0.625
83.400	+3.245e+03	+6.425e+03	+8.916e+03	+0.664
83.500	+4.591e+03	+4.875e+03	+1.112e+04	+0.515
83.600	+7.568e+03	+4.688e+03	+1.055e+04	+0.383
83.700	+6.173e+03	+2.860e+03	+8.208e+03	+0.317
83.800	+6.842e+03	+1.978e+03	+9.132e+03	+0.224
83.900	+4.503e+03	+4.540e+03	+1.021e+04	+0.502
84.000	+1.973e+03	+6.475e+03	+1.034e+04	+0.766
84.100	+3.195e+03	+7.696e+03	+9.874e+03	+0.707
84.200	+4.313e+03	+4.929e+03	+1.009e+04	+0.533
84.300	+6.695e+03	+3.930e+03	+9.668e+03	+0.370
84.400	+5.800e+03	+2.850e+03	+1.006e+04	+0.329
84.500	+6.994e+03	+2.401e+03	+1.028e+04	+0.256
84.600	+7.111e+03	+3.917e+03	+1.071e+04	+0.355
84.700	+1.535e+03	+6.965e+03	+1.058e+04	+0.819
84.800	+5.437e+03	+2.803e+03	+1.005e+04	+0.340
84.900	+6.044e+03	+2.684e+03	+9.617e+03	+0.308
85.000	+6.416e+03	+3.436e+03	+9.835e+03	+0.349
85.100	+6.985e+03	+3.454e+03	+9.720e+03	+0.331
85.200	+7.470e+03	+2.409e+03	+9.775e+03	+0.244
85.300	+6.637e+03	+2.301e+03	+8.997e+03	+0.257
85.400	+7.580e+03	+2.032e+03	+9.202e+03	+0.211
85.500	+6.690e+03	+2.457e+03	+9.065e+03	+0.269
85.600	+6.200e+03	+1.988e+03	+8.856e+03	+0.243
85.700	+7.123e+03	+1.970e+03	+9.665e+03	+0.217
85.800	+6.892e+03	+2.404e+03	+9.238e+03	+0.259
85.900	+7.168e+03	+3.230e+03	+8.243e+03	+0.311
86.000	+6.028e+03	+4.170e+03	+9.247e+03	+0.409
86.100	+7.492e+03	+3.356e+03	+9.673e+03	+0.309
86.200	+6.231e+03	+4.826e+03	+1.024e+04	+0.436
86.300	+6.230e+03	+3.171e+03	+9.705e+03	+0.337
86.400	+6.441e+03	+2.101e+03	+1.038e+04	+0.246
86.500	+7.167e+03	+2.205e+03	+1.032e+04	+0.235
86.600	+7.594e+03	+4.957e+03	+9.569e+03	+0.395
86.700	+6.301e+03	+3.377e+03	+9.284e+03	+0.349
86.800	+7.171e+03	+3.598e+03	+1.047e+04	+0.334
