%t (s)	Idd (a.u.)	Ida (a.u.)	Iaa (a.u.)	FRET E
0.000	+2.887e+03	+8.032e+03	+1.033e+04	+0.736
0.100	+2.959e+03	+6.678e+03	+9.258e+03	+0.693
0.200	+2.821e+03	+7.319e+03	+1.153e+04	+0.722
0.300	+3.243e+03	+6.910e+03	+1.036e+04	+0.681
0.400	+4.082e+03	+7.645e+03	+9.291e+03	+0.652
0.500	+3.807e+03	+7.724e+03	+9.684e+03	+0.670
0.600	+4.172e+03	+7.432e+03	+8.847e+03	+0.640
0.700	+3.642e+03	+7.176e+03	+8.218e+03	+0.663
0.800	+3.419e+03	+7.441e+03	+9.714e+03	+0.685
0.900	+3.287e+03	+5.636e+03	+9.820e+03	+0.632
1.000	+4.709e+03	+6.681e+03	+8.453e+03	+0.587
1.100	+3.802e+03	+7.453e+03	+1.012e+04	+0.662
1.200	+2.779e+03	+6.615e+03	+1.022e+04	+0.704
1.300	+3.754e+03	+6.723e+03	+1.006e+04	+0.642
1.400	+1.754e+03	+7.079e+03	+9.185e+03	+0.801
1.500	+4.060e+03	+6.212e+03	+1.068e+04	+0.605
1.600	+3.304e+03	+7.237e+03	+9.177e+03	+0.687
1.700	+3.664e+03	+7.182e+03	+9.227e+03	+0.662
1.800	+1.705e+03	+7.520e+03	+1.081e+04	+0.815
1.900	+1.435e+03	+6.105e+03	+1.028e+04	+0.810
2.000	+1.449e+03	+7.584e+03	+1.081e+04	+0.840
2.100	+3.295e+03	+9.339e+03	+8.569e+03	+0.739
2.200	+3.215e+03	+7.148e+03	+9.012e+03	+0.690
2.300	+3.102e+03	+7.396e+03	+1.013e+04	+0.705
2.400	+2.813e+03	+7.128e+03	+9.239e+03	+0.717
2.500	+3.250e+03	+7.410e+03	+9.264e+03	+0.695
2.600	+1.890e+03	+6.747e+03	+8.792e+03	+0.781
2.700	+4.179e+03	+7.962e+03	+1.106e+04	+0.656
2.800	+3.287e+03	+5.726e+03	+9.565e+03	+0.635
2.900	+7.484e+03	+2.910e+03	+9.651e+03	+0.280
3.000	+5.376e+03	+2.988e+03	+9.373e+03	+0.357
3.100	+7.055e+03	+4.102e+03	+9.856e+03	+0.368
3.200	+8.034e+03	+2.903e+03	+9.971e+03	+0.265
3.300	+7.581e+03	+3.366e+03	+1.041e+04	+0.307
3.400	+7.499e+03	+3.502e+03	+9.502e+03	+0.318
3.500	+7.256e+03	+2.889e+03	+9.568e+03	+0.285
3.600	+8.176e+03	+4.208e+03	+7.857e+03	+0.340
3.700	+6.346e+03	+2.408e+03	+9.850e+03	+0.275
3.800	+5.350e+03	+1.697e+03	+9.547e+03	+0.241
3.900	+5.947e+03	+2.750e+03	+9.840e+03	+0.316
4.000	+7.388e+03	+3.054e+03	+8.553e+03	+0.292
4.100	+7.439e+03	+3.573e+03	+1.044e+04	+0.324
4.200	+2.885e+03	+6.792e+03	+1.077e+04	+0.702
4.300	+3.209e+03	+7.739e+03	+9.168e+03	+0.707
4.400	+3.830e+03	+8.101e+03	+9.994e+03	+0.679
4.500	+2.385e+03	+6.537e+03	+9.545e+03	+0.733
4.600	+2.912e+03	+7.902e+03	+1.132e+04	+0.731
4.700	+2.237e+03	+6.442e+03	+9.401e+03	+0.742
4.800	+3.360e+03	+8.027e+03	+1.061e+04	+0.705
4.900	+1.298e+03	+8.351e+03	+9.451e+03	+0.866
5.000	+3.942e+03	+7.581e+03	+1.000e+04	+0.658
5.100	+3.874e+03	+6.880e+03	+9.841e+03	+0.640
5.200	+3.200e+03	+8.325e+03	+9.377e+03	+0.722
5.300	+2.468e+03	+6.453e+03	+9.362e+03	+0.723
5.400	+2.714e+03	+6.431e+03	+9.410e+03	+0.703
5.500	+2.508e+03	+6.711e+03	+1.072e+04	+0.728
5.600	+2.626e+03	+7.560e+03	+1.121e+04	+0.742
5.700	+3.594e+03	+6.768e+03	+1.023e+04	+0.653
5.800	+3.182e+03	+7.233e+03	+9.813e+03	+0.694
5.900	+5.878e+03	+2.567e+03	+1.082e+04	+0.304
6.000	+8.097e+03	+2.191e+03	+9.637e+03	+0.213
6.100	+8.026e+03	+2.346e+03	+1.081e+04	+0.226
6.200	+7.729e+03	+2.315e+03	+1.043e+04	+0.231
6.300	+6.820e+03	+3.647e+03	+9.850e+03	+0.348
6.400	+6.901e+03	+3.918e+03	+9.795e+03	+0.362
6.500	+6.763e+03	+1.865e+03	+9.838e+03	+0.216
6.600	+7.109e+03	+2.906e+03	+9.869e+03	+0.290
6.700	+7.315e+03	+4.696e+03	+1.082e+04	+0.391
6.800	+6.574e+03	+1.853e+03	+9.853e+03	+0.220
6.900	+8.340e+03	+1.939e+03	+1.027e+04	+0.189
7.000	+7.465e+03	+2.486e+03	+1.043e+04	+0.250
7.100	+5.358e+03	+3.013e+03	+9.761e+03	+0.360
7.200	+7.521e+03	+3.741e+03	+1.177e+04	+0.332
7.300	+7.583e+03	+3.750e+03	+1.088e+04	+0.331
7.400	+6.483e+03	+2.780e+03	+9.728e+03	+0.300
7.500	+6.079e+03	+2.057e+03	+8.784e+03	+0.253
7.600	+5.664e+03	+2.834e+03	+1.018e+04	+0.333
7.700	+5.324e+03	+3.137e+03	+9.276e+03	+0.371
7.800	+6.783e+03	+2.670e+03	+9.876e+03	+0.282
7.900	+5.354e+03	+2.314e+03	+1.014e+04	+0.302
8.000	+6.889e+03	+2.514e+03	+1.099e+04	+0.267
8.100	+7.775e+03	+4.010e+03	+1.056e+04	+0.340
8.200	+6.977e+03	+3.802e+03	+8.188e+03	+0.353
8.300	+6.730e+03	+2.829e+03	+9.320e+03	+0.296
8.400	+7.581e+03	+3.362e+03	+9.505e+03	+0.307
8.500	+6.426e+03	+4.019e+03	+1.251e+04	+0.385
8.600	+7.292e+03	+2.878e+03	+9.224e+03	+0.283
8.700	+7.249e+03	+9.428e+02	+9.840e+03	+0.115
8.800	+7.739e+03	+4.875e+03	+1.152e+04	+0.386
8.900	+6.714e+03	+3.326e+03	+8.883e+03	+0.331
9.000	+3.374e+03	+7.775e+03	+8.106e+03	+0.697
9.100	+3.467e+03	+7.390e+03	+9.135e+03	+0.681
9.200	+2.906e+03	+5.837e+03	+1.000e+04	+0.668
9.300	+2.329e+03	+6.145e+03	+8.680e+03	+0.725
9.400	+3.167e+03	+7.343e+03	+8.572e+03	+0.699
9.500	+2.358e+03	+7.180e+03	+9.828e+03	+0.753
9.600	+2.680e+03	+6.878e+03	+1.154e+04	+0.720
9.700	+3.908e+03	+7.282e+03	+9.574e+03	+0.651
9.800	+3.519e+03	+6.900e+03	+1.065e+04	+0.662
9.900	+2.378e+03	+8.444e+03	+9.480e+03	+0.780
10.000	+2.512e+03	+5.657e+03	+9.920e+03	+0.692
10.100	+4.870e+03	+7.138e+03	+9.661e+03	+0.594
10.200	+4.526e+03	+7.235e+03	+1.109e+04	+0.615
10.300	+2.198e+03	+7.309e+03	+9.806e+03	+0.769
10.400	+3.061e+03	+5.726e+03	+9.578e+03	+0.652
10.500	+2.665e+03	+6.841e+03	+9.927e+03	+0.720
10.600	+3.349e+03	+7.562e+03	+9.821e+03	+0.693
10.700	+4.180e+03	+6.210e+03	+1.063e+04	+0.598
10.800	+3.519e+03	+7.557e+03	+1.087e+04	+0.682
10.900	+6.420e+03	+5.008e+03	+9.559e+03	+0.438
11.000	+7.702e+03	+2.707e+03	+9.534e+03	+0.260
11.100	+8.460e+03	+2.052e+03	+1.078e+04	+0.195
11.200	+6.596e+03	+3.155e+03	+9.695e+03	+0.324
11.300	+7.466e+03	+3.758e+03	+9.871e+03	+0.335
11.400	+7.583e+03	+1.512e+03	+9.812e+03	+0.166
11.500	+7.098e+03	+3.645e+03	+1.116e+04	+0.339
11.600	+7.245e+03	+3.030e+03	+1.015e+04	+0.295
11.700	+7.445e+03	+2.441e+03	+1.013e+04	+0.247
11.800	+5.168e+03	+3.209e+03	+1.013e+04	+0.383
11.900	+3.097e+03	+6.238e+03	+9.641e+03	+0.668
12.000	+2.900e+03	+7.170e+03	+9.385e+03	+0.712
12.100	+2.956e+03	+6.217e+03	+1.136e+04	+0.678
12.200	+3.663e+03	+7.186e+03	+1.012e+04	+0.662
12.300	+2.750e+03	+7.206e+03	+1.048e+04	+0.724
12.400	+2.782e+03	+8.116e+03	+1.049e+04	+0.745
12.500	+4.300e+03	+6.379e+03	+1.137e+04	+0.597
12.600	+3.410e+03	+8.354e+03	+1.057e+04	+0.710
12.700	+2.914e+03	+7.037e+03	+8.811e+03	+0.707
12.800	+2.780e+03	+9.041e+03	+9.179e+03	+0.765
12.900	+2.535e+03	+6.134e+03	+9.752e+03	+0.708
13.000	+4.291e+03	+7.290e+03	+9.064e+03	+0.629
13.100	+4.087e+03	+8.176e+03	+1.088e+04	+0.667
13.200	+4.010e+03	+7.180e+03	+8.383e+03	+0.642
13.300	+1.910e+03	+5.204e+03	+8.754e+03	+0.732
13.400	+4.919e+03	+5.668e+03	+9.880e+03	+0.535
13.500	+7.068e+03	+1.323e+03	+1.087e+04	+0.158
13.600	+5.926e+03	+2.829e+03	+9.338e+03	+0.323
13.700	+6.609e+03	+3.562e+03	+9.929e+03	+0.350
13.800	+3.525e+03	+6.068e+03	+1.132e+04	+0.633
13.900	+3.111e+03	+7.730e+03	+9.728e+03	+0.713
14.000	+2.809e+03	+6.151e+03	+9.983e+03	+0.686
14.100	+2.948e+03	+5.806e+03	+1.027e+04	+0.663
14.200	+2.343e+03	+7.222e+03	+9.819e+03	+0.755
14.300	+4.007e+03	+7.376e+03	+1.054e+04	+0.648
14.400	+2.650e+03	+6.179e+03	+8.949e+03	+0.700
14.500	+3.026e+03	+7.720e+03	+9.654e+03	+0.718
14.600	+3.493e+03	+6.909e+03	+9.390e+03	+0.664
14.700	+1.906e+03	+6.295e+03	+9.619e+03	+0.768
14.800	+3.730e+03	+7.168e+03	+1.109e+04	+0.658
14.900	+3.373e+03	+6.231e+03	+9.053e+03	+0.649
15.000	+3.672e+03	+7.275e+03	+1.021e+04	+0.665
15.100	+2.836e+03	+8.148e+03	+9.282e+03	+0.742
15.200	+3.342e+03	+6.111e+03	+1.148e+04	+0.646
15.300	+4.203e+03	+6.076e+03	+1.102e+04	+0.591
15.400	+4.223e+03	+6.624e+03	+9.697e+03	+0.611
15.500	+2.817e+03	+6.288e+03	+9.888e+03	+0.691
15.600	+2.570e+03	+7.315e+03	+1.064e+04	+0.740
15.700	+2.851e+03	+5.760e+03	+1.046e+04	+0.669
15.800	+2.869e+03	+6.062e+03	+9.090e+03	+0.679
15.900	+2.162e+03	+6.353e+03	+9.595e+03	+0.746
16.000	+3.668e+03	+5.321e+03	+9.847e+03	+0.592
16.100	+3.901e+03	+6.114e+03	+1.058e+04	+0.610
16.200	+2.510e+03	+6.648e+03	+1.035e+04	+0.726
16.300	+3.072e+03	+8.437e+03	+1.117e+04	+0.733
16.400	+2.998e+03	+7.388e+03	+1.079e+04	+0.711
16.500	+4.494e+03	+6.628e+03	+1.020e+04	+0.596
16.600	+5.581e+03	+5.151e+03	+1.103e+04	+0.480
16.700	+5.881e+03	+3.241e+03	+1.119e+04	+0.355
16.800	+6.235e+03	+2.912e+03	+8.236e+03	+0.318
16.900	+7.308e+03	+2.407e+03	+9.391e+03	+0.248
17.000	+6.564e+03	+3.202e+03	+1.091e+04	+0.328
17.100	+6.739e+03	+2.146e+03	+1.136e+04	+0.242
17.200	+7.558e+03	+3.139e+03	+1.014e+04	+0.293
17.300	+5.616e+03	+3.671e+03	+1.021e+04	+0.395
17.400	+6.483e+03	+2.300e+03	+9.370e+03	+0.262
17.500	+7.872e+03	+2.185e+03	+1.003e+04	+0.217
17.600	+5.743e+03	+2.729e+03	+1.144e+04	+0.322
17.700	+7.722e+03	+2.386e+03	+1.084e+04	+0.236
17.800	+7.143e+03	+4.476e+03	+1.039e+04	+0.385
17.900	+7.301e+03	+2.484e+03	+8.635e+03	+0.254
18.000	+7.995e+03	+3.428e+03	+1.241e+04	+0.300
18.100	+6.573e+03	+3.246e+03	+1.050e+04	+0.331
18.200	+6.884e+03	+4.318e+03	+9.643e+03	+0.385
18.300	+3.858e+03	+8.144e+03	+1.046e+04	+0.679
18.400	+2.857e+03	+6.784e+03	+9.293e+03	+0.704
18.500	+3.385e+03	+7.089e+03	+1.091e+04	+0.677
18.600	+2.791e+03	+7.570e+03	+1.062e+04	+0.731
18.700	+2.723e+03	+6.478e+03	+1.098e+04	+0.704
18.800	+2.531e+03	+7.195e+03	+1.094e+04	+0.740
18.900	+3.900e+03	+7.640e+03	+1.005e+04	+0.662
19.000	+3.648e+03	+7.019e+03	+9.176e+03	+0.658
19.100	+2.497e+03	+7.480e+03	+1.066e+04	+0.750
19.200	+2.569e+03	+7.471e+03	+1.009e+04	+0.744
19.300	+3.485e+03	+6.635e+03	+9.948e+03	+0.656
19.400	+3.207e+03	+6.132e+03	+1.028e+04	+0.657
19.500	+2.496e+03	+5.872e+03	+1.078e+04	+0.702
19.600	+2.389e+03	+7.915e+03	+9.226e+03	+0.768
19.700	+3.661e+03	+7.515e+03	+1.065e+04	+0.672
19.800	+1.674e+03	+6.772e+03	+1.078e+04	+0.802
19.900	+2.824e+03	+7.738e+03	+9.845e+03	+0.733
20.000	+4.358e+03	+5.990e+03	+9.987e+03	+0.579
20.100	+3.492e+03	+6.710e+03	+9.032e+03	+0.658
20.200	+2.931e+03	+7.442e+03	+9.627e+03	+0.717
20.300	+6.437e+03	+4.243e+03	+9.334e+03	+0.397
20.400	+6.544e+03	+2.466e+03	+9.799e+03	+0.274
20.500	+2.590e+03	+6.224e+03	+9.918e+03	+0.706
20.600	+3.374e+03	+7.354e+03	+9.343e+03	+0.686
20.700	+1.612e+03	+7.391e+03	+1.004e+04	+0.821
20.800	+1.623e+03	+7.514e+03	+9.533e+03	+0.822
20.900	+3.344e+03	+6.187e+03	+1.055e+04	+0.649
21.000	+1.489e+03	+6.321e+03	+8.683e+03	+0.809
21.100	+1.502e+03	+8.894e+03	+1.036e+04	+0.856
21.200	+3.405e+03	+6.095e+03	+1.058e+04	+0.642
21.300	+3.708e+03	+7.957e+03	+1.005e+04	+0.682
21.400	+2.515e+03	+6.135e+03	+1.004e+04	+0.709
21.500	+1.629e+03	+6.024e+03	+1.082e+04	+0.787
21.600	+1.607e+03	+6.843e+03	+1.037e+04	+0.810
21.700	+2.691e+03	+7.559e+03	+1.062e+04	+0.737
21.800	+3.230e+03	+6.466e+03	+1.054e+04	+0.667
21.900	+2.912e+03	+5.597e+03	+9.190e+03	+0.658
22.000	+4.334e+03	+6.471e+03	+1.009e+04	+0.599
22.100	+2.532e+03	+7.542e+03	+1.016e+04	+0.749
22.200	+3.373e+03	+6.627e+03	+9.750e+03	+0.663
22.300	+3.082e+03	+6.907e+03	+1.068e+04	+0.691
22.400	+3.042e+03	+7.868e+03	+9.715e+03	+0.721
22.500	+3.564e+03	+8.151e+03	+1.106e+04	+0.696
22.600	+3.526e+03	+8.598e+03	+9.230e+03	+0.709
22.700	+1.875e+03	+6.730e+03	+9.952e+03	+0.782
22.800	+3.832e+03	+5.862e+03	+9.837e+03	+0.605
22.900	+3.110e+03	+6.658e+03	+1.007e+04	+0.682
23.000	+2.710e+03	+6.933e+03	+1.044e+04	+0.719
23.100	+2.404e+03	+6.732e+03	+8.861e+03	+0.737
23.200	+4.078e+03	+8.645e+03	+1.003e+04	+0.679
23.300	+3.579e+03	+6.596e+03	+1.060e+04	+0.648
23.400	+4.805e+03	+6.328e+03	+9.658e+03	+0.568
23.500	+6.582e+03	+3.032e+03	+1.126e+04	+0.315
23.600	+7.416e+03	+3.575e+03	+1.100e+04	+0.325
23.700	+8.311e+03	+3.216e+03	+9.262e+03	+0.279
23.800	+3.835e+03	+6.461e+03	+1.059e+04	+0.628
23.900	+2.303e+03	+5.972e+03	+1.014e+04	+0.722
24.000	+2.481e+03	+5.697e+03	+1.028e+04	+0.697
24.100	+2.047e+03	+6.957e+03	+1.041e+04	+0.773
24.200	+4.053e+03	+7.866e+03	+9.731e+03	+0.660
24.300	+3.510e+03	+7.565e+03	+9.706e+03	+0.683
24.400	+2.981e+03	+7.644e+03	+1.105e+04	+0.719
24.500	+2.141e+03	+7.264e+03	+8.926e+03	+0.772
24.600	+2.920e+03	+7.722e+03	+8.299e+03	+0.726
24.700	+5.684e+03	+3.175e+03	+9.861e+03	+0.358
24.800	+7.254e+03	+3.045e+03	+9.977e+03	+0.296
24.900	+7.778e+03	+3.264e+03	+9.680e+03	+0.296
25.000	+4.694e+03	+4.396e+03	+1.016e+04	+0.484
25.100	+2.554e+03	+8.235e+03	+9.819e+03	+0.763
25.200	+3.451e+03	+5.220e+03	+9.650e+03	+0.602
25.300	+3.020e+03	+7.828e+03	+1.081e+04	+0.722
25.400	+3.239e+03	+7.543e+03	+1.018e+04	+0.700
25.500	+2.449e+03	+6.845e+03	+1.135e+04	+0.736
25.600	+1.476e+03	+8.283e+03	+9.737e+03	+0.849
25.700	+2.859e+03	+6.226e+03	+1.059e+04	+0.685
25.800	+2.433e+03	+5.729e+03	+1.083e+04	+0.702
25.900	+3.033e+03	+8.626e+03	+1.097e+04	+0.740
26.000	+3.403e+03	+6.547e+03	+9.688e+03	+0.658
26.100	+1.767e+03	+7.553e+03	+9.856e+03	+0.810
26.200	+2.805e+03	+7.808e+03	+9.607e+03	+0.736
26.300	+2.529e+03	+8.029e+03	+1.136e+04	+0.760
26.400	+5.690e+03	+4.183e+03	+9.076e+03	+0.424
26.500	+6.416e+03	+2.001e+03	+1.065e+04	+0.238
26.600	+3.618e+03	+7.033e+03	+1.072e+04	+0.660
26.700	+2.959e+03	+5.205e+03	+1.021e+04	+0.638
26.800	+5.730e+03	+5.284e+03	+9.226e+03	+0.480
26.900	+6.319e+03	+2.743e+03	+9.245e+03	+0.303
27.000	+6.566e+03	+3.122e+03	+1.059e+04	+0.322
27.100	+6.934e+03	+3.967e+03	+9.912e+03	+0.364
27.200	+7.084e+03	+4.921e+03	+1.018e+04	+0.410
27.300	+7.597e+03	+2.615e+03	+9.584e+03	+0.256
27.400	+7.131e+03	+2.536e+03	+1.158e+04	+0.262
27.500	+4.567e+03	+6.187e+03	+9.704e+03	+0.575
27.600	+7.128e+03	+2.368e+03	+1.047e+04	+0.249
27.700	+7.620e+03	+2.347e+03	+9.377e+03	+0.235
27.800	+8.107e+03	+4.737e+03	+1.059e+04	+0.369
27.900	+6.262e+03	+2.127e+03	+1.059e+04	+0.254
28.000	+8.023e+03	+1.378e+03	+9.322e+03	+0.147
28.100	+6.660e+03	+2.379e+03	+8.908e+03	+0.263
28.200	+4.704e+03	+5.185e+03	+9.562e+03	+0.524
28.300	+6.717e+03	+3.601e+03	+9.906e+03	+0.349
28.400	+7.836e+03	+2.471e+03	+9.728e+03	+0.240
28.500	+5.217e+03	+4.667e+03	+9.210e+03	+0.472
28.600	+3.311e+03	+5.371e+03	+8.864e+03	+0.619
28.700	+2.665e+03	+7.499e+03	+9.388e+03	+0.738
28.800	+3.471e+03	+6.990e+03	+9.824e+03	+0.668
28.900	+3.040e+03	+6.832e+03	+8.902e+03	+0.692
29.000	+3.704e+03	+6.071e+03	+9.481e+03	+0.621
29.100	+2.919e+03	+6.590e+03	+1.187e+04	+0.693
29.200	+3.162e+03	+7.810e+03	+1.031e+04	+0.712
29.300	+1.594e+03	+7.170e+03	+1.078e+04	+0.818
29.400	+2.069e+03	+7.262e+03	+9.989e+03	+0.778
29.500	+2.641e+03	+6.736e+03	+8.438e+03	+0.718
29.600	+3.317e+03	+8.488e+03	+9.293e+03	+0.719
29.700	+3.264e+03	+7.206e+03	+1.008e+04	+0.688
29.800	+3.390e+03	+7.519e+03	+1.084e+04	+0.689
29.900	+1.601e+03	+7.426e+03	+1.007e+04	+0.823
30.000	+2.906e+03	+5.974e+03	+9.786e+03	+0.673
30.100	+4.124e+03	+6.661e+03	+1.074e+04	+0.618
30.200	+2.832e+03	+5.295e+03	+1.014e+04	+0.652
30.300	+1.887e+03	+8.222e+03	+1.057e+04	+0.813
30.400	+1.812e+03	+6.623e+03	+1.095e+04	+0.785
30.500	+4.303e+03	+7.497e+03	+9.410e+03	+0.635
30.600	+3.361e+03	+6.030e+03	+9.863e+03	+0.642
30.700	+2.432e+03	+7.066e+03	+1.131e+04	+0.744
30.800	+3.328e+03	+7.110e+03	+1.009e+04	+0.681
30.900	+3.960e+03	+7.075e+03	+1.008e+04	+0.641
31.000	+3.094e+03	+7.075e+03	+8.745e+03	+0.696
31.100	+3.104e+03	+6.130e+03	+9.999e+03	+0.664
31.200	+2.320e+03	+7.155e+03	+9.932e+03	+0.755
31.300	+3.657e+03	+6.665e+03	+1.013e+04	+0.646
31.400	+5.647e+03	+2.994e+03	+9.439e+03	+0.346
31.500	+7.709e+03	+4.903e+03	+1.050e+04	+0.389
31.600	+7.898e+03	+3.214e+03	+1.180e+04	+0.289
31.700	+6.870e+03	+2.973e+03	+9.311e+03	+0.302
31.800	+5.892e+03	+2.908e+03	+9.399e+03	+0.330
31.900	+8.527e+03	+3.537e+03	+9.949e+03	+0.293
32.000	+7.442e+03	+3.088e+03	+9.944e+03	+0.293
32.100	+7.583e+03	+2.786e+03	+1.019e+04	+0.269
32.200	+7.364e+03	+3.560e+03	+9.977e+03	+0.326
32.300	+6.067e+03	+2.190e+03	+1.026e+04	+0.265
32.400	+7.022e+03	+3.268e+03	+1.005e+04	+0.318
32.500	+5.091e+03	+5.261e+03	+9.890e+03	+0.508
32.600	+3.131e+03	+7.704e+03	+1.019e+04	+0.711
32.700	+2.611e+03	+6.513e+03	+9.496e+03	+0.714
32.800	+2.667e+03	+8.526e+03	+1.088e+04	+0.762
32.900	+9.215e+02	+7.950e+03	+1.024e+04	+0.896
33.000	+2.952e+03	+6.414e+03	+1.056e+04	+0.685
33.100	+2.903e+03	+8.150e+03	+1.102e+04	+0.737
33.200	+3.069e+03	+7.753e+03	+9.647e+03	+0.716
33.300	+3.831e+03	+7.295e+03	+1.178e+04	+0.656
33.400	+1.497e+03	+7.441e+03	+1.010e+04	+0.832
33.500	+3.455e+03	+5.301e+03	+9.592e+03	+0.605
33.600	+2.078e+03	+7.778e+03	+1.028e+04	+0.789
33.700	+3.648e+03	+5.808e+03	+1.102e+04	+0.614
33.800	+3.260e+03	+5.921e+03	+1.017e+04	+0.645
33.900	+2.542e+03	+6.841e+03	+9.674e+03	+0.729
34.000	+3.280e+03	+6.052e+03	+1.085e+04	+0.648
34.100	+2.863e+03	+6.229e+03	+9.271e+03	+0.685
34.200	+2.700e+03	+7.011e+03	+9.389e+03	+0.722
34.300	+3.462e+03	+6.810e+03	+1.053e+04	+0.663
34.400	+2.431e+03	+7.976e+03	+8.403e+03	+0.766
34.500	+2.049e+03	+7.295e+03	+9.671e+03	+0.781
34.600	+6.291e+03	+3.890e+03	+1.007e+04	+0.382
34.700	+6.491e+03	+3.250e+03	+9.745e+03	+0.334
34.800	+7.942e+03	+3.004e+03	+1.103e+04	+0.274
34.900	+6.409e+03	+2.765e+03	+1.027e+04	+0.301
35.000	+6.105e+03	+3.839e+03	+9.014e+03	+0.386
35.100	+4.126e+03	+4.809e+03	+1.005e+04	+0.538
35.200	+3.040e+03	+7.437e+03	+8.851e+03	+0.710
35.300	+2.665e+03	+8.447e+03	+9.626e+03	+0.760
35.400	+2.732e+03	+7.874e+03	+1.047e+04	+0.742
35.500	+2.376e+03	+6.449e+03	+1.057e+04	+0.731
35.600	+4.731e+03	+6.588e+03	+9.670e+03	+0.582
35.700	+4.363e+03	+7.255e+03	+1.123e+04	+0.624
35.800	+3.656e+03	+6.887e+03	+1.044e+04	+0.653
35.900	+3.911e+03	+5.685e+03	+9.560e+03	+0.592
36.000	+3.035e+03	+6.714e+03	+1.169e+04	+0.689
36.100	+2.276e+03	+7.811e+03	+1.097e+04	+0.774
36.200	+3.200e+03	+7.225e+03	+1.026e+04	+0.693
36.300	+3.434e+03	+6.824e+03	+9.872e+03	+0.665
36.400	+3.726e+03	+6.079e+03	+9.981e+03	+0.620
36.500	+1.550e+03	+7.575e+03	+9.290e+03	+0.830
36.600	+3.538e+03	+6.791e+03	+9.675e+03	+0.657
36.700	+2.927e+03	+7.313e+03	+1.011e+04	+0.714
36.800	+2.789e+03	+6.918e+03	+9.836e+03	+0.713
36.900	+3.601e+03	+7.367e+03	+9.368e+03	+0.672
37.000	+3.420e+03	+7.267e+03	+9.787e+03	+0.680
37.100	+4.676e+03	+6.314e+03	+1.072e+04	+0.575
37.200	+3.441e+03	+5.917e+03	+9.951e+03	+0.632
37.300	+4.233e+03	+7.700e+03	+9.663e+03	+0.645
37.400	+2.657e+03	+6.878e+03	+9.772e+03	+0.721
37.500	+4.043e+03	+7.496e+03	+1.046e+04	+0.650
37.600	+4.582e+03	+7.478e+03	+8.898e+03	+0.620
37.700	+4.156e+03	+6.309e+03	+1.066e+04	+0.603
37.800	+2.659e+03	+6.810e+03	+9.621e+03	+0.719
37.900	+3.411e+03	+7.816e+03	+1.016e+04	+0.696
38.000	+2.724e+03	+7.057e+03	+1.068e+04	+0.722
38.100	+3.323e+03	+6.975e+03	+1.020e+04	+0.677
38.200	+4.731e+03	+6.046e+03	+9.801e+03	+0.561
38.300	+2.982e+03	+6.530e+03	+1.023e+04	+0.686
38.400	+2.537e+03	+6.952e+03	+1.116e+04	+0.733
38.500	+2.290e+03	+7.024e+03	+9.028e+03	+0.754
38.600	+3.942e+03	+6.882e+03	+1.109e+04	+0.636
38.700	+1.658e+03	+6.042e+03	+1.003e+04	+0.785
38.800	+2.244e+03	+6.901e+03	+9.338e+03	+0.755
38.900	+5.428e+03	+4.682e+03	+8.674e+03	+0.463
39.000	+6.504e+03	+3.883e+03	+1.014e+04	+0.374
39.100	+6.714e+03	+3.018e+03	+1.031e+04	+0.310
39.200	+7.428e+03	+2.988e+03	+1.006e+04	+0.287
39.300	+6.205e+03	+4.290e+03	+9.411e+03	+0.409
39.400	+7.045e+03	+2.644e+03	+8.696e+03	+0.273
39.500	+5.186e+03	+5.904e+03	+9.223e+03	+0.532
39.600	+4.027e+03	+7.275e+03	+1.012e+04	+0.644
39.700	+3.122e+03	+6.790e+03	+9.419e+03	+0.685
39.800	+6.985e+03	+3.915e+03	+1.014e+04	+0.359
39.900	+2.014e+03	+8.063e+03	+1.019e+04	+0.800
40.000	+4.185e+03	+7.957e+03	+9.327e+03	+0.655
40.100	+3.750e+03	+6.035e+03	+1.012e+04	+0.617
40.200	+3.313e+03	+7.697e+03	+1.150e+04	+0.699
40.300	+2.552e+03	+5.118e+03	+1.107e+04	+0.667
40.400	+2.883e+03	+6.951e+03	+1.164e+04	+0.707
40.500	+4.580e+03	+7.981e+03	+1.029e+04	+0.635
40.600	+3.563e+03	+7.808e+03	+1.011e+04	+0.687
40.700	+2.647e+03	+7.568e+03	+9.619e+03	+0.741
40.800	+3.856e+03	+6.737e+03	+9.523e+03	+0.636
40.900	+2.853e+03	+7.265e+03	+1.067e+04	+0.718
41.000	+3.684e+03	+6.302e+03	+9.210e+03	+0.631
41.100	+2.985e+03	+6.661e+03	+9.619e+03	+0.691
41.200	+5.742e+03	+5.206e+03	+9.925e+03	+0.476
41.300	+5.513e+03	+4.642e+03	+1.072e+04	+0.457
41.400	+2.628e+03	+6.352e+03	+9.941e+03	+0.707
41.500	+3.006e+03	+6.465e+03	+9.671e+03	+0.683
41.600	+8.229e+03	+2.558e+03	+1.047e+04	+0.237
41.700	+5.953e+03	+2.282e+03	+8.912e+03	+0.277
41.800	+5.615e+03	+2.644e+03	+1.026e+04	+0.320
41.900	+7.634e+03	+3.595e+03	+1.135e+04	+0.320
42.000	+7.731e+03	+2.419e+03	+9.955e+03	+0.238
42.100	+5.690e+03	+1.183e+03	+1.100e+04	+0.172
42.200	+9.031e+03	+2.644e+03	+1.122e+04	+0.226
42.300	+5.462e+03	+4.660e+03	+1.133e+04	+0.460
42.400	+5.089e+03	+1.255e+03	+1.037e+04	+0.198
42.500	+3.691e+03	+5.179e+03	+8.744e+03	+0.584
42.600	+3.265e+03	+6.703e+03	+1.063e+04	+0.672
42.700	+2.944e+03	+6.675e+03	+9.875e+03	+0.694
42.800	+3.975e+03	+5.949e+03	+9.340e+03	+0.599
42.900	+6.143e+03	+2.527e+03	+8.591e+03	+0.291
43.000	+5.055e+03	+4.272e+03	+1.019e+04	+0.458
43.100	+2.708e+03	+6.029e+03	+9.207e+03	+0.690
43.200	+3.310e+03	+5.881e+03	+9.327e+03	+0.640
43.300	+1.863e+03	+7.724e+03	+9.653e+03	+0.806
43.400	+3.982e+03	+7.419e+03	+1.140e+04	+0.651
43.500	+3.188e+03	+6.755e+03	+8.866e+03	+0.679
43.600	+3.182e+03	+5.673e+03	+1.021e+04	+0.641
43.700	+3.586e+03	+6.388e+03	+8.466e+03	+0.640
43.800	+2.723e+03	+6.952e+03	+1.036e+04	+0.719
43.900	+3.111e+03	+6.489e+03	+1.066e+04	+0.676
44.000	+3.035e+03	+6.961e+03	+8.706e+03	+0.696
44.100	+2.490e+03	+6.200e+03	+8.889e+03	+0.713
44.200	+2.008e+03	+5.355e+03	+1.058e+04	+0.727
44.300	+3.501e+03	+6.659e+03	+9.301e+03	+0.655
44.400	+2.704e+03	+7.218e+03	+9.321e+03	+0.727
44.500	+2.611e+03	+7.077e+03	+1.088e+04	+0.730
44.600	+2.192e+03	+7.775e+03	+9.830e+03	+0.780
44.700	+4.232e+03	+7.276e+03	+1.006e+04	+0.632
44.800	+3.502e+03	+6.563e+03	+1.067e+04	+0.652
44.900	+4.522e+03	+8.140e+03	+9.997e+03	+0.643
45.000	+3.302e+03	+6.380e+03	+1.059e+04	+0.659
45.100	+1.817e+03	+6.509e+03	+9.838e+03	+0.782
45.200	+3.525e+03	+7.890e+03	+9.228e+03	+0.691
45.300	+4.070e+03	+6.843e+03	+9.576e+03	+0.627
45.400	+3.291e+03	+7.567e+03	+1.023e+04	+0.697
45.500	+2.023e+03	+5.952e+03	+1.087e+04	+0.746
45.600	+2.646e+03	+7.377e+03	+1.009e+04	+0.736
45.700	+3.379e+03	+7.109e+03	+9.397e+03	+0.678
45.800	+2.818e+03	+7.334e+03	+8.950e+03	+0.722
45.900	+2.141e+03	+7.430e+03	+9.926e+03	+0.776
46.000	+2.464e+03	+6.954e+03	+1.006e+04	+0.738
46.100	+2.906e+03	+5.392e+03	+9.076e+03	+0.650
46.200	+2.786e+03	+6.767e+03	+1.051e+04	+0.708
46.300	+3.889e+03	+6.440e+03	+1.097e+04	+0.623
46.400	+1.943e+03	+6.980e+03	+9.402e+03	+0.782
46.500	+3.614e+03	+6.934e+03	+1.084e+04	+0.657
46.600	+3.419e+03	+6.989e+03	+1.082e+04	+0.672
46.700	+4.330e+03	+7.049e+03	+1.003e+04	+0.619
46.800	+1.295e+03	+5.261e+03	+9.902e+03	+0.802
46.900	+4.198e+03	+6.194e+03	+1.142e+04	+0.596
47.000	+1.199e+03	+8.246e+03	+9.492e+03	+0.873
47.100	+2.902e+03	+6.198e+03	+1.041e+04	+0.681
47.200	+3.945e+03	+7.207e+03	+8.751e+03	+0.646
47.300	+2.914e+03	+8.012e+03	+1.084e+04	+0.733
47.400	+2.312e+03	+6.922e+03	+9.629e+03	+0.750
47.500	+3.012e+03	+7.314e+03	+9.311e+03	+0.708
47.600	+5.701e+03	+3.997e+03	+1.095e+04	+0.412
47.700	+7.102e+03	+3.286e+03	+8.905e+03	+0.316
47.800	+6.828e+03	+3.677e+03	+1.040e+04	+0.350
47.900	+6.941e+03	+3.713e+03	+9.164e+03	+0.349
48.000	+4.908e+03	+4.877e+03	+9.824e+03	+0.498
48.100	+3.906e+03	+6.525e+03	+1.006e+04	+0.626
48.200	+3.747e+03	+4.688e+03	+9.814e+03	+0.556
48.300	+3.395e+03	+6.439e+03	+1.052e+04	+0.655
48.400	+1.419e+03	+7.327e+03	+1.090e+04	+0.838
48.500	+3.318e+03	+5.532e+03	+1.078e+04	+0.625
48.600	+2.310e+03	+7.209e+03	+9.697e+03	+0.757
48.700	+3.256e+03	+6.722e+03	+9.114e+03	+0.674
48.800	+3.215e+03	+5.329e+03	+1.100e+04	+0.624
48.900	+6.487e+03	+3.557e+03	+9.870e+03	+0.354
49.000	+6.948e+03	+3.328e+03	+1.014e+04	+0.324
49.100	+6.382e+03	+4.325e+03	+9.816e+03	+0.404
49.200	+7.648e+03	+3.699e+03	+1.052e+04	+0.326
49.300	+8.034e+03	+2.097e+03	+1.054e+04	+0.207
49.400	+7.642e+03	+3.861e+03	+1.011e+04	+0.336
49.500	+7.246e+03	+2.069e+03	+1.009e+04	+0.222
49.600	+7.873e+03	+4.087e+03	+1.046e+04	+0.342
49.700	+7.306e+03	+2.848e+03	+1.019e+04	+0.280
49.800	+7.990e+03	+3.425e+03	+8.524e+03	+0.300
49.900	+8.533e+03	+2.994e+03	+8.643e+03	+0.260
50.000	+6.322e+03	+4.505e+03	+9.886e+03	+0.416
50.100	+7.212e+03	+3.770e+03	+8.747e+03	+0.343
50.200	+7.102e+03	+2.477e+03	+8.664e+03	+0.259
50.300	+7.501e+03	+2.375e+03	+1.061e+04	+0.240
50.400	+7.092e+03	+2.834e+03	+1.024e+04	+0.286
50.500	+7.982e+03	+3.034e+03	+1.204e+04	+0.275
50.600	+4.955e+03	+3.343e+03	+9.511e+03	+0.403
50.700	+1.988e+03	+6.570e+03	+1.049e+04	+0.768
50.800	+3.409e+03	+6.543e+03	+9.876e+03	+0.657
50.900	+2.294e+03	+7.046e+03	+9.987e+03	+0.754
51.000	+3.271e+03	+7.146e+03	+1.011e+04	+0.686
51.100	+2.445e+03	+6.264e+03	+1.154e+04	+0.719
51.200	+2.143e+03	+7.713e+03	+1.007e+04	+0.783
51.300	+1.279e+03	+5.399e+03	+9.527e+03	+0.808
51.400	+4.234e+03	+6.202e+03	+1.093e+04	+0.594
51.500	+3.057e+03	+6.519e+03	+8.729e+03	+0.681
51.600	+3.391e+03	+7.524e+03	+1.065e+04	+0.689
51.700	+4.321e+03	+6.354e+03	+1.008e+04	+0.595
51.800	+2.402e+03	+7.009e+03	+1.041e+04	+0.745
51.900	+1.353e+03	+5.858e+03	+9.181e+03	+0.812
52.000	+1.973e+03	+5.707e+03	+8.944e+03	+0.743
52.100	+5.381e+03	+7.915e+03	+1.070e+04	+0.595
52.200	+4.006e+03	+5.920e+03	+1.114e+04	+0.596
52.300	+3.081e+03	+7.587e+03	+1.052e+04	+0.711
52.400	+2.196e+03	+6.924e+03	+1.046e+04	+0.759
52.500	+3.949e+03	+7.430e+03	+1.015e+04	+0.653
52.600	+2.792e+03	+6.817e+03	+1.013e+04	+0.709
52.700	+4.426e+03	+6.353e+03	+1.075e+04	+0.589
52.800	+4.090e+03	+8.749e+03	+9.350e+03	+0.681
52.900	+1.564e+03	+8.197e+03	+8.778e+03	+0.840
53.000	+2.022e+03	+6.246e+03	+9.932e+03	+0.755
53.100	+2.492e+03	+6.672e+03	+8.651e+03	+0.728
53.200	+3.586e+03	+7.421e+03	+1.057e+04	+0.674
53.300	+2.488e+03	+6.907e+03	+8.938e+03	+0.735
53.400	+1.343e+03	+6.011e+03	+9.367e+03	+0.817
53.500	+4.214e+03	+6.977e+03	+8.833e+03	+0.623
53.600	+2.060e+03	+7.215e+03	+1.049e+04	+0.778
53.700	+3.604e+03	+6.479e+03	+8.721e+03	+0.643
53.800	+3.425e+03	+7.393e+03	+1.050e+04	+0.683
53.900	+3.955e+03	+7.487e+03	+1.028e+04	+0.654
54.000	+3.361e+03	+6.491e+03	+1.006e+04	+0.659
54.100	+3.515e+03	+7.323e+03	+9.614e+03	+0.676
54.200	+2.617e+03	+7.165e+03	+1.144e+04	+0.732
54.300	+3.251e+03	+8.351e+03	+1.070e+04	+0.720
54.400	+1.978e+03	+5.365e+03	+1.041e+04	+0.731
54.500	+2.150e+03	+6.071e+03	+9.676e+03	+0.738
54.600	+2.193e+03	+7.868e+03	+9.305e+03	+0.782
54.700	+3.296e+03	+7.302e+03	+9.067e+03	+0.689
54.800	+3.514e+03	+7.114e+03	+1.048e+04	+0.669
54.900	+3.527e+03	+6.825e+03	+9.086e+03	+0.659
55.000	+2.892e+03	+8.041e+03	+9.790e+03	+0.735
55.100	+4.056e+03	+7.337e+03	+1.057e+04	+0.644
55.200	+2.959e+03	+8.502e+03	+1.055e+04	+0.742
55.300	+3.148e+03	+7.745e+03	+1.008e+04	+0.711
55.400	+3.801e+03	+7.910e+03	+9.659e+03	+0.675
55.500	+3.210e+03	+7.787e+03	+1.060e+04	+0.708
55.600	+2.456e+03	+7.353e+03	+1.142e+04	+0.750
55.700	+1.423e+03	+7.709e+03	+9.330e+03	+0.844
55.800	+2.353e+03	+7.344e+03	+1.043e+04	+0.757
55.900	+3.826e+03	+5.975e+03	+1.148e+04	+0.610
56.000	+2.329e+03	+6.227e+03	+1.084e+04	+0.728
56.100	+4.651e+03	+6.292e+03	+9.246e+03	+0.575
56.200	+2.484e+03	+7.223e+03	+9.915e+03	+0.744
56.300	+4.018e+03	+8.141e+03	+9.901e+03	+0.670
56.400	+2.727e+03	+6.094e+03	+1.009e+04	+0.691
56.500	+2.438e+03	+6.945e+03	+1.009e+04	+0.740
56.600	+3.108e+03	+7.448e+03	+1.033e+04	+0.706
56.700	+3.949e+03	+8.135e+03	+1.041e+04	+0.673
56.800	+3.121e+03	+6.809e+03	+9.425e+03	+0.686
56.900	+3.247e+03	+6.295e+03	+1.063e+04	+0.660
57.000	+1.291e+03	+8.032e+03	+1.011e+04	+0.862
57.100	+2.332e+03	+6.059e+03	+1.019e+04	+0.722
57.200	+2.685e+03	+7.651e+03	+9.816e+03	+0.740
57.300	+4.857e+03	+5.299e+03	+9.336e+03	+0.522
57.400	+6.537e+03	+4.290e+03	+1.100e+04	+0.396
57.500	+6.727e+03	+2.829e+03	+9.165e+03	+0.296
57.600	+6.381e+03	+3.832e+03	+1.008e+04	+0.375
57.700	+6.856e+03	+2.828e+03	+9.619e+03	+0.292
57.800	+6.659e+03	+1.466e+03	+8.626e+03	+0.180
57.900	+6.697e+03	+3.032e+03	+1.110e+04	+0.312
58.000	+7.359e+03	+2.739e+03	+8.545e+03	+0.271
58.100	+7.384e+03	+2.203e+03	+9.046e+03	+0.230
58.200	+8.275e+03	+3.485e+03	+1.005e+04	+0.296
58.300	+6.572e+03	+1.782e+03	+9.921e+03	+0.213
58.400	+7.014e+03	+3.002e+03	+1.108e+04	+0.300
58.500	+6.295e+03	+2.253e+03	+9.845e+03	+0.264
58.600	+7.009e+03	+2.989e+03	+1.076e+04	+0.299
58.700	+7.658e+03	+2.661e+03	+9.847e+03	+0.258
58.800	+7.525e+03	+2.640e+03	+9.648e+03	+0.260
58.900	+6.355e+03	+2.391e+03	+1.116e+04	+0.273
59.000	+5.732e+03	+2.443e+03	+1.159e+04	+0.299
59.100	+6.658e+03	+3.850e+03	+1.008e+04	+0.366
59.200	+6.187e+03	+4.050e+03	+1.028e+04	+0.396
59.300	+7.784e+03	+2.944e+03	+1.020e+04	+0.274
59.400	+6.343e+03	+2.597e+03	+9.225e+03	+0.290
59.500	+6.767e+03	+3.218e+03	+9.613e+03	+0.322
59.600	+7.473e+03	+3.236e+03	+9.898e+03	+0.302
59.700	+6.522e+03	+3.557e+03	+9.978e+03	+0.353
59.800	+6.220e+03	+3.749e+03	+1.003e+04	+0.376
59.900	+6.927e+03	+2.139e+03	+1.041e+04	+0.236
60.000	+8.843e+03	+2.821e+03	+8.092e+03	+0.242
60.100	+5.761e+03	+3.061e+03	+1.077e+04	+0.347
60.200	+8.177e+03	+3.044e+03	+1.038e+04	+0.271
60.300	+6.942e+03	+2.727e+03	+9.781e+03	+0.282
60.400	+7.518e+03	+4.631e+03	+1.043e+04	+0.381
60.500	+5.384e+03	+3.696e+03	+9.717e+03	+0.407
60.600	+5.792e+03	+3.049e+03	+1.001e+04	+0.345
60.700	+7.201e+03	+3.532e+03	+9.114e+03	+0.329
60.800	+6.737e+03	+2.141e+03	+1.005e+04	+0.241
60.900	+6.410e+03	+3.335e+03	+9.673e+03	+0.342
61.000	+4.579e+03	+4.536e+03	+1.034e+04	+0.498
61.100	+2.684e+03	+6.033e+03	+8.970e+03	+0.692
61.200	+3.785e+03	+7.390e+03	+1.014e+04	+0.661
61.300	+3.598e+03	+6.875e+03	+1.063e+04	+0.656
61.400	+2.434e+03	+7.276e+03	+1.006e+04	+0.749
61.500	+2.593e+03	+7.097e+03	+1.073e+04	+0.732
61.600	+3.612e+03	+5.638e+03	+8.588e+03	+0.610
61.700	+3.397e+03	+6.853e+03	+1.132e+04	+0.669
61.800	+4.552e+03	+8.003e+03	+9.423e+03	+0.637
61.900	+2.613e+03	+7.465e+03	+8.824e+03	+0.741
62.000	+3.919e+03	+6.051e+03	+1.081e+04	+0.607
62.100	+3.533e+03	+7.413e+03	+1.073e+04	+0.677
62.200	+2.242e+03	+6.378e+03	+1.033e+04	+0.740
62.300	+4.734e+03	+6.249e+03	+9.792e+03	+0.569
62.400	+3.298e+03	+6.800e+03	+9.452e+03	+0.673
62.500	+3.725e+03	+7.353e+03	+8.786e+03	+0.664
62.600	+3.147e+03	+7.229e+03	+9.941e+03	+0.697
62.700	+2.304e+03	+7.698e+03	+1.021e+04	+0.770
62.800	+3.017e+03	+5.883e+03	+1.177e+04	+0.661
62.900	+2.535e+03	+6.694e+03	+8.665e+03	+0.725
63.000	+2.547e+03	+8.040e+03	+9.745e+03	+0.759
63.100	+3.962e+03	+7.946e+03	+1.017e+04	+0.667
63.200	+2.670e+03	+6.220e+03	+9.604e+03	+0.700
63.300	+2.622e+03	+6.818e+03	+1.026e+04	+0.722
63.400	+2.681e+03	+7.172e+03	+1.098e+04	+0.728
63.500	+3.209e+03	+7.535e+03	+8.897e+03	+0.701
63.600	+3.341e+03	+7.325e+03	+9.950e+03	+0.687
63.700	+1.953e+03	+5.788e+03	+1.182e+04	+0.748
63.800	+2.961e+03	+8.190e+03	+1.091e+04	+0.734
63.900	+2.802e+03	+6.312e+03	+9.329e+03	+0.693
64.000	+3.635e+03	+6.681e+03	+9.100e+03	+0.648
64.100	+4.144e+03	+8.325e+03	+8.781e+03	+0.668
64.200	+2.857e+03	+6.893e+03	+9.928e+03	+0.707
64.300	+3.097e+03	+6.747e+03	+9.332e+03	+0.685
64.400	+6.515e+03	+3.332e+03	+9.479e+03	+0.338
64.500	+7.003e+03	+3.615e+03	+9.607e+03	+0.340
64.600	+6.310e+03	+2.383e+03	+1.049e+04	+0.274
64.700	+6.748e+03	+2.464e+03	+9.660e+03	+0.267
64.800	+7.743e+03	+3.701e+03	+8.537e+03	+0.323
64.900	+7.361e+03	+3.699e+03	+9.423e+03	+0.334
65.000	+6.862e+03	+3.166e+03	+9.988e+03	+0.316
65.100	+6.241e+03	+3.115e+03	+8.453e+03	+0.333
65.200	+6.708e+03	+3.007e+03	+1.108e+04	+0.310
65.300	+6.759e+03	+3.947e+03	+8.499e+03	+0.369
65.400	+7.194e+03	+3.396e+03	+1.018e+04	+0.321
65.500	+7.035e+03	+3.655e+03	+9.201e+03	+0.342
65.600	+7.225e+03	+4.258e+03	+9.429e+03	+0.371
65.700	+7.279e+03	+2.885e+03	+1.077e+04	+0.284
65.800	+5.443e+03	+4.034e+03	+1.054e+04	+0.426
65.900	+5.365e+03	+5.982e+03	+9.555e+03	+0.527
66.000	+3.851e+03	+6.144e+03	+9.491e+03	+0.615
66.100	+3.377e+03	+6.826e+03	+9.256e+03	+0.669
66.200	+4.287e+03	+6.809e+03	+9.649e+03	+0.614
66.300	+2.234e+03	+6.404e+03	+1.033e+04	+0.741
66.400	+3.695e+03	+8.130e+03	+1.167e+04	+0.688
66.500	+2.742e+03	+7.413e+03	+1.006e+04	+0.730
66.600	+3.515e+03	+5.973e+03	+1.020e+04	+0.630
66.700	+2.991e+03	+7.558e+03	+1.106e+04	+0.716
66.800	+3.264e+03	+7.114e+03	+1.029e+04	+0.685
66.900	+3.708e+03	+6.237e+03	+1.032e+04	+0.627
67.000	+3.423e+03	+7.438e+03	+9.611e+03	+0.685
67.100	+2.877e+03	+5.986e+03	+9.065e+03	+0.675
67.200	+2.151e+03	+7.658e+03	+1.058e+04	+0.781
67.300	+2.840e+03	+6.899e+03	+1.141e+04	+0.708
67.400	+3.889e+03	+6.968e+03	+9.106e+03	+0.642
67.500	+3.170e+03	+5.981e+03	+1.010e+04	+0.654
67.600	+3.639e+03	+6.567e+03	+1.036e+04	+0.643
67.700	+6.696e+03	+3.114e+03	+9.298e+03	+0.317
67.800	+7.598e+03	+2.220e+03	+9.483e+03	+0.226
67.900	+6.240e+03	+2.816e+03	+9.038e+03	+0.311
68.000	+6.820e+03	+3.421e+03	+1.005e+04	+0.334
68.100	+7.364e+03	+2.269e+03	+9.510e+03	+0.236
68.200	+7.725e+03	+2.830e+03	+9.975e+03	+0.268
68.300	+6.355e+03	+1.965e+03	+9.399e+03	+0.236
68.400	+8.072e+03	+3.267e+03	+9.294e+03	+0.288
68.500	+7.699e+03	+2.388e+03	+9.786e+03	+0.237
68.600	+7.592e+03	+9.596e+02	+1.048e+04	+0.112
68.700	+6.696e+03	+3.262e+03	+1.101e+04	+0.328
68.800	+6.908e+03	+2.674e+03	+8.900e+03	+0.279
68.900	+7.904e+03	+3.138e+03	+9.151e+03	+0.284
69.000	+6.256e+03	+1.968e+03	+1.044e+04	+0.239
69.100	+7.472e+03	+4.411e+03	+1.109e+04	+0.371
69.200	+8.107e+03	+2.698e+03	+9.363e+03	+0.250
69.300	+6.734e+03	+2.592e+03	+1.048e+04	+0.278
69.400	+5.427e+03	+3.509e+03	+9.227e+03	+0.393
69.500	+5.669e+03	+2.321e+03	+1.031e+04	+0.291
69.600	+6.015e+03	+2.943e+03	+1.105e+04	+0.329
69.700	+5.962e+03	+4.498e+03	+9.373e+03	+0.430
69.800	+7.693e+03	+2.993e+03	+9.415e+03	+0.280
69.900	+3.428e+03	+8.782e+03	+9.910e+03	+0.719
70.000	+2.448e+03	+5.890e+03	+9.588e+03	+0.706
70.100	+2.922e+03	+6.872e+03	+9.836e+03	+0.702
70.200	+3.549e+03	+8.388e+03	+9.007e+03	+0.703
70.300	+2.713e+03	+7.294e+03	+1.005e+04	+0.729
70.400	+2.598e+03	+9.443e+03	+1.021e+04	+0.784
70.500	+3.675e+03	+7.324e+03	+1.112e+04	+0.666
70.600	+2.770e+03	+6.127e+03	+9.183e+03	+0.689
70.700	+2.141e+03	+6.120e+03	+9.915e+03	+0.741
70.800	+4.390e+03	+7.332e+03	+9.633e+03	+0.625
70.900	+2.603e+03	+6.749e+03	+1.058e+04	+0.722
71.000	+3.068e+03	+8.186e+03	+1.168e+04	+0.727
71.100	+2.943e+03	+7.052e+03	+9.444e+03	+0.706
71.200	+3.065e+03	+7.402e+03	+1.038e+04	+0.707
71.300	+3.165e+03	+6.551e+03	+9.816e+03	+0.674
71.400	+3.663e+03	+7.935e+03	+9.833e+03	+0.684
71.500	+2.441e+03	+6.231e+03	+9.885e+03	+0.719
71.600	+3.780e+03	+7.039e+03	+9.661e+03	+0.651
71.700	+3.176e+03	+6.828e+03	+1.048e+04	+0.683
71.800	+3.519e+03	+7.477e+03	+9.350e+03	+0.680
71.900	+2.439e+03	+5.741e+03	+1.014e+04	+0.702
72.000	+3.300e+03	+7.368e+03	+1.107e+04	+0.691
72.100	+3.346e+03	+8.014e+03	+9.766e+03	+0.705
72.200	+2.421e+03	+5.076e+03	+1.024e+04	+0.677
72.300	+1.752e+03	+6.281e+03	+8.907e+03	+0.782
72.400	+3.309e+03	+7.515e+03	+1.065e+04	+0.694
72.500	+2.554e+03	+7.487e+03	+9.735e+03	+0.746
72.600	+3.651e+03	+6.477e+03	+1.179e+04	+0.640
72.700	+3.268e+03	+7.116e+03	+1.052e+04	+0.685
72.800	+4.856e+03	+8.394e+03	+7.960e+03	+0.633
72.900	+3.484e+03	+7.309e+03	+9.504e+03	+0.677
73.000	+4.650e+03	+6.867e+03	+8.919e+03	+0.596
73.100	+1.786e+03	+7.256e+03	+1.023e+04	+0.802
73.200	+4.355e+03	+6.723e+03	+9.760e+03	+0.607
73.300	+1.833e+03	+5.866e+03	+1.009e+04	+0.762
73.400	+2.920e+03	+6.432e+03	+7.523e+03	+0.688
73.500	+2.211e+03	+7.267e+03	+9.723e+03	+0.767
73.600	+3.398e+03	+7.446e+03	+9.476e+03	+0.687
73.700	+4.770e+03	+7.323e+03	+1.142e+04	+0.606
73.800	+2.760e+03	+6.571e+03	+1.072e+04	+0.704
73.900	+2.596e+03	+6.451e+03	+1.003e+04	+0.713
74.000	+2.721e+03	+6.554e+03	+9.111e+03	+0.707
74.100	+1.920e+03	+6.518e+03	+9.919e+03	+0.772
74.200	+2.888e+03	+6.696e+03	+9.243e+03	+0.699
74.300	+5.689e+03	+4.889e+03	+1.018e+04	+0.462
74.400	+5.997e+03	+3.279e+03	+1.148e+04	+0.353
74.500	+6.082e+03	+2.410e+03	+1.030e+04	+0.284
74.600	+7.131e+03	+2.464e+03	+9.584e+03	+0.257
74.700	+7.130e+03	+1.958e+03	+1.016e+04	+0.215
74.800	+5.036e+03	+2.626e+03	+1.137e+04	+0.343
74.900	+4.520e+03	+5.312e+03	+9.965e+03	+0.540
75.000	+2.240e+03	+7.419e+03	+1.049e+04	+0.768
75.100	+1.281e+03	+6.127e+03	+9.905e+03	+0.827
75.200	+6.379e+03	+4.985e+03	+9.742e+03	+0.439
75.300	+6.049e+03	+3.548e+03	+9.591e+03	+0.370
75.400	+6.569e+03	+2.317e+03	+9.274e+03	+0.261
75.500	+7.014e+03	+3.047e+03	+1.017e+04	+0.303
75.600	+7.347e+03	+2.219e+03	+1.083e+04	+0.232
75.700	+7.225e+03	+3.842e+03	+9.461e+03	+0.347
75.800	+8.530e+03	+2.358e+03	+1.072e+04	+0.217
75.900	+4.183e+03	+6.577e+03	+1.006e+04	+0.611
76.000	+3.024e+03	+7.343e+03	+1.019e+04	+0.708
76.100	+3.337e+03	+5.956e+03	+1.024e+04	+0.641
76.200	+3.621e+03	+7.100e+03	+9.688e+03	+0.662
76.300	+3.412e+03	+7.453e+03	+1.043e+04	+0.686
76.400	+3.319e+03	+6.585e+03	+9.727e+03	+0.665
76.500	+4.524e+03	+7.131e+03	+9.265e+03	+0.612
76.600	+4.218e+03	+7.409e+03	+1.066e+04	+0.637
76.700	+3.329e+03	+7.722e+03	+1.086e+04	+0.699
76.800	+1.626e+03	+8.400e+03	+9.549e+03	+0.838
76.900	+1.610e+03	+8.187e+03	+1.018e+04	+0.836
77.000	+3.465e+03	+7.844e+03	+1.040e+04	+0.694
77.100	+4.972e+03	+7.874e+03	+9.782e+03	+0.613
77.200	+3.533e+03	+7.967e+03	+9.073e+03	+0.693
77.300	+2.295e+03	+7.404e+03	+1.031e+04	+0.763
77.400	+2.049e+03	+6.859e+03	+1.174e+04	+0.770
77.500	+2.694e+03	+7.628e+03	+8.470e+03	+0.739
77.600	+3.607e+03	+6.271e+03	+1.046e+04	+0.635
77.700	+3.386e+03	+6.656e+03	+9.709e+03	+0.663
77.800	+2.692e+03	+7.646e+03	+1.021e+04	+0.740
77.900	+4.199e+03	+5.649e+03	+1.156e+04	+0.574
78.000	+5.855e+03	+4.532e+03	+9.946e+03	+0.436
78.100	+7.145e+03	+3.398e+03	+9.272e+03	+0.322
78.200	+3.584e+03	+7.307e+03	+1.077e+04	+0.671
78.300	+2.425e+03	+7.858e+03	+1.004e+04	+0.764
78.400	+3.698e+03	+7.934e+03	+9.741e+03	+0.682
78.500	+4.764e+03	+9.120e+03	+1.148e+04	+0.657
78.600	+1.980e+03	+7.957e+03	+1.101e+04	+0.801
78.700	+3.098e+03	+6.150e+03	+9.327e+03	+0.665
78.800	+3.057e+03	+6.204e+03	+9.903e+03	+0.670
78.900	+3.844e+03	+7.030e+03	+8.807e+03	+0.646
79.000	+2.738e+03	+8.179e+03	+1.036e+04	+0.749
79.100	+3.033e+03	+6.331e+03	+9.656e+03	+0.676
79.200	+1.548e+03	+5.560e+03	+1.041e+04	+0.782
79.300	+2.357e+03	+6.081e+03	+1.032e+04	+0.721
79.400	+3.569e+03	+7.139e+03	+9.665e+03	+0.667
79.500	+2.552e+03	+6.569e+03	+9.684e+03	+0.720
79.600	+5.204e+03	+4.119e+03	+9.422e+03	+0.442
79.700	+5.995e+03	+2.290e+03	+8.820e+03	+0.276
79.800	+6.470e+03	+2.543e+03	+1.118e+04	+0.282
79.900	+5.973e+03	+2.383e+03	+1.037e+04	+0.285
80.000	+7.267e+03	+3.042e+03	+9.534e+03	+0.295
80.100	+7.276e+03	+1.518e+03	+9.511e+03	+0.173
80.200	+7.340e+03	+2.667e+03	+9.914e+03	+0.267
80.300	+7.203e+03	+4.162e+03	+1.003e+04	+0.366
80.400	+1.740e+03	+7.383e+03	+9.537e+03	+0.809
80.500	+3.736e+03	+8.205e+03	+9.317e+03	+0.687
80.600	+2.423e+03	+7.243e+03	+9.449e+03	+0.749
80.700	+3.733e+03	+7.145e+03	+1.075e+04	+0.657
80.800	+2.687e+03	+5.743e+03	+1.035e+04	+0.681
80.900	+2.526e+03	+7.074e+03	+1.077e+04	+0.737
81.000	+3.457e+03	+7.887e+03	+1.057e+04	+0.695
81.100	+3.648e+03	+6.848e+03	+1.168e+04	+0.652
81.200	+1.643e+03	+6.799e+03	+1.091e+04	+0.805
81.300	+2.762e+03	+6.314e+03	+1.166e+04	+0.696
81.400	+3.759e+03	+6.327e+03	+1.157e+04	+0.627
81.500	+4.164e+03	+6.634e+03	+1.100e+04	+0.614
81.600	+2.351e+03	+7.312e+03	+8.856e+03	+0.757
81.700	+2.459e+03	+7.053e+03	+9.880e+03	+0.741
81.800	+4.157e+03	+6.841e+03	+8.712e+03	+0.622
81.900	+3.818e+03	+6.746e+03	+1.073e+04	+0.639
82.000	+3.490e+03	+7.772e+03	+1.043e+04	+0.690
82.100	+3.746e+03	+7.038e+03	+1.076e+04	+0.653
82.200	+2.238e+03	+7.205e+03	+1.123e+04	+0.763
82.300	+3.695e+03	+7.410e+03	+1.143e+04	+0.667
82.400	+3.698e+03	+8.141e+03	+1.018e+04	+0.688
82.500	+3.127e+03	+7.883e+03	+1.073e+04	+0.716
82.600	+3.517e+03	+7.305e+03	+8.659e+03	+0.675
82.700	+5.620e+03	+7.967e+03	+9.852e+03	+0.586
82.800	+2.873e+03	+5.856e+03	+1.094e+04	+0.671
82.900	+2.336e+03	+7.048e+03	+1.023e+04	+0.751
83.000	+4.313e+03	+8.149e+03	+1.046e+04	+0.654
83.100	+2.878e+03	+8.360e+03	+9.365e+03	+0.744
83.200	+3.146e+03	+6.334e+03	+9.929e+03	+0.668
83.300	+1.704e+03	+7.199e+03	+1.178e+04	+0.809
83.400	+2.913e+03	+6.694e+03	+1.040e+04	+0.697
83.500	+4.788e+03	+8.160e+03	+9.510e+03	+0.630
83.600	+3.323e+03	+7.088e+03	+9.989e+03	+0.681
83.700	+2.451e+03	+6.903e+03	+9.748e+03	+0.738
83.800	+2.725e+03	+7.092e+03	+9.913e+03	+0.722
83.900	+3.150e+03	+7.441e+03	+1.083e+04	+0.703
84.000	+2.478e+03	+6.282e+03	+9.572e+03	+0.717
84.100	+2.095e+03	+8.572e+03	+1.053e+04	+0.804
84.200	+1.498e+03	+7.774e+03	+1.046e+04	+0.838
84.300	+6.882e+03	+2.906e+03	+8.355e+03	+0.297
84.400	+4.885e+03	+5.578e+03	+1.033e+04	+0.533
84.500	+3.144e+03	+7.106e+03	+1.016e+04	+0.693
84.600	+3.447e+03	+6.050e+03	+8.922e+03	+0.637
84.700	+2.514e+03	+7.155e+03	+1.086e+04	+0.740
84.800	+2.817e+03	+6.968e+03	+1.125e+04	+0.712
84.900	+2.252e+03	+6.515e+03	+1.132e+04	+0.743
85.000	+4.400e+03	+5.313e+03	+8.610e+03	+0.547
85.100	+5.630e+03	+5.444e+03	+9.970e+03	+0.492
85.200	+2.232e+03	+5.427e+03	+1.089e+04	+0.709
85.300	+3.575e+03	+6.960e+03	+9.978e+03	+0.661
85.400	+1.529e+03	+6.448e+03	+1.019e+04	+0.808
85.500	+1.837e+03	+6.017e+03	+1.064e+04	+0.766
85.600	+3.793e+03	+7.138e+03	+1.029e+04	+0.653
85.700	+6.614e+03	+3.665e+03	+1.052e+04	+0.357
85.800	+7.318e+03	+3.252e+03	+9.820e+03	+0.308
85.900	+7.241e+03	+2.557e+03	+1.015e+04	+0.261
86.000	+6.997e+03	+2.412e+03	+9.529e+03	+0.256
86.100	+4.139e+03	+7.077e+03	+1.079e+04	+0.631
86.200	+2.992e+03	+6.640e+03	+9.353e+03	+0.689
86.300	+2.532e+03	+6.561e+03	+1.031e+04	+0.722
86.400	+2.682e+03	+6.621e+03	+9.271e+03	+0.712
86.500	+7.705e+03	+3.177e+03	+9.101e+03	+0.292
86.600	+5.952e+03	+4.544e+03	+1.004e+04	+0.433
86.700	+3.167e+03	+5.902e+03	+9.843e+03	+0.651
86.800	+8.409e+03	+2.812e+03	+1.031e+04	+0.251
86.900	+6.342e+03	+2.927e+03	+9.689e+03	+0.316
87.000	+7.089e+03	+2.759e+03	+9.485e+03	+0.280
87.100	+3.060e+03	+6.027e+03	+9.318e+03	+0.663
87.200	+2.533e+03	+6.997e+03	+1.018e+04	+0.734
87.300	+3.062e+03	+6.322e+03	+9.831e+03	+0.674
87.400	+2.377e+03	+7.858e+03	+8.882e+03	+0.768
87.500	+1.576e+03	+6.492e+03	+9.712e+03	+0.805
87.600	+3.632e+03	+7.455e+03	+9.537e+03	+0.672
87.700	+3.243e+03	+8.684e+03	+1.174e+04	+0.728
87.800	+2.533e+03	+5.836e+03	+1.041e+04	+0.697
87.900	+2.626e+03	+6.672e+03	+9.899e+03	+0.718
88.000	+2.492e+03	+7.226e+03	+8.461e+03	+0.744
88.100	+2.452e+03	+7.031e+03	+9.133e+03	+0.741
88.200	+2.925e+03	+6.633e+03	+1.142e+04	+0.694
88.300	+4.496e+03	+6.699e+03	+1.029e+04	+0.598
88.400	+2.723e+03	+7.889e+03	+1.072e+04	+0.743
88.500	+2.380e+03	+5.383e+03	+9.119e+03	+0.693
88.600	+5.647e+03	+4.285e+03	+1.009e+04	+0.431
88.700	+6.850e+03	+3.807e+03	+9.715e+03	+0.357
88.800	+7.331e+03	+2.335e+03	+8.001e+03	+0.242
88.900	+6.258e+03	+1.468e+03	+1.137e+04	+0.190
89.000	+7.907e+03	+3.382e+03	+1.025e+04	+0.300
89.100	+6.468e+03	+2.467e+03	+9.601e+03	+0.276
89.200	+6.703e+03	+2.537e+03	+8.609e+03	+0.275
89.300	+5.185e+03	+1.635e+03	+1.054e+04	+0.240
89.400	+7.537e+03	+3.910e+03	+8.700e+03	+0.342
89.500	+8.032e+03	+3.267e+03	+1.093e+04	+0.289
89.600	+8.323e+03	+3.229e+03	+1.077e+04	+0.279
89.700	+8.039e+03	+3.477e+03	+9.674e+03	+0.302
89.800	+6.757e+03	+3.036e+03	+9.525e+03	+0.310
89.900	+8.712e+03	+2.575e+03	+9.385e+03	+0.228
90.000	+7.491e+03	+4.273e+03	+1.057e+04	+0.363
90.100	+7.688e+03	+3.473e+03	+9.697e+03	+0.311
90.200	+8.136e+03	+2.222e+03	+1.049e+04	+0.215
90.300	+7.582e+03	+3.645e+03	+9.220e+03	+0.325
90.400	+6.686e+03	+3.112e+03	+1.108e+04	+0.318
90.500	+6.093e+03	+2.347e+03	+1.101e+04	+0.278
90.600	+5.684e+03	+3.237e+03	+1.034e+04	+0.363
90.700	+6.839e+03	+3.513e+03	+9.269e+03	+0.339
90.800	+5.725e+03	+1.696e+03	+9.077e+03	+0.229
90.900	+6.010e+03	+4.040e+03	+9.388e+03	+0.402
91.000	+5.598e+03	+2.808e+03	+9.388e+03	+0.334
91.100	+7.473e+03	+3.812e+03	+1.030e+04	+0.338
91.200	+6.184e+03	+2.258e+03	+1.009e+04	+0.267
91.300	+7.669e+03	+4.099e+03	+9.960e+03	+0.348
91.400	+7.581e+03	+3.309e+03	+1.047e+04	+0.304
91.500	+7.332e+03	+2.528e+03	+1.143e+04	+0.256
91.600	+7.556e+03	+1.361e+03	+9.080e+03	+0.153
91.700	+7.522e+03	+2.598e+03	+1.046e+04	+0.257
91.800	+6.658e+03	+3.231e+03	+1.110e+04	+0.327
91.900	+6.488e+03	+1.873e+03	+9.531e+03	+0.224
92.000	+5.679e+03	+3.619e+03	+9.616e+03	+0.389
92.100	+8.026e+03	+2.115e+03	+9.679e+03	+0.209
92.200	+7.897e+03	+1.969e+03	+1.148e+04	+0.200
92.300	+6.919e+03	+3.254e+03	+9.307e+03	+0.320
92.400	+7.475e+03	+3.255e+03	+9.252e+03	+0.303
92.500	+5.303e+03	+1.999e+03	+1.044e+04	+0.274
92.600	+4.383e+03	+3.498e+03	+1.122e+04	+0.444
92.700	+7.397e+03	+2.930e+03	+1.059e+04	+0.284
92.800	+6.750e+03	+2.386e+03	+1.026e+04	+0.261
92.900	+7.212e+03	+2.617e+03	+1.040e+04	+0.266
93.000	+6.122e+03	+4.410e+03	+9.640e+03	+0.419
93.100	+6.777e+03	+1.024e+03	+9.959e+03	+0.131
93.200	+8.129e+03	+4.337e+03	+1.138e+04	+0.348
93.300	+5.953e+03	+3.276e+03	+8.523e+03	+0.355
93.400	+7.446e+03	+3.559e+03	+1.033e+04	+0.323
93.500	+7.289e+03	+3.418e+03	+1.030e+04	+0.319
93.600	+8.541e+03	+1.891e+03	+1.094e+04	+0.181
93.700	+5.535e+03	+4.242e+03	+1.035e+04	+0.434
93.800	+3.238e+03	+6.195e+03	+1.021e+04	+0.657
93.900	+3.544e+03	+5.753e+03	+1.128e+04	+0.619
94.000	+2.702e+03	+7.670e+03	+1.063e+04	+0.739
94.100	+4.210e+03	+6.515e+03	+9.154e+03	+0.607
94.200	+5.998e+03	+4.493e+03	+8.711e+03	+0.428
94.300	+6.474e+03	+2.139e+03	+9.667e+03	+0.248
94.400	+6.612e+03	+3.921e+03	+1.013e+04	+0.372
94.500	+6.081e+03	+2.639e+03	+1.028e+04	+0.303
94.600	+6.925e+03	+2.537e+03	+9.743e+03	+0.268
94.700	+6.206e+03	+4.274e+03	+8.734e+03	+0.408
94.800	+7.050e+03	+4.158e+03	+1.092e+04	+0.371
94.900	+5.416e+03	+3.735e+03	+9.339e+03	+0.408
95.000	+4.479e+03	+8.134e+03	+1.069e+04	+0.645
95.100	+3.067e+03	+8.255e+03	+1.097e+04	+0.729
95.200	+3.363e+03	+6.893e+03	+9.640e+03	+0.672
95.300	+2.890e+03	+5.509e+03	+1.011e+04	+0.656
95.400	+4.001e+03	+6.543e+03	+1.033e+04	+0.621
95.500	+3.427e+03	+6.884e+03	+8.367e+03	+0.668
95.600	+3.615e+03	+6.811e+03	+1.026e+04	+0.653
95.700	+3.676e+03	+5.971e+03	+1.143e+04	+0.619
95.800	+2.659e+03	+6.468e+03	+1.094e+04	+0.709
95.900	+3.870e+03	+7.088e+03	+1.014e+04	+0.647
96.000	+3.465e+03	+7.499e+03	+1.033e+04	+0.684
96.100	+3.307e+03	+6.464e+03	+9.774e+03	+0.662
96.200	+2.804e+03	+7.805e+03	+9.398e+03	+0.736
96.300	+2.380e+03	+7.081e+03	+1.102e+04	+0.748
96.400	+3.831e+03	+7.718e+03	+9.184e+03	+0.668
96.500	+4.197e+03	+4.769e+03	+8.462e+03	+0.532
96.600	+8.527e+03	+2.618e+03	+1.036e+04	+0.235
96.700	+7.286e+03	+3.950e+03	+1.029e+04	+0.352
96.800	+7.752e+03	+3.105e+03	+1.069e+04	+0.286
96.900	+7.977e+03	+2.041e+03	+1.113e+04	+0.204
97.000	+6.777e+03	+4.613e+03	+1.066e+04	+0.405
97.100	+7.095e+03	+3.303e+03	+1.018e+04	+0.318
97.200	+7.627e+03	+3.744e+03	+1.025e+04	+0.329
97.300	+5.916e+03	+3.474e+03	+9.587e+03	+0.370
97.400	+6.054e+03	+3.632e+03	+1.026e+04	+0.375
97.500	+7.063e+03	+3.119e+03	+1.120e+04	+0.306
97.600	+7.547e+03	+3.165e+03	+1.067e+04	+0.295
97.700	+6.679e+03	+2.365e+03	+8.554e+03	+0.262
97.800	+6.979e+03	+3.576e+03	+1.150e+04	+0.339
97.900	+8.109e+03	+2.697e+03	+9.258e+03	+0.250
98.000	+7.643e+03	+2.171e+03	+1.030e+04	+0.221
98.100	+7.669e+03	+2.550e+03	+9.644e+03	+0.250
98.200	+7.013e+03	+3.747e+03	+9.922e+03	+0.348
98.300	+5.556e+03	+2.482e+03	+8.576e+03	+0.309
98.400	+8.673e+03	+3.664e+03	+8.576e+03	+0.297
98.500	+6.870e+03	+2.616e+03	+1.071e+04	+0.276
98.600	+6.350e+03	+2.515e+03	+1.047e+04	+0.284
98.700	+7.587e+03	+1.691e+03	+1.017e+04	+0.182
98.800	+5.954e+03	+3.117e+03	+1.052e+04	+0.344
98.900	+6.694e+03	+3.658e+03	+1.106e+04	+0.353
99.000	+5.821e+03	+3.165e+03	+1.104e+04	+0.352
99.100	+6.969e+03	+4.094e+03	+1.021e+04	+0.370
99.200	+7.990e+03	+3.451e+03	+1.015e+04	+0.302
99.300	+6.496e+03	+1.262e+03	+8.321e+03	+0.163
99.400	+7.983e+03	+3.185e+03	+1.088e+04	+0.285
99.500	+6.733e+03	+3.526e+03	+1.009e+04	+0.344
99.600	+7.074e+03	+1.304e+03	+1.026e+04	+0.156
99.700	+6.421e+03	+2.453e+03	+9.938e+03	+0.276
99.800	+7.907e+03	+3.426e+03	+1.078e+04	+0.302
99.900	+7.209e+03	+3.043e+03	+1.008e+04	+0.297
100.000	+6.800e+03	+3.626e+03	+9.755e+03	+0.348
100.100	+6.502e+03	+4.310e+03	+9.654e+03	+0.399
100.200	+6.624e+03	+3.406e+03	+9.564e+03	+0.340
100.300	+6.171e+03	+2.086e+03	+9.142e+03	+0.253
100.400	+8.314e+03	+4.599e+03	+1.101e+04	+0.356
100.500	+6.662e+03	+3.246e+03	+1.194e+04	+0.328
100.600	+7.225e+03	+3.329e+03	+9.702e+03	+0.315
100.700	+3.557e+03	+6.907e+03	+1.060e+04	+0.660
100.800	+2.236e+03	+8.760e+03	+1.039e+04	+0.797
100.900	+2.356e+03	+6.684e+03	+1.039e+04	+0.739
101.000	+3.424e+03	+7.638e+03	+1.061e+04	+0.690
101.100	+3.863e+03	+5.737e+03	+1.075e+04	+0.598
101.200	+2.707e+03	+6.402e+03	+1.006e+04	+0.703
101.300	+2.673e+03	+7.719e+03	+1.104e+04	+0.743
101.400	+4.318e+03	+6.179e+03	+1.014e+04	+0.589
101.500	+1.919e+03	+7.017e+03	+9.949e+03	+0.785
101.600	+4.599e+03	+7.794e+03	+1.035e+04	+0.629
101.700	+2.880e+03	+5.199e+03	+9.035e+03	+0.644
101.800	+2.745e+03	+7.815e+03	+1.096e+04	+0.740
101.900	+2.538e+03	+7.323e+03	+8.972e+03	+0.743
102.000	+2.873e+03	+8.351e+03	+8.736e+03	+0.744
102.100	+2.744e+03	+6.669e+03	+9.178e+03	+0.709
102.200	+3.394e+03	+6.782e+03	+9.239e+03	+0.666
102.300	+3.205e+03	+5.845e+03	+1.082e+04	+0.646
102.400	+4.032e+03	+6.906e+03	+9.299e+03	+0.631
102.500	+3.401e+03	+7.358e+03	+1.049e+04	+0.684
102.600	+2.360e+03	+6.034e+03	+1.060e+04	+0.719
102.700	+2.572e+03	+7.734e+03	+9.243e+03	+0.750
102.800	+3.940e+03	+7.191e+03	+1.078e+04	+0.646
102.900	+1.756e+03	+6.694e+03	+1.132e+04	+0.792
103.000	+2.515e+03	+7.356e+03	+8.738e+03	+0.745
103.100	+2.820e+03	+6.448e+03	+9.527e+03	+0.696
103.200	+2.587e+03	+8.504e+03	+9.948e+03	+0.767
103.300	+3.299e+03	+8.420e+03	+1.092e+04	+0.719
103.400	+4.271e+03	+7.723e+03	+1.016e+04	+0.644
103.500	+1.740e+03	+6.169e+03	+9.868e+03	+0.780
103.600	+3.552e+03	+6.365e+03	+9.714e+03	+0.642
103.700	+1.757e+03	+7.305e+03	+1.022e+04	+0.806
103.800	+3.126e+03	+7.224e+03	+1.156e+04	+0.698
103.900	+4.192e+03	+7.744e+03	+9.221e+03	+0.649
104.000	+2.880e+03	+7.677e+03	+9.243e+03	+0.727
104.100	+2.467e+03	+5.134e+03	+9.144e+03	+0.675
104.200	+3.794e+03	+6.754e+03	+1.019e+04	+0.640
104.300	+2.709e+03	+7.759e+03	+9.153e+03	+0.741
104.400	+2.315e+03	+7.191e+03	+1.112e+04	+0.756
104.500	+2.823e+03	+6.396e+03	+9.364e+03	+0.694
104.600	+3.008e+03	+6.704e+03	+8.938e+03	+0.690
104.700	+1.452e+03	+5.988e+03	+9.636e+03	+0.805
104.800	+2.154e+03	+6.592e+03	+1.112e+04	+0.754
104.900	+3.251e+03	+6.391e+03	+9.053e+03	+0.663
105.000	+4.492e+03	+9.438e+03	+1.086e+04	+0.678
105.100	+2.235e+03	+6.887e+03	+1.126e+04	+0.755
105.200	+4.400e+03	+6.543e+03	+1.103e+04	+0.598
105.300	+3.250e+03	+7.990e+03	+1.175e+04	+0.711
105.400	+3.725e+03	+6.922e+03	+9.391e+03	+0.650
105.500	+3.591e+03	+5.867e+03	+9.309e+03	+0.620
105.600	+3.386e+03	+6.241e+03	+1.080e+04	+0.648
105.700	+2.166e+03	+5.938e+03	+1.154e+04	+0.733
105.800	+3.120e+03	+5.700e+03	+9.606e+03	+0.646
105.900	+3.352e+03	+5.812e+03	+1.140e+04	+0.634
106.000	+1.504e+03	+7.286e+03	+1.065e+04	+0.829
106.100	+1.733e+03	+7.064e+03	+9.677e+03	+0.803
106.200	+3.231e+03	+6.650e+03	+1.055e+04	+0.673
106.300	+4.153e+03	+5.830e+03	+9.822e+03	+0.584
106.400	+3.468e+03	+7.771e+03	+9.319e+03	+0.691
106.500	+2.387e+03	+6.347e+03	+1.040e+04	+0.727
106.600	+2.774e+03	+7.308e+03	+9.766e+03	+0.725
106.700	+3.628e+03	+7.485e+03	+1.060e+04	+0.674
106.800	+2.450e+03	+8.151e+03	+1.045e+04	+0.769
106.900	+4.144e+03	+8.115e+03	+9.681e+03	+0.662
107.000	+3.807e+03	+6.884e+03	+9.119e+03	+0.644
107.100	+1.447e+03	+6.023e+03	+9.609e+03	+0.806
107.200	+3.718e+03	+6.861e+03	+1.131e+04	+0.649
107.300	+2.778e+03	+7.053e+03	+1.035e+04	+0.717
107.400	+3.347e+03	+5.606e+03	+9.491e+03	+0.626
107.500	+4.039e+03	+7.891e+03	+8.850e+03	+0.661
107.600	+2.667e+03	+7.425e+03	+1.091e+04	+0.736
107.700	+3.958e+03	+6.821e+03	+9.470e+03	+0.633
107.800	+5.169e+03	+5.581e+03	+9.288e+03	+0.519
107.900	+7.129e+03	+2.774e+03	+9.401e+03	+0.280
108.000	+6.864e+03	+1.347e+03	+8.676e+03	+0.164
108.100	+8.307e+03	+2.776e+03	+1.126e+04	+0.250
108.200	+6.053e+03	+1.901e+03	+9.799e+03	+0.239
108.300	+7.821e+03	+2.208e+03	+9.048e+03	+0.220
108.400	+7.153e+03	+2.278e+03	+9.623e+03	+0.242
108.500	+7.038e+03	+2.488e+03	+1.027e+04	+0.261
108.600	+6.339e+03	+2.338e+03	+1.075e+04	+0.269
108.700	+6.952e+03	+2.363e+03	+8.982e+03	+0.254
108.800	+7.606e+03	+2.922e+03	+9.523e+03	+0.278
108.900	+7.486e+03	+1.819e+03	+1.100e+04	+0.195
109.000	+8.095e+03	+3.387e+03	+9.354e+03	+0.295
109.100	+6.748e+03	+3.713e+03	+9.008e+03	+0.355
109.200	+6.357e+03	+3.135e+03	+1.077e+04	+0.330
109.300	+7.671e+03	+3.642e+03	+9.989e+03	+0.322
109.400	+6.960e+03	+3.216e+03	+1.023e+04	+0.316
109.500	+6.588e+03	+4.004e+03	+8.056e+03	+0.378
109.600	+6.541e+03	+4.389e+03	+9.849e+03	+0.402
109.700	+7.338e+03	+3.196e+03	+9.446e+03	+0.303
109.800	+6.500e+03	+3.790e+03	+9.466e+03	+0.368
109.900	+6.968e+03	+2.917e+03	+8.606e+03	+0.295
110.000	+6.955e+03	+2.714e+03	+1.039e+04	+0.281
110.100	+6.635e+03	+3.054e+03	+9.986e+03	+0.315
110.200	+8.058e+03	+3.389e+03	+9.485e+03	+0.296
110.300	+7.584e+03	+3.744e+03	+1.099e+04	+0.331
110.400	+7.670e+03	+1.104e+03	+9.603e+03	+0.126
110.500	+8.815e+03	+3.268e+03	+9.865e+03	+0.270
110.600	+6.319e+03	+2.130e+03	+8.982e+03	+0.252
110.700	+6.053e+03	+3.983e+03	+1.005e+04	+0.397
110.800	+6.207e+03	+2.801e+03	+1.066e+04	+0.311
110.900	+6.996e+03	+2.967e+03	+9.875e+03	+0.298
111.000	+6.952e+03	+2.243e+03	+1.114e+04	+0.244
111.100	+5.578e+03	+2.794e+03	+8.866e+03	+0.334
111.200	+7.514e+03	+2.242e+03	+1.010e+04	+0.230
111.300	+7.398e+03	+1.870e+03	+1.045e+04	+0.202
111.400	+8.140e+03	+3.155e+03	+1.035e+04	+0.279
111.500	+7.437e+03	+3.561e+03	+1.008e+04	+0.324
111.600	+6.585e+03	+2.104e+03	+1.172e+04	+0.242
111.700	+7.212e+03	+2.386e+03	+1.135e+04	+0.249
111.800	+6.496e+03	+2.732e+03	+9.632e+03	+0.296
111.900	+6.868e+03	+2.329e+03	+1.006e+04	+0.253
112.000	+5.262e+03	+1.261e+03	+9.883e+03	+0.193
112.100	+7.768e+03	+3.567e+03	+9.496e+03	+0.315
112.200	+7.970e+03	+2.533e+03	+1.115e+04	+0.241
112.300	+5.248e+03	+5.123e+03	+1.009e+04	+0.494
112.400	+5.239e+03	+4.477e+03	+9.491e+03	+0.461
112.500	+7.780e+03	+2.979e+03	+9.295e+03	+0.277
112.600	+6.115e+03	+3.407e+03	+8.553e+03	+0.358
112.700	+6.430e+03	+3.233e+03	+1.039e+04	+0.335
112.800	+6.079e+03	+4.063e+03	+9.917e+03	+0.401
112.900	+6.202e+03	+5.282e+03	+8.685e+03	+0.460
113.000	+7.064e+03	+2.515e+03	+1.016e+04	+0.263
113.100	+4.114e+03	+5.274e+03	+1.037e+04	+0.562
113.200	+1.727e+03	+7.564e+03	+9.899e+03	+0.814
113.300	+4.441e+03	+5.348e+03	+9.615e+03	+0.546
113.400	+6.456e+03	+2.783e+03	+1.068e+04	+0.301
113.500	+8.556e+03	+2.426e+03	+9.927e+03	+0.221
113.600	+8.239e+03	+4.645e+03	+9.067e+03	+0.361
113.700	+7.742e+03	+3.315e+03	+9.409e+03	+0.300
113.800	+5.890e+03	+3.618e+03	+1.004e+04	+0.381
113.900	+7.657e+03	+4.595e+03	+9.122e+03	+0.375
114.000	+6.811e+03	+3.541e+03	+1.068e+04	+0.342
114.100	+6.660e+03	+9.383e+02	+9.219e+03	+0.124
114.200	+5.956e+03	+3.182e+03	+9.863e+03	+0.348
114.300	+6.421e+03	+1.121e+03	+9.045e+03	+0.149
114.400	+6.264e+03	+2.627e+03	+1.003e+04	+0.295
114.500	+7.423e+03	+4.108e+03	+1.022e+04	+0.356
114.600	+6.663e+03	+2.373e+03	+9.646e+03	+0.263
114.700	+7.543e+03	+2.527e+03	+9.424e+03	+0.251
114.800	+7.146e+03	+3.563e+03	+8.856e+03	+0.333
114.900	+7.746e+03	+2.128e+03	+1.125e+04	+0.216
115.000	+7.609e+03	+3.575e+03	+1.045e+04	+0.320
115.100	+6.883e+03	+2.866e+03	+1.114e+04	+0.294
115.200	+5.141e+03	+5.709e+03	+9.970e+03	+0.526
115.300	+2.791e+03	+7.678e+03	+1.122e+04	+0.733
115.400	+6.837e+03	+4.801e+03	+9.527e+03	+0.413
115.500	+6.418e+03	+2.641e+03	+9.942e+03	+0.292
115.600	+6.298e+03	+2.793e+03	+8.557e+03	+0.307
115.700	+6.391e+03	+2.960e+03	+1.100e+04	+0.317
115.800	+4.609e+03	+6.342e+03	+1.009e+04	+0.579
115.900	+5.687e+03	+5.754e+03	+1.155e+04	+0.503
116.000	+4.694e+03	+3.465e+03	+1.043e+04	+0.425
116.100	+6.663e+03	+3.085e+03	+1.122e+04	+0.316
116.200	+7.452e+03	+2.508e+03	+8.803e+03	+0.252
116.300	+5.278e+03	+5.749e+03	+1.076e+04	+0.521
116.400	+2.132e+03	+8.209e+03	+9.457e+03	+0.794
116.500	+2.334e+03	+6.145e+03	+9.552e+03	+0.725
116.600	+3.771e+03	+7.311e+03	+9.337e+03	+0.660
116.700	+1.735e+03	+6.730e+03	+1.190e+04	+0.795
116.800	+1.794e+03	+7.598e+03	+9.589e+03	+0.809
116.900	+3.811e+03	+6.018e+03	+1.046e+04	+0.612
117.000	+2.940e+03	+7.525e+03	+9.851e+03	+0.719
117.100	+3.536e+03	+7.000e+03	+1.026e+04	+0.664
117.200	+2.523e+03	+5.978e+03	+9.047e+03	+0.703
117.300	+2.399e+03	+6.780e+03	+1.036e+04	+0.739
117.400	+3.503e+03	+7.943e+03	+9.145e+03	+0.694
117.500	+3.415e+03	+6.864e+03	+9.258e+03	+0.668
117.600	+2.644e+03	+9.230e+03	+1.024e+04	+0.777
117.700	+3.397e+03	+7.483e+03	+1.114e+04	+0.688
117.800	+3.294e+03	+6.995e+03	+1.095e+04	+0.680
117.900	+7.917e+03	+1.680e+03	+9.896e+03	+0.175
118.000	+6.632e+03	+1.404e+03	+1.013e+04	+0.175
118.100	+7.524e+03	+1.171e+03	+1.117e+04	+0.135
118.200	+6.904e+03	+1.595e+03	+1.012e+04	+0.188
118.300	+8.416e+03	+1.618e+03	+9.296e+03	+0.161
118.400	+6.454e+03	+3.316e+03	+1.065e+04	+0.339
118.500	+6.825e+03	+3.411e+03	+9.676e+03	+0.333
118.600	+7.511e+03	+3.425e+03	+8.405e+03	+0.313
118.700	+7.008e+03	+1.032e+03	+8.411e+03	+0.128
118.800	+8.133e+03	+2.979e+03	+9.051e+03	+0.268
118.900	+6.171e+03	+2.084e+03	+9.771e+03	+0.252
119.000	+6.652e+03	+2.544e+03	+9.298e+03	+0.277
119.100	+2.598e+03	+6.857e+03	+1.051e+04	+0.725
119.200	+2.359e+03	+8.253e+03	+9.854e+03	+0.778
119.300	+3.813e+03	+6.336e+03	+1.061e+04	+0.624
119.400	+4.623e+03	+7.499e+03	+1.010e+04	+0.619
119.500	+2.654e+03	+7.475e+03	+9.964e+03	+0.738
119.600	+2.365e+03	+6.978e+03	+1.106e+04	+0.747
119.700	+2.346e+03	+6.427e+03	+9.114e+03	+0.733
119.800	+1.536e+03	+6.261e+03	+9.633e+03	+0.803
119.900	+3.391e+03	+6.267e+03	+8.823e+03	+0.649
120.000	+2.561e+03	+7.574e+03	+9.915e+03	+0.747
120.100	+4.087e+03	+5.488e+03	+9.341e+03	+0.573
120.200	+6.876e+03	+3.310e+03	+8.271e+03	+0.325
120.300	+7.220e+03	+2.787e+03	+9.193e+03	+0.278
120.400	+6.032e+03	+2.607e+03	+9.843e+03	+0.302
120.500	+7.711e+03	+2.595e+03	+1.021e+04	+0.252
120.600	+3.737e+03	+4.639e+03	+9.950e+03	+0.554
120.700	+4.034e+03	+6.471e+03	+9.468e+03	+0.616
120.800	+3.494e+03	+6.958e+03	+9.321e+03	+0.666
120.900	+2.495e+03	+7.307e+03	+1.029e+04	+0.745
121.000	+4.043e+03	+6.648e+03	+1.038e+04	+0.622
121.100	+4.187e+03	+6.801e+03	+1.090e+04	+0.619
121.200	+3.892e+03	+6.264e+03	+1.006e+04	+0.617
121.300	+3.961e+03	+8.123e+03	+9.364e+03	+0.672
121.400	+3.161e+03	+8.472e+03	+9.916e+03	+0.728
121.500	+2.442e+03	+6.746e+03	+8.668e+03	+0.734
121.600	+1.828e+03	+6.631e+03	+1.084e+04	+0.784
121.700	+3.196e+03	+7.401e+03	+1.008e+04	+0.698
121.800	+5.479e+03	+5.018e+03	+9.872e+03	+0.478
121.900	+6.063e+03	+8.967e+02	+1.179e+04	+0.129
122.000	+4.526e+03	+6.417e+03	+9.180e+03	+0.586
122.100	+1.416e+03	+7.392e+03	+9.462e+03	+0.839
122.200	+2.177e+03	+6.828e+03	+1.132e+04	+0.758
122.300	+3.025e+03	+6.223e+03	+9.807e+03	+0.673
122.400	+3.304e+03	+6.686e+03	+9.960e+03	+0.669
122.500	+4.102e+03	+6.996e+03	+1.098e+04	+0.630
122.600	+3.585e+03	+6.875e+03	+1.074e+04	+0.657
122.700	+4.235e+03	+5.234e+03	+1.136e+04	+0.553
122.800	+4.178e+03	+7.213e+03	+9.973e+03	+0.633
122.900	+2.678e+03	+7.575e+03	+9.367e+03	+0.739
123.000	+3.459e+03	+5.961e+03	+9.936e+03	+0.633
123.100	+5.508e+03	+4.559e+03	+1.037e+04	+0.453
123.200	+7.480e+03	+2.805e+03	+1.069e+04	+0.273
123.300	+7.519e+03	+3.012e+03	+9.639e+03	+0.286
123.400	+3.711e+03	+6.173e+03	+9.798e+03	+0.625
123.500	+3.202e+03	+8.343e+03	+9.937e+03	+0.723
123.600	+3.928e+03	+7.075e+03	+1.052e+04	+0.643
123.700	+3.273e+03	+7.675e+03	+9.326e+03	+0.701
123.800	+3.718e+03	+7.496e+03	+9.436e+03	+0.668
123.900	+1.906e+03	+6.209e+03	+1.106e+04	+0.765
124.000	+2.223e+03	+7.003e+03	+1.086e+04	+0.759
124.100	+2.085e+03	+8.367e+03	+1.016e+04	+0.801
124.200	+1.793e+03	+6.876e+03	+9.821e+03	+0.793
124.300	+3.062e+03	+8.358e+03	+9.959e+03	+0.732
124.400	+3.050e+03	+8.068e+03	+9.665e+03	+0.726
124.500	+5.513e+03	+5.566e+03	+9.595e+03	+0.502
124.600	+7.119e+03	+1.928e+03	+1.074e+04	+0.213
124.700	+5.399e+03	+2.865e+03	+1.015e+04	+0.347
124.800	+6.346e+03	+3.897e+03	+1.031e+04	+0.380
124.900	+7.442e+03	+1.923e+03	+9.986e+03	+0.205
125.000	+7.989e+03	+2.514e+03	+1.088e+04	+0.239
125.100	+7.373e+03	+2.794e+03	+1.033e+04	+0.275
125.200	+7.473e+03	+2.347e+03	+1.042e+04	+0.239
125.300	+6.579e+03	+2.087e+03	+9.136e+03	+0.241
125.400	+6.851e+03	+3.477e+03	+9.336e+03	+0.337
125.500	+6.596e+03	+2.491e+03	+1.216e+04	+0.274
125.600	+7.397e+03	+3.570e+03	+1.061e+04	+0.325
125.700	+5.396e+03	+3.933e+03	+1.057e+04	+0.422
125.800	+6.416e+03	+1.712e+03	+1.016e+04	+0.211
125.900	+6.385e+03	+3.451e+03	+1.109e+04	+0.351
126.000	+6.244e+03	+2.890e+03	+1.014e+04	+0.316
126.100	+7.941e+03	+2.964e+03	+9.564e+03	+0.272
126.200	+7.826e+03	+3.158e+03	+1.029e+04	+0.287
126.300	+5.219e+03	+3.768e+03	+9.195e+03	+0.419
126.400	+3.339e+03	+7.632e+03	+9.775e+03	+0.696
126.500	+3.910e+03	+8.200e+03	+9.788e+03	+0.677
126.600	+3.372e+03	+6.080e+03	+9.485e+03	+0.643
126.700	+6.450e+03	+3.163e+03	+1.122e+04	+0.329
126.800	+6.135e+03	+3.052e+03	+1.089e+04	+0.332
126.900	+7.478e+03	+2.421e+03	+1.004e+04	+0.245
127.000	+6.367e+03	+3.192e+03	+9.670e+03	+0.334
127.100	+3.303e+03	+6.160e+03	+9.349e+03	+0.651
127.200	+2.102e+03	+6.672e+03	+1.058e+04	+0.760
127.300	+2.387e+03	+6.426e+03	+1.048e+04	+0.729
127.400	+1.561e+03	+6.958e+03	+1.131e+04	+0.817
127.500	+3.326e+03	+6.513e+03	+9.778e+03	+0.662
127.600	+5.882e+03	+4.092e+03	+1.025e+04	+0.410
127.700	+1.500e+03	+8.302e+03	+1.056e+04	+0.847
127.800	+4.368e+03	+8.317e+03	+1.046e+04	+0.656
127.900	+4.714e+03	+4.806e+03	+1.001e+04	+0.505
128.000	+7.482e+03	+3.550e+03	+9.675e+03	+0.322
128.100	+7.830e+03	+3.472e+03	+1.070e+04	+0.307
128.200	+6.212e+03	+4.100e+03	+9.831e+03	+0.398
128.300	+7.695e+03	+2.918e+03	+1.112e+04	+0.275
128.400	+7.026e+03	+3.952e+03	+1.082e+04	+0.360
128.500	+5.074e+03	+4.411e+03	+9.276e+03	+0.465
128.600	+2.803e+03	+6.499e+03	+1.102e+04	+0.699
128.700	+2.600e+03	+9.158e+03	+9.538e+03	+0.779
128.800	+2.564e+03	+7.408e+03	+1.010e+04	+0.743
128.900	+5.846e+03	+3.262e+03	+1.041e+04	+0.358
129.000	+7.869e+03	+1.354e+03	+9.196e+03	+0.147
129.100	+6.795e+03	+2.562e+03	+9.690e+03	+0.274
129.200	+7.415e+03	+3.248e+03	+1.112e+04	+0.305
129.300	+8.221e+03	+1.518e+03	+1.251e+04	+0.156
129.400	+6.514e+03	+2.656e+03	+1.026e+04	+0.290
129.500	+2.399e+03	+6.483e+03	+8.949e+03	+0.730
129.600	+3.702e+03	+6.725e+03	+1.113e+04	+0.645
129.700	+3.140e+03	+8.142e+03	+1.066e+04	+0.722
129.800	+3.774e+03	+7.481e+03	+9.538e+03	+0.665
129.900	+4.711e+03	+7.253e+03	+9.185e+03	+0.606
130.000	+2.945e+03	+5.107e+03	+9.799e+03	+0.634
130.100	+3.232e+03	+7.989e+03	+1.212e+04	+0.712
130.200	+3.757e+03	+8.265e+03	+1.031e+04	+0.687
130.300	+3.923e+03	+6.777e+03	+1.082e+04	+0.633
130.400	+5.028e+03	+7.487e+03	+9.515e+03	+0.598
130.500	+3.969e+03	+8.012e+03	+1.080e+04	+0.669
130.600	+2.121e+03	+6.441e+03	+1.004e+04	+0.752
130.700	+3.643e+03	+7.228e+03	+8.796e+03	+0.665
130.800	+2.815e+03	+6.443e+03	+9.723e+03	+0.696
130.900	+1.974e+03	+7.074e+03	+1.067e+04	+0.782
131.000	+2.561e+03	+7.111e+03	+8.169e+03	+0.735
131.100	+7.445e+02	+6.672e+03	+1.079e+04	+0.900
131.200	+4.213e+03	+7.223e+03	+1.055e+04	+0.632
131.300	+2.071e+03	+7.273e+03	+9.071e+03	+0.778
131.400	+2.566e+03	+6.966e+03	+1.052e+04	+0.731
131.500	+3.492e+03	+8.644e+03	+9.319e+03	+0.712
131.600	+3.858e+03	+6.702e+03	+1.012e+04	+0.635
131.700	+3.993e+03	+7.541e+03	+1.034e+04	+0.654
131.800	+2.686e+03	+7.796e+03	+1.033e+04	+0.744
131.900	+2.842e+03	+6.396e+03	+1.094e+04	+0.692
132.000	+4.023e+03	+6.549e+03	+1.244e+04	+0.619
132.100	+2.677e+03	+7.602e+03	+1.118e+04	+0.740
132.200	+2.312e+03	+5.544e+03	+9.575e+03	+0.706
132.300	+2.788e+03	+5.466e+03	+8.368e+03	+0.662
132.400	+3.384e+03	+5.552e+03	+9.960e+03	+0.621
132.500	+3.830e+03	+6.923e+03	+1.105e+04	+0.644
132.600	+2.591e+03	+4.366e+03	+1.020e+04	+0.628
132.700	+3.498e+03	+6.107e+03	+9.492e+03	+0.636
132.800	+4.116e+03	+8.243e+03	+1.031e+04	+0.667
132.900	+3.026e+03	+6.613e+03	+1.051e+04	+0.686
133.000	+3.035e+03	+8.212e+03	+1.028e+04	+0.730
133.100	+3.489e+03	+8.374e+03	+9.442e+03	+0.706
133.200	+2.877e+03	+6.518e+03	+1.053e+04	+0.694
133.300	+2.675e+03	+5.971e+03	+9.543e+03	+0.691
133.400	+2.780e+03	+6.734e+03	+1.004e+04	+0.708
133.500	+4.599e+03	+5.142e+03	+1.077e+04	+0.528
133.600	+6.651e+03	+2.593e+03	+1.054e+04	+0.281
133.700	+7.431e+03	+4.725e+03	+1.005e+04	+0.389
133.800	+4.770e+03	+6.943e+03	+1.004e+04	+0.593
133.900	+4.564e+03	+7.627e+03	+9.095e+03	+0.626
134.000	+2.883e+03	+5.807e+03	+8.509e+03	+0.668
134.100	+2.855e+03	+7.319e+03	+9.049e+03	+0.719
134.200	+1.817e+03	+6.272e+03	+1.007e+04	+0.775
134.300	+3.195e+03	+7.595e+03	+1.038e+04	+0.704
134.400	+2.911e+03	+7.755e+03	+9.378e+03	+0.727
134.500	+3.192e+03	+6.377e+03	+9.579e+03	+0.666
134.600	+3.474e+03	+6.741e+03	+9.579e+03	+0.660
134.700	+3.716e+03	+6.519e+03	+9.668e+03	+0.637
134.800	+4.203e+03	+7.273e+03	+1.121e+04	+0.634
134.900	+4.475e+03	+5.103e+03	+8.034e+03	+0.533
135.000	+7.215e+03	+3.087e+03	+9.148e+03	+0.300
135.100	+6.436e+03	+2.863e+03	+1.131e+04	+0.308
135.200	+6.929e+03	+3.497e+03	+1.012e+04	+0.335
135.300	+7.595e+03	+2.865e+03	+1.029e+04	+0.274
135.400	+4.400e+03	+4.025e+03	+9.246e+03	+0.478
135.500	+4.133e+03	+6.271e+03	+9.801e+03	+0.603
135.600	+1.821e+03	+6.845e+03	+9.297e+03	+0.790
135.700	+2.316e+03	+6.210e+03	+1.032e+04	+0.728
135.800	+2.218e+03	+8.029e+03	+1.037e+04	+0.784
135.900	+1.447e+03	+6.301e+03	+1.032e+04	+0.813
136.000	+3.201e+03	+7.108e+03	+8.725e+03	+0.689
136.100	+2.436e+03	+5.830e+03	+8.792e+03	+0.705
136.200	+4.392e+03	+8.137e+03	+1.015e+04	+0.649
136.300	+4.098e+03	+5.766e+03	+9.713e+03	+0.585
136.400	+2.677e+03	+6.490e+03	+8.001e+03	+0.708
136.500	+1.974e+03	+7.143e+03	+1.176e+04	+0.783
136.600	+2.454e+03	+8.373e+03	+1.018e+04	+0.773
136.700	+2.027e+03	+7.253e+03	+1.039e+04	+0.782
136.800	+3.347e+03	+8.865e+03	+1.080e+04	+0.726
136.900	+1.829e+03	+6.885e+03	+1.039e+04	+0.790
137.000	+3.718e+03	+7.770e+03	+1.083e+04	+0.676
137.100	+2.316e+03	+7.733e+03	+1.009e+04	+0.770
137.200	+4.758e+03	+6.595e+03	+9.843e+03	+0.581
137.300	+3.716e+03	+5.797e+03	+1.015e+04	+0.609
137.400	+7.097e+03	+3.202e+03	+1.008e+04	+0.311
137.500	+7.617e+03	+2.751e+03	+9.450e+03	+0.265
137.600	+7.320e+03	+2.160e+03	+1.028e+04	+0.228
137.700	+7.468e+03	+3.883e+03	+9.543e+03	+0.342
137.800	+7.064e+03	+2.468e+03	+1.044e+04	+0.259
137.900	+6.785e+03	+3.579e+03	+9.836e+03	+0.345
138.000	+5.847e+03	+3.898e+03	+1.082e+04	+0.400
138.100	+7.316e+03	+2.627e+03	+1.082e+04	+0.264
138.200	+2.177e+03	+6.322e+03	+9.139e+03	+0.744
138.300	+5.998e+03	+4.001e+03	+9.788e+03	+0.400
138.400	+6.063e+03	+3.869e+03	+9.532e+03	+0.390
138.500	+7.360e+03	+2.306e+03	+9.601e+03	+0.239
138.600	+7.507e+03	+3.706e+03	+9.797e+03	+0.330
138.700	+6.866e+03	+3.560e+03	+1.130e+04	+0.341
138.800	+6.888e+03	+2.525e+03	+1.125e+04	+0.268
138.900	+7.181e+03	+2.917e+03	+9.911e+03	+0.289
139.000	+4.196e+03	+6.575e+03	+1.071e+04	+0.610
139.100	+2.368e+03	+5.497e+03	+1.019e+04	+0.699
139.200	+2.926e+03	+5.816e+03	+1.110e+04	+0.665
139.300	+3.461e+03	+7.264e+03	+1.018e+04	+0.677
139.400	+2.953e+03	+7.942e+03	+9.906e+03	+0.729
139.500	+2.661e+03	+6.475e+03	+1.032e+04	+0.709
139.600	+2.924e+03	+7.825e+03	+1.061e+04	+0.728
139.700	+2.116e+03	+7.007e+03	+1.131e+04	+0.768
139.800	+6.882e+03	+3.907e+03	+1.058e+04	+0.362
139.900	+5.828e+03	+2.122e+03	+9.452e+03	+0.267
140.000	+6.508e+03	+1.811e+03	+7.902e+03	+0.218
140.100	+7.793e+03	+3.445e+03	+9.562e+03	+0.307
140.200	+7.085e+03	+3.118e+03	+1.012e+04	+0.306
140.300	+7.476e+03	+2.772e+03	+1.103e+04	+0.270
140.400	+7.128e+03	+1.504e+03	+7.978e+03	+0.174
140.500	+7.401e+03	+3.266e+03	+1.129e+04	+0.306
140.600	+6.338e+03	+3.302e+03	+1.012e+04	+0.343
140.700	+8.597e+03	+4.224e+03	+8.633e+03	+0.329
140.800	+7.392e+03	+3.198e+03	+9.863e+03	+0.302
140.900	+1.899e+03	+7.176e+03	+8.603e+03	+0.791
141.000	+3.167e+03	+7.920e+03	+8.661e+03	+0.714
141.100	+4.110e+03	+7.241e+03	+1.025e+04	+0.638
141.200	+3.494e+03	+6.481e+03	+1.016e+04	+0.650
141.300	+3.939e+03	+8.369e+03	+1.066e+04	+0.680
141.400	+2.412e+03	+6.960e+03	+1.062e+04	+0.743
141.500	+3.967e+03	+7.264e+03	+9.043e+03	+0.647
141.600	+3.515e+03	+5.701e+03	+9.592e+03	+0.619
141.700	+2.964e+03	+7.194e+03	+1.103e+04	+0.708
141.800	+2.437e+03	+6.482e+03	+9.785e+03	+0.727
141.900	+4.708e+03	+8.470e+03	+1.079e+04	+0.643
142.000	+3.077e+03	+6.944e+03	+9.562e+03	+0.693
142.100	+2.990e+03	+5.589e+03	+9.272e+03	+0.651
142.200	+4.579e+03	+5.611e+03	+1.022e+04	+0.551
142.300	+4.093e+03	+5.453e+03	+9.836e+03	+0.571
142.400	+3.345e+03	+6.419e+03	+1.011e+04	+0.657
142.500	+2.823e+03	+6.595e+03	+9.797e+03	+0.700
142.600	+1.623e+03	+6.682e+03	+1.064e+04	+0.805
142.700	+2.485e+03	+7.294e+03	+9.418e+03	+0.746
142.800	+5.249e+03	+5.745e+03	+1.067e+04	+0.523
142.900	+6.642e+03	+3.526e+03	+1.071e+04	+0.347
143.000	+7.141e+03	+3.966e+03	+1.144e+04	+0.357
143.100	+6.024e+03	+3.466e+03	+1.086e+04	+0.365
143.200	+2.297e+03	+7.428e+03	+1.202e+04	+0.764
143.300	+3.495e+03	+8.524e+03	+9.548e+03	+0.709
143.400	+3.311e+03	+7.031e+03	+8.502e+03	+0.680
143.500	+4.024e+03	+7.481e+03	+1.037e+04	+0.650
143.600	+7.081e+03	+2.915e+03	+1.003e+04	+0.292
143.700	+6.462e+03	+3.456e+03	+9.308e+03	+0.348
143.800	+5.088e+03	+5.578e+03	+9.950e+03	+0.523
143.900	+2.605e+03	+6.320e+03	+8.816e+03	+0.708
144.000	+2.404e+03	+7.352e+03	+9.919e+03	+0.754
144.100	+2.973e+03	+5.968e+03	+1.111e+04	+0.668
144.200	+2.933e+03	+7.559e+03	+1.078e+04	+0.720
144.300	+4.675e+03	+9.050e+03	+1.060e+04	+0.659
144.400	+2.157e+03	+5.782e+03	+1.104e+04	+0.728
144.500	+4.734e+03	+6.601e+03	+1.027e+04	+0.582
144.600	+3.006e+03	+5.576e+03	+1.122e+04	+0.650
144.700	+3.644e+03	+8.073e+03	+1.038e+04	+0.689
144.800	+1.905e+03	+7.006e+03	+1.010e+04	+0.786
144.900	+7.060e+03	+1.366e+03	+9.341e+03	+0.162
145.000	+7.809e+03	+2.890e+03	+9.107e+03	+0.270
145.100	+7.208e+03	+1.532e+03	+8.953e+03	+0.175
145.200	+6.632e+03	+3.354e+03	+1.005e+04	+0.336
145.300	+8.811e+03	+7.456e+02	+1.030e+04	+0.078
145.400	+7.755e+03	+2.464e+03	+9.793e+03	+0.241
145.500	+5.683e+03	+4.302e+03	+1.046e+04	+0.431
145.600	+3.436e+03	+7.791e+03	+1.198e+04	+0.694
145.700	+7.031e+03	+3.187e+03	+9.451e+03	+0.312
145.800	+5.239e+03	+1.631e+03	+1.016e+04	+0.237
145.900	+6.615e+03	+2.645e+03	+9.361e+03	+0.286
146.000	+7.006e+03	+1.926e+03	+9.556e+03	+0.216
146.100	+6.265e+03	+3.904e+03	+1.096e+04	+0.384
146.200	+6.102e+03	+2.498e+03	+1.099e+04	+0.290
146.300	+6.250e+03	+2.448e+03	+9.612e+03	+0.281
146.400	+6.658e+03	+2.765e+03	+1.029e+04	+0.293
146.500	+7.474e+03	+3.952e+03	+1.021e+04	+0.346
146.600	+5.004e+03	+5.664e+03	+9.634e+03	+0.531
146.700	+2.688e+03	+7.828e+03	+1.086e+04	+0.744
146.800	+3.141e+03	+5.698e+03	+9.205e+03	+0.645
146.900	+3.704e+03	+7.748e+03	+9.709e+03	+0.677
147.000	+3.854e+03	+6.659e+03	+9.533e+03	+0.633
147.100	+4.234e+03	+7.457e+03	+9.438e+03	+0.638
147.200	+2.491e+03	+7.241e+03	+9.719e+03	+0.744
147.300	+3.742e+03	+7.676e+03	+9.753e+03	+0.672
147.400	+3.918e+03	+7.915e+03	+1.000e+04	+0.669
147.500	+3.442e+03	+6.313e+03	+1.025e+04	+0.647
147.600	+2.887e+03	+6.218e+03	+9.563e+03	+0.683
147.700	+2.860e+03	+7.779e+03	+1.176e+04	+0.731
147.800	+2.753e+03	+7.615e+03	+9.373e+03	+0.734
147.900	+1.410e+03	+7.049e+03	+9.451e+03	+0.833
148.000	+2.354e+03	+7.348e+03	+1.001e+04	+0.757
148.100	+3.172e+03	+7.061e+03	+8.594e+03	+0.690
148.200	+4.035e+03	+7.392e+03	+9.549e+03	+0.647
148.300	+2.350e+03	+8.112e+03	+9.445e+03	+0.775
148.400	+1.907e+03	+7.278e+03	+1.155e+04	+0.792
148.500	+3.463e+03	+8.009e+03	+1.051e+04	+0.698
148.600	+3.888e+03	+6.949e+03	+9.770e+03	+0.641
148.700	+3.394e+03	+6.316e+03	+9.276e+03	+0.650
148.800	+4.505e+03	+5.216e+03	+9.427e+03	+0.537
148.900	+7.278e+03	+3.793e+03	+1.163e+04	+0.343
149.000	+1.911e+03	+8.341e+03	+1.015e+04	+0.814
149.100	+2.911e+03	+6.043e+03	+1.055e+04	+0.675
149.200	+4.017e+03	+6.624e+03	+1.119e+04	+0.623
149.300	+3.936e+03	+7.095e+03	+8.971e+03	+0.643
149.400	+2.911e+03	+8.434e+03	+1.170e+04	+0.743
149.500	+2.844e+03	+6.265e+03	+1.106e+04	+0.688
149.600	+4.079e+03	+8.260e+03	+1.067e+04	+0.669
149.700	+2.514e+03	+7.111e+03	+1.068e+04	+0.739
