%t (s)	Idd (a.u.)	Ida (a.u.)	Iaa (a.u.)	FRET E
0.000	+4.029e+03	+7.414e+03	+9.936e+03	+0.648
0.100	+3.369e+03	+5.935e+03	+9.598e+03	+0.638
0.200	+2.573e+03	+7.478e+03	+1.009e+04	+0.744
0.300	+1.583e+03	+6.638e+03	+8.892e+03	+0.807
0.400	+2.778e+03	+6.792e+03	+1.181e+04	+0.710
0.500	+3.181e+03	+7.542e+03	+1.035e+04	+0.703
0.600	+3.011e+03	+7.265e+03	+1.172e+04	+0.707
0.700	+2.687e+03	+7.237e+03	+1.054e+04	+0.729
0.800	+2.845e+03	+6.757e+03	+1.140e+04	+0.704
0.900	+2.658e+03	+7.497e+03	+1.039e+04	+0.738
1.000	+2.644e+03	+7.140e+03	+9.625e+03	+0.730
1.100	+1.835e+03	+6.324e+03	+1.017e+04	+0.775
1.200	+3.386e+03	+6.270e+03	+1.047e+04	+0.649
1.300	+3.308e+03	+7.161e+03	+1.053e+04	+0.684
1.400	+3.002e+03	+7.959e+03	+9.879e+03	+0.726
1.500	+2.756e+03	+7.875e+03	+1.047e+04	+0.741
1.600	+3.357e+03	+8.756e+03	+9.382e+03	+0.723
1.700	+2.710e+03	+7.380e+03	+1.014e+04	+0.731
1.800	+3.536e+03	+7.647e+03	+1.021e+04	+0.684
1.900	+2.226e+03	+6.662e+03	+9.926e+03	+0.750
2.000	+6.663e+03	+3.886e+03	+1.014e+04	+0.368
2.100	+8.536e+03	+2.997e+03	+9.096e+03	+0.260
2.200	+6.975e+03	+4.210e+03	+9.013e+03	+0.376
2.300	+5.726e+03	+5.140e+03	+9.729e+03	+0.473
2.400	+3.762e+03	+8.078e+03	+1.010e+04	+0.682
2.500	+4.225e+03	+5.896e+03	+1.032e+04	+0.583
2.600	+8.685e+03	+3.862e+03	+9.861e+03	+0.308
2.700	+7.522e+03	+3.215e+03	+1.191e+04	+0.299
2.800	+7.211e+03	+1.018e+03	+8.673e+03	+0.124
2.900	+6.171e+03	+3.090e+03	+1.102e+04	+0.334
3.000	+3.816e+03	+5.488e+03	+1.068e+04	+0.590
3.100	+3.097e+03	+8.805e+03	+1.055e+04	+0.740
3.200	+3.119e+03	+6.728e+03	+1.000e+04	+0.683
3.300	+2.066e+03	+7.318e+03	+1.085e+04	+0.780
3.400	+2.960e+03	+7.411e+03	+9.596e+03	+0.715
3.500	+3.806e+03	+6.862e+03	+9.681e+03	+0.643
3.600	+2.594e+03	+6.358e+03	+1.116e+04	+0.710
3.700	+3.899e+03	+6.583e+03	+9.903e+03	+0.628
3.800	+2.019e+03	+6.494e+03	+1.040e+04	+0.763
3.900	+3.516e+03	+6.108e+03	+1.013e+04	+0.635
4.000	+2.533e+03	+6.893e+03	+1.024e+04	+0.731
4.100	+3.069e+03	+6.950e+03	+9.345e+03	+0.694
4.200	+2.237e+03	+4.976e+03	+9.121e+03	+0.690
4.300	+2.285e+03	+6.364e+03	+1.036e+04	+0.736
4.400	+3.414e+03	+5.856e+03	+9.679e+03	+0.632
4.500	+2.687e+03	+6.328e+03	+8.059e+03	+0.702
4.600	+2.980e+03	+5.867e+03	+8.730e+03	+0.663
4.700	+3.176e+03	+6.763e+03	+9.747e+03	+0.680
4.800	+2.491e+03	+7.241e+03	+9.482e+03	+0.744
4.900	+3.381e+03	+7.491e+03	+9.644e+03	+0.689
5.000	+7.725e+03	+2.874e+03	+1.116e+04	+0.271
5.100	+7.627e+03	+2.421e+03	+9.156e+03	+0.241
5.200	+7.696e+03	+2.728e+03	+9.960e+03	+0.262
5.300	+5.782e+03	+2.001e+03	+9.123e+03	+0.257
5.400	+6.083e+03	+3.250e+03	+1.120e+04	+0.348
5.500	+6.987e+03	+3.933e+03	+1.063e+04	+0.360
5.600	+7.139e+03	+3.333e+03	+7.078e+03	+0.318
5.700	+7.148e+03	+2.457e+03	+1.085e+04	+0.256
5.800	+5.951e+03	+3.778e+03	+1.119e+04	+0.388
5.900	+7.454e+03	+3.620e+03	+8.941e+03	+0.327
6.000	+6.864e+03	+3.667e+03	+9.934e+03	+0.348
6.100	+6.364e+03	+2.416e+03	+1.050e+04	+0.275
6.200	+7.534e+03	+2.469e+03	+1.142e+04	+0.247
6.300	+7.412e+03	+3.902e+03	+1.097e+04	+0.345
6.400	+7.515e+03	+2.556e+03	+1.026e+04	+0.254
6.500	+7.087e+03	+1.837e+03	+9.334e+03	+0.206
6.600	+6.969e+03	+2.587e+03	+1.049e+04	+0.271
6.700	+7.201e+03	+3.201e+03	+1.065e+04	+0.308
6.800	+6.566e+03	+3.428e+03	+1.061e+04	+0.343
6.900	+5.563e+03	+2.816e+03	+1.026e+04	+0.336
7.000	+6.298e+03	+3.322e+03	+9.937e+03	+0.345
7.100	+5.324e+03	+7.084e+03	+9.801e+03	+0.571
7.200	+3.026e+03	+7.777e+03	+1.075e+04	+0.720
7.300	+4.003e+03	+6.710e+03	+1.124e+04	+0.626
7.400	+3.208e+03	+7.426e+03	+9.158e+03	+0.698
7.500	+2.459e+03	+7.232e+03	+1.007e+04	+0.746
7.600	+3.236e+03	+8.376e+03	+9.355e+03	+0.721
7.700	+1.759e+03	+6.019e+03	+1.023e+04	+0.774
7.800	+3.156e+03	+6.512e+03	+1.051e+04	+0.674
7.900	+2.349e+03	+7.996e+03	+1.082e+04	+0.773
8.000	+3.366e+03	+6.784e+03	+9.393e+03	+0.668
8.100	+3.239e+03	+6.809e+03	+1.041e+04	+0.678
8.200	+2.376e+03	+7.481e+03	+8.768e+03	+0.759
8.300	+3.565e+03	+7.035e+03	+9.354e+03	+0.664
8.400	+4.136e+03	+6.427e+03	+1.098e+04	+0.608
8.500	+6.343e+03	+3.862e+03	+9.526e+03	+0.378
8.600	+6.391e+03	+2.899e+03	+1.037e+04	+0.312
8.700	+5.684e+03	+3.250e+03	+9.037e+03	+0.364
8.800	+7.007e+03	+1.697e+03	+1.067e+04	+0.195
8.900	+7.530e+03	+3.150e+03	+1.011e+04	+0.295
9.000	+7.072e+03	+4.344e+03	+9.709e+03	+0.381
9.100	+5.606e+03	+3.341e+03	+9.932e+03	+0.373
9.200	+7.415e+03	+3.491e+03	+1.075e+04	+0.320
9.300	+6.607e+03	+4.434e+03	+9.889e+03	+0.402
9.400	+8.575e+03	+2.653e+03	+9.809e+03	+0.236
9.500	+7.255e+03	+3.161e+03	+8.985e+03	+0.304
9.600	+7.633e+03	+3.203e+03	+9.150e+03	+0.296
9.700	+7.121e+03	+4.127e+03	+9.643e+03	+0.367
9.800	+2.913e+03	+7.187e+03	+9.099e+03	+0.712
9.900	+4.293e+03	+7.338e+03	+8.846e+03	+0.631
10.000	+2.716e+03	+7.095e+03	+1.117e+04	+0.723
10.100	+1.954e+03	+6.505e+03	+1.036e+04	+0.769
10.200	+2.602e+03	+6.046e+03	+9.264e+03	+0.699
10.300	+1.448e+03	+6.019e+03	+1.067e+04	+0.806
10.400	+3.724e+03	+6.200e+03	+1.079e+04	+0.625
10.500	+3.622e+03	+8.070e+03	+1.085e+04	+0.690
10.600	+3.983e+03	+5.499e+03	+1.008e+04	+0.580
10.700	+7.482e+03	+3.376e+03	+8.872e+03	+0.311
10.800	+7.191e+03	+2.057e+03	+1.039e+04	+0.222
10.900	+6.649e+03	+4.049e+03	+1.057e+04	+0.378
11.000	+8.221e+03	+2.956e+03	+9.345e+03	+0.264
11.100	+7.449e+03	+3.772e+03	+9.924e+03	+0.336
11.200	+6.708e+03	+2.710e+03	+1.005e+04	+0.288
11.300	+7.072e+03	+4.013e+03	+8.877e+03	+0.362
11.400	+5.261e+03	+2.446e+03	+9.603e+03	+0.317
11.500	+8.083e+03	+2.703e+03	+9.509e+03	+0.251
11.600	+8.008e+03	+3.983e+03	+9.837e+03	+0.332
11.700	+6.811e+03	+3.633e+03	+1.148e+04	+0.348
11.800	+6.799e+03	+4.031e+03	+1.115e+04	+0.372
11.900	+4.709e+03	+5.868e+03	+9.436e+03	+0.555
12.000	+3.636e+03	+6.880e+03	+8.791e+03	+0.654
12.100	+1.973e+03	+6.921e+03	+9.839e+03	+0.778
12.200	+9.832e+02	+7.076e+03	+1.013e+04	+0.878
12.300	+1.729e+03	+7.393e+03	+9.519e+03	+0.810
12.400	+2.402e+03	+7.743e+03	+1.047e+04	+0.763
12.500	+3.934e+03	+7.862e+03	+9.630e+03	+0.666
12.600	+2.513e+03	+7.435e+03	+1.009e+04	+0.747
12.700	+2.935e+03	+6.862e+03	+9.950e+03	+0.700
12.800	+3.750e+03	+6.147e+03	+8.870e+03	+0.621
12.900	+2.603e+03	+6.323e+03	+9.410e+03	+0.708
13.000	+3.864e+03	+7.248e+03	+9.931e+03	+0.652
13.100	+1.733e+03	+6.979e+03	+9.868e+03	+0.801
13.200	+3.328e+03	+8.975e+03	+9.976e+03	+0.729
13.300	+3.946e+03	+6.884e+03	+9.211e+03	+0.636
13.400	+1.476e+03	+7.822e+03	+9.949e+03	+0.841
13.500	+4.394e+03	+6.965e+03	+9.538e+03	+0.613
13.600	+3.381e+03	+7.487e+03	+1.008e+04	+0.689
13.700	+4.362e+03	+6.654e+03	+1.034e+04	+0.604
13.800	+2.903e+03	+7.103e+03	+8.915e+03	+0.710
13.900	+2.080e+03	+7.541e+03	+8.966e+03	+0.784
14.000	+6.141e+03	+2.943e+03	+1.190e+04	+0.324
14.100	+7.349e+03	+3.347e+03	+9.901e+03	+0.313
14.200	+7.111e+03	+3.622e+03	+1.102e+04	+0.337
14.300	+8.157e+03	+2.246e+03	+8.483e+03	+0.216
14.400	+6.863e+03	+3.521e+03	+8.636e+03	+0.339
14.500	+7.679e+03	+2.602e+03	+1.088e+04	+0.253
14.600	+6.652e+03	+9.265e+02	+1.073e+04	+0.122
14.700	+7.281e+03	+2.918e+03	+9.313e+03	+0.286
14.800	+7.126e+03	+3.700e+03	+1.159e+04	+0.342
14.900	+8.233e+03	+2.998e+03	+9.512e+03	+0.267
15.000	+7.188e+03	+3.841e+03	+1.055e+04	+0.348
15.100	+7.283e+03	+2.081e+03	+1.023e+04	+0.222
15.200	+6.673e+03	+3.789e+03	+1.026e+04	+0.362
15.300	+6.322e+03	+3.242e+03	+9.514e+03	+0.339
15.400	+4.275e+03	+6.447e+03	+9.117e+03	+0.601
15.500	+2.032e+03	+6.899e+03	+1.064e+04	+0.772
15.600	+4.346e+03	+8.803e+03	+1.014e+04	+0.669
15.700	+3.512e+03	+5.668e+03	+1.013e+04	+0.617
15.800	+7.544e+03	+3.425e+03	+9.338e+03	+0.312
15.900	+6.812e+03	+3.765e+03	+1.010e+04	+0.356
16.000	+7.997e+03	+2.814e+03	+9.023e+03	+0.260
16.100	+6.634e+03	+1.713e+03	+9.769e+03	+0.205
16.200	+7.215e+03	+3.493e+03	+1.098e+04	+0.326
16.300	+6.143e+03	+2.461e+03	+9.966e+03	+0.286
16.400	+7.920e+03	+3.969e+03	+9.845e+03	+0.334
16.500	+7.154e+03	+2.230e+03	+1.019e+04	+0.238
16.600	+5.721e+03	+3.404e+03	+1.168e+04	+0.373
16.700	+7.032e+03	+5.156e+03	+1.008e+04	+0.423
16.800	+6.199e+03	+2.722e+03	+1.012e+04	+0.305
16.900	+6.740e+03	+3.314e+03	+9.453e+03	+0.330
17.000	+8.173e+03	+4.249e+03	+1.032e+04	+0.342
17.100	+7.805e+03	+3.547e+03	+9.270e+03	+0.312
17.200	+6.669e+03	+4.039e+03	+1.059e+04	+0.377
17.300	+8.045e+03	+4.255e+03	+1.028e+04	+0.346
17.400	+6.293e+03	+3.184e+03	+8.643e+03	+0.336
17.500	+6.891e+03	+3.240e+03	+9.498e+03	+0.320
17.600	+7.023e+03	+4.116e+03	+1.051e+04	+0.370
17.700	+8.053e+03	+2.520e+03	+8.803e+03	+0.238
17.800	+7.919e+03	+3.441e+03	+9.914e+03	+0.303
17.900	+5.170e+03	+5.486e+03	+1.033e+04	+0.515
18.000	+2.600e+03	+6.247e+03	+1.009e+04	+0.706
18.100	+2.915e+03	+6.272e+03	+1.132e+04	+0.683
18.200	+2.359e+03	+6.740e+03	+1.090e+04	+0.741
18.300	+3.415e+03	+6.294e+03	+1.055e+04	+0.648
18.400	+4.525e+03	+6.020e+03	+1.013e+04	+0.571
18.500	+2.952e+03	+7.088e+03	+1.164e+04	+0.706
18.600	+3.341e+03	+6.959e+03	+1.158e+04	+0.676
18.700	+4.381e+03	+5.456e+03	+9.775e+03	+0.555
18.800	+6.898e+03	+3.157e+03	+9.423e+03	+0.314
18.900	+7.740e+03	+4.032e+03	+9.082e+03	+0.343
19.000	+6.397e+03	+2.985e+03	+8.557e+03	+0.318
19.100	+6.103e+03	+8.217e+02	+1.020e+04	+0.119
19.200	+6.304e+03	+2.741e+03	+1.026e+04	+0.303
19.300	+7.379e+03	+3.160e+03	+1.040e+04	+0.300
19.400	+6.344e+03	+3.344e+03	+1.078e+04	+0.345
19.500	+7.184e+03	+3.997e+03	+1.016e+04	+0.357
19.600	+7.960e+03	+2.812e+03	+9.891e+03	+0.261
19.700	+8.393e+03	+2.814e+03	+1.023e+04	+0.251
19.800	+8.583e+03	+2.543e+03	+1.096e+04	+0.229
19.900	+7.101e+03	+3.433e+03	+1.015e+04	+0.326
20.000	+5.933e+03	+3.189e+03	+9.954e+03	+0.350
20.100	+7.363e+03	+4.257e+03	+9.080e+03	+0.366
20.200	+8.682e+03	+3.270e+03	+8.831e+03	+0.274
20.300	+6.849e+03	+3.545e+03	+1.000e+04	+0.341
20.400	+6.598e+03	+1.625e+03	+9.287e+03	+0.198
20.500	+8.083e+03	+2.325e+03	+1.146e+04	+0.223
20.600	+8.353e+03	+3.417e+03	+1.011e+04	+0.290
20.700	+7.265e+03	+2.506e+03	+8.804e+03	+0.256
20.800	+6.059e+03	+3.076e+03	+1.014e+04	+0.337
20.900	+6.460e+03	+2.653e+03	+1.066e+04	+0.291
21.000	+7.009e+03	+3.288e+03	+9.019e+03	+0.319
21.100	+7.744e+03	+4.210e+03	+1.036e+04	+0.352
21.200	+7.695e+03	+3.441e+03	+1.040e+04	+0.309
21.300	+6.073e+03	+3.394e+03	+9.854e+03	+0.359
21.400	+7.560e+03	+3.045e+03	+1.003e+04	+0.287
21.500	+6.207e+03	+3.159e+03	+1.007e+04	+0.337
21.600	+7.733e+03	+2.905e+03	+1.000e+04	+0.273
21.700	+4.710e+03	+5.243e+03	+9.726e+03	+0.527
21.800	+2.645e+03	+7.761e+03	+1.056e+04	+0.746
21.900	+3.510e+03	+8.226e+03	+1.051e+04	+0.701
22.000	+2.829e+03	+7.002e+03	+1.055e+04	+0.712
22.100	+3.126e+03	+7.223e+03	+1.014e+04	+0.698
22.200	+3.960e+03	+7.207e+03	+9.239e+03	+0.645
22.300	+2.471e+03	+7.262e+03	+1.013e+04	+0.746
22.400	+3.364e+03	+6.228e+03	+1.070e+04	+0.649
22.500	+3.609e+03	+7.865e+03	+9.394e+03	+0.685
22.600	+3.522e+03	+7.835e+03	+9.100e+03	+0.690
22.700	+1.614e+03	+7.841e+03	+9.162e+03	+0.829
22.800	+1.915e+03	+6.940e+03	+1.121e+04	+0.784
22.900	+3.376e+03	+7.315e+03	+1.030e+04	+0.684
23.000	+4.013e+03	+8.119e+03	+9.176e+03	+0.669
23.100	+2.556e+03	+8.034e+03	+9.082e+03	+0.759
23.200	+3.030e+03	+8.310e+03	+1.093e+04	+0.733
23.300	+2.445e+03	+7.760e+03	+1.094e+04	+0.760
23.400	+4.123e+03	+6.592e+03	+1.176e+04	+0.615
23.500	+2.751e+03	+7.597e+03	+1.090e+04	+0.734
23.600	+3.332e+03	+7.126e+03	+9.844e+03	+0.681
23.700	+2.768e+03	+6.468e+03	+8.986e+03	+0.700
23.800	+2.752e+03	+7.044e+03	+1.027e+04	+0.719
23.900	+2.882e+03	+8.183e+03	+1.133e+04	+0.740
24.000	+5.877e+03	+5.878e+03	+1.152e+04	+0.500
24.100	+7.007e+03	+3.432e+03	+8.793e+03	+0.329
24.200	+7.574e+03	+2.644e+03	+1.124e+04	+0.259
24.300	+7.392e+03	+3.958e+03	+9.759e+03	+0.349
24.400	+7.201e+03	+2.730e+03	+9.635e+03	+0.275
24.500	+3.422e+03	+6.933e+03	+1.084e+04	+0.670
24.600	+3.773e+03	+7.879e+03	+1.053e+04	+0.676
24.700	+3.070e+03	+7.393e+03	+1.118e+04	+0.707
24.800	+2.964e+03	+6.071e+03	+1.091e+04	+0.672
24.900	+4.804e+03	+5.929e+03	+9.971e+03	+0.552
25.000	+3.462e+03	+5.773e+03	+7.613e+03	+0.625
25.100	+3.728e+03	+6.541e+03	+1.069e+04	+0.637
25.200	+5.657e+03	+4.025e+03	+9.568e+03	+0.416
25.300	+6.490e+03	+2.610e+03	+8.883e+03	+0.287
25.400	+6.521e+03	+3.815e+03	+9.682e+03	+0.369
25.500	+6.265e+03	+3.733e+03	+1.013e+04	+0.373
25.600	+3.482e+03	+5.911e+03	+9.538e+03	+0.629
25.700	+2.188e+03	+7.587e+03	+1.003e+04	+0.776
25.800	+6.208e+03	+3.840e+03	+9.943e+03	+0.382
25.900	+7.528e+03	+1.854e+03	+9.281e+03	+0.198
26.000	+7.489e+03	+4.136e+03	+1.039e+04	+0.356
26.100	+8.065e+03	+2.710e+03	+1.085e+04	+0.252
26.200	+6.296e+03	+2.161e+03	+1.147e+04	+0.255
26.300	+5.563e+03	+2.559e+03	+1.021e+04	+0.315
26.400	+1.528e+03	+7.765e+03	+8.694e+03	+0.836
26.500	+2.406e+03	+7.794e+03	+1.021e+04	+0.764
26.600	+1.346e+03	+7.692e+03	+7.604e+03	+0.851
26.700	+3.401e+03	+7.169e+03	+1.015e+04	+0.678
26.800	+3.272e+03	+7.854e+03	+1.030e+04	+0.706
26.900	+2.248e+03	+8.408e+03	+9.953e+03	+0.789
27.000	+4.468e+03	+8.181e+03	+1.081e+04	+0.647
27.100	+2.188e+03	+7.242e+03	+1.030e+04	+0.768
27.200	+2.130e+03	+6.601e+03	+1.034e+04	+0.756
27.300	+3.083e+03	+7.978e+03	+7.826e+03	+0.721
27.400	+2.052e+03	+8.470e+03	+1.059e+04	+0.805
27.500	+3.267e+03	+6.856e+03	+1.112e+04	+0.677
27.600	+2.885e+03	+6.379e+03	+1.155e+04	+0.689
27.700	+3.644e+03	+7.608e+03	+8.995e+03	+0.676
27.800	+9.258e+02	+6.170e+03	+9.602e+03	+0.870
27.900	+4.248e+03	+7.222e+03	+1.039e+04	+0.630
28.000	+2.369e+03	+7.391e+03	+1.093e+04	+0.757
28.100	+2.975e+03	+7.767e+03	+1.092e+04	+0.723
28.200	+1.367e+03	+7.480e+03	+9.101e+03	+0.846
28.300	+3.150e+03	+7.608e+03	+1.088e+04	+0.707
28.400	+4.129e+03	+7.286e+03	+9.166e+03	+0.638
28.500	+3.521e+03	+6.556e+03	+1.057e+04	+0.651
28.600	+3.189e+03	+7.708e+03	+9.699e+03	+0.707
28.700	+3.821e+03	+6.909e+03	+1.025e+04	+0.644
28.800	+4.293e+03	+6.491e+03	+1.009e+04	+0.602
28.900	+2.123e+03	+6.631e+03	+1.010e+04	+0.757
29.000	+3.202e+03	+6.691e+03	+9.885e+03	+0.676
29.100	+3.359e+03	+6.833e+03	+1.098e+04	+0.670
29.200	+4.165e+03	+5.844e+03	+1.019e+04	+0.584
29.300	+3.322e+03	+6.326e+03	+9.748e+03	+0.656
29.400	+3.292e+03	+7.159e+03	+9.585e+03	+0.685
29.500	+2.382e+03	+8.882e+03	+1.012e+04	+0.789
29.600	+2.730e+03	+5.517e+03	+1.060e+04	+0.669
29.700	+1.763e+03	+8.632e+03	+9.929e+03	+0.830
29.800	+1.995e+03	+7.168e+03	+1.024e+04	+0.782
29.900	+3.349e+03	+8.395e+03	+1.111e+04	+0.715
30.000	+2.181e+03	+8.004e+03	+9.138e+03	+0.786
30.100	+3.807e+03	+7.220e+03	+8.972e+03	+0.655
30.200	+3.712e+03	+7.171e+03	+9.443e+03	+0.659
30.300	+3.474e+03	+7.401e+03	+9.316e+03	+0.681
30.400	+3.241e+03	+7.003e+03	+1.160e+04	+0.684
30.500	+3.341e+03	+6.280e+03	+9.759e+03	+0.653
30.600	+3.212e+03	+6.586e+03	+1.108e+04	+0.672
30.700	+9.922e+02	+6.920e+03	+1.079e+04	+0.875
30.800	+3.565e+03	+5.958e+03	+1.011e+04	+0.626
30.900	+3.325e+03	+7.595e+03	+9.227e+03	+0.696
31.000	+3.184e+03	+6.630e+03	+1.083e+04	+0.676
31.100	+2.056e+03	+8.297e+03	+9.623e+03	+0.801
31.200	+2.306e+03	+5.991e+03	+9.583e+03	+0.722
31.300	+2.260e+03	+6.936e+03	+9.913e+03	+0.754
31.400	+7.384e+03	+4.315e+03	+1.108e+04	+0.369
31.500	+6.331e+03	+2.082e+03	+9.082e+03	+0.247
31.600	+6.342e+03	+2.897e+03	+9.869e+03	+0.314
31.700	+8.119e+03	+2.878e+03	+9.098e+03	+0.262
31.800	+6.433e+03	+2.601e+03	+1.055e+04	+0.288
31.900	+7.682e+03	+1.879e+03	+1.136e+04	+0.197
32.000	+6.469e+03	+2.166e+03	+1.035e+04	+0.251
32.100	+6.694e+03	+1.518e+03	+8.229e+03	+0.185
32.200	+8.564e+03	+2.939e+03	+1.078e+04	+0.255
32.300	+6.935e+03	+3.934e+03	+1.061e+04	+0.362
32.400	+7.583e+03	+2.945e+03	+1.066e+04	+0.280
32.500	+6.661e+03	+1.915e+03	+1.093e+04	+0.223
32.600	+7.192e+03	+2.596e+03	+9.402e+03	+0.265
32.700	+7.508e+03	+1.844e+03	+8.396e+03	+0.197
32.800	+6.877e+03	+2.108e+03	+1.091e+04	+0.235
32.900	+6.896e+03	+2.264e+03	+1.104e+04	+0.247
33.000	+6.964e+03	+2.442e+03	+1.010e+04	+0.260
33.100	+6.359e+03	+2.822e+03	+9.081e+03	+0.307
33.200	+8.140e+03	+4.507e+03	+9.378e+03	+0.356
33.300	+6.955e+03	+3.331e+03	+9.828e+03	+0.324
33.400	+6.886e+03	+4.144e+03	+9.727e+03	+0.376
33.500	+6.879e+03	+1.994e+03	+9.808e+03	+0.225
33.600	+7.293e+03	+3.157e+03	+8.607e+03	+0.302
33.700	+7.013e+03	+3.244e+03	+7.959e+03	+0.316
33.800	+6.624e+03	+3.780e+03	+9.776e+03	+0.363
33.900	+6.425e+03	+1.105e+03	+9.276e+03	+0.147
34.000	+6.458e+03	+2.563e+03	+9.648e+03	+0.284
34.100	+6.260e+03	+2.735e+03	+1.185e+04	+0.304
34.200	+8.267e+03	+2.666e+03	+1.040e+04	+0.244
34.300	+6.363e+03	+2.525e+03	+9.125e+03	+0.284
34.400	+7.397e+03	+2.946e+03	+9.447e+03	+0.285
34.500	+7.214e+03	+3.194e+03	+9.048e+03	+0.307
34.600	+5.302e+03	+5.604e+03	+1.056e+04	+0.514
34.700	+3.063e+03	+6.840e+03	+1.063e+04	+0.691
34.800	+3.309e+03	+8.681e+03	+9.582e+03	+0.724
34.900	+3.062e+03	+4.442e+03	+1.055e+04	+0.592
35.000	+2.962e+03	+6.068e+03	+1.070e+04	+0.672
35.100	+4.424e+03	+7.645e+03	+9.624e+03	+0.633
35.200	+2.192e+03	+7.536e+03	+1.091e+04	+0.775
35.300	+2.780e+03	+6.534e+03	+9.001e+03	+0.702
35.400	+3.596e+03	+5.237e+03	+9.623e+03	+0.593
35.500	+2.601e+03	+7.122e+03	+1.061e+04	+0.732
35.600	+2.912e+03	+6.643e+03	+9.302e+03	+0.695
35.700	+3.448e+03	+6.750e+03	+1.113e+04	+0.662
35.800	+2.690e+03	+8.073e+03	+1.011e+04	+0.750
35.900	+1.997e+03	+6.883e+03	+9.645e+03	+0.775
36.000	+2.362e+03	+6.729e+03	+9.010e+03	+0.740
36.100	+3.722e+03	+7.237e+03	+8.254e+03	+0.660
36.200	+2.124e+03	+7.047e+03	+1.048e+04	+0.768
36.300	+3.632e+03	+5.649e+03	+1.108e+04	+0.609
36.400	+6.424e+03	+1.854e+03	+1.063e+04	+0.224
36.500	+6.261e+03	+2.742e+03	+1.103e+04	+0.305
36.600	+7.359e+03	+3.366e+03	+1.016e+04	+0.314
36.700	+7.496e+03	+3.745e+03	+8.567e+03	+0.333
36.800	+3.038e+03	+7.153e+03	+1.059e+04	+0.702
36.900	+3.506e+03	+9.026e+03	+8.569e+03	+0.720
37.000	+2.736e+03	+5.548e+03	+1.048e+04	+0.670
37.100	+2.789e+03	+5.904e+03	+1.100e+04	+0.679
37.200	+1.782e+03	+6.014e+03	+9.180e+03	+0.771
37.300	+3.619e+03	+5.737e+03	+9.337e+03	+0.613
37.400	+2.775e+03	+7.394e+03	+7.655e+03	+0.727
37.500	+3.489e+03	+6.127e+03	+1.060e+04	+0.637
37.600	+3.424e+03	+7.218e+03	+1.014e+04	+0.678
37.700	+3.878e+03	+7.361e+03	+1.018e+04	+0.655
37.800	+3.501e+03	+7.327e+03	+1.034e+04	+0.677
37.900	+1.187e+03	+8.349e+03	+1.058e+04	+0.875
38.000	+4.084e+03	+6.876e+03	+9.284e+03	+0.627
38.100	+4.068e+03	+5.915e+03	+9.606e+03	+0.593
38.200	+2.578e+03	+7.716e+03	+9.777e+03	+0.750
38.300	+2.914e+03	+6.502e+03	+1.041e+04	+0.690
38.400	+2.298e+03	+7.450e+03	+9.228e+03	+0.764
38.500	+2.799e+03	+7.638e+03	+1.015e+04	+0.732
38.600	+5.083e+03	+3.676e+03	+9.002e+03	+0.420
38.700	+7.837e+03	+3.300e+03	+1.136e+04	+0.296
38.800	+6.045e+03	+2.084e+03	+9.777e+03	+0.256
38.900	+2.985e+03	+5.310e+03	+1.028e+04	+0.640
39.000	+2.772e+03	+7.101e+03	+9.936e+03	+0.719
39.100	+3.190e+03	+5.275e+03	+1.020e+04	+0.623
39.200	+3.671e+03	+7.826e+03	+1.048e+04	+0.681
39.300	+2.011e+03	+6.782e+03	+9.686e+03	+0.771
39.400	+2.636e+03	+6.447e+03	+9.614e+03	+0.710
39.500	+3.207e+03	+8.206e+03	+9.532e+03	+0.719
39.600	+2.378e+03	+8.083e+03	+1.018e+04	+0.773
39.700	+2.532e+03	+7.109e+03	+9.103e+03	+0.737
39.800	+3.074e+03	+6.015e+03	+9.762e+03	+0.662
39.900	+7.378e+03	+3.128e+03	+1.110e+04	+0.298
40.000	+7.315e+03	+2.498e+03	+1.161e+04	+0.255
40.100	+6.301e+03	+2.590e+03	+1.010e+04	+0.291
40.200	+5.954e+03	+2.490e+03	+1.080e+04	+0.295
40.300	+6.424e+03	+2.827e+03	+9.671e+03	+0.306
40.400	+7.013e+03	+3.035e+03	+9.837e+03	+0.302
40.500	+8.235e+03	+2.620e+03	+8.164e+03	+0.241
40.600	+5.883e+03	+3.192e+03	+1.091e+04	+0.352
40.700	+4.840e+03	+4.747e+03	+1.003e+04	+0.495
40.800	+2.726e+03	+6.685e+03	+1.075e+04	+0.710
40.900	+2.432e+03	+7.089e+03	+1.107e+04	+0.745
41.000	+3.291e+03	+6.768e+03	+9.561e+03	+0.673
41.100	+2.678e+03	+5.697e+03	+9.606e+03	+0.680
41.200	+1.335e+03	+5.395e+03	+8.435e+03	+0.802
41.300	+2.987e+03	+7.356e+03	+9.847e+03	+0.711
41.400	+2.477e+03	+8.319e+03	+1.051e+04	+0.771
41.500	+3.542e+03	+4.854e+03	+1.044e+04	+0.578
41.600	+2.617e+03	+8.130e+03	+9.490e+03	+0.756
41.700	+2.383e+03	+6.280e+03	+9.299e+03	+0.725
41.800	+1.845e+03	+6.184e+03	+1.019e+04	+0.770
41.900	+3.521e+03	+7.260e+03	+9.376e+03	+0.673
42.000	+3.771e+03	+7.227e+03	+8.862e+03	+0.657
42.100	+3.071e+03	+7.079e+03	+9.825e+03	+0.697
42.200	+2.679e+03	+5.753e+03	+9.430e+03	+0.682
42.300	+4.589e+03	+5.326e+03	+1.101e+04	+0.537
42.400	+7.311e+03	+2.265e+03	+1.102e+04	+0.237
42.500	+3.929e+03	+6.600e+03	+1.064e+04	+0.627
42.600	+3.122e+03	+7.527e+03	+9.812e+03	+0.707
42.700	+5.630e+03	+4.206e+03	+1.060e+04	+0.428
42.800	+6.783e+03	+3.475e+03	+9.084e+03	+0.339
42.900	+7.628e+03	+3.782e+03	+1.002e+04	+0.331
43.000	+5.639e+03	+5.052e+03	+9.797e+03	+0.473
43.100	+2.013e+03	+6.826e+03	+1.066e+04	+0.772
43.200	+2.352e+03	+5.144e+03	+1.136e+04	+0.686
43.300	+3.362e+03	+8.170e+03	+1.005e+04	+0.708
43.400	+2.731e+03	+7.612e+03	+9.944e+03	+0.736
43.500	+2.980e+03	+6.106e+03	+9.505e+03	+0.672
43.600	+2.837e+03	+8.422e+03	+1.000e+04	+0.748
43.700	+2.270e+03	+7.622e+03	+1.020e+04	+0.771
43.800	+2.046e+03	+6.754e+03	+1.086e+04	+0.767
43.900	+3.041e+03	+7.205e+03	+9.188e+03	+0.703
44.000	+3.565e+03	+7.608e+03	+1.073e+04	+0.681
44.100	+2.644e+03	+8.463e+03	+1.052e+04	+0.762
44.200	+2.201e+03	+6.932e+03	+1.072e+04	+0.759
44.300	+2.251e+03	+7.692e+03	+9.630e+03	+0.774
44.400	+3.722e+03	+6.526e+03	+1.182e+04	+0.637
44.500	+3.819e+03	+7.692e+03	+9.527e+03	+0.668
44.600	+2.484e+03	+7.329e+03	+9.790e+03	+0.747
44.700	+3.005e+03	+7.277e+03	+1.015e+04	+0.708
44.800	+3.641e+03	+7.677e+03	+9.964e+03	+0.678
44.900	+3.103e+03	+7.595e+03	+1.026e+04	+0.710
45.000	+4.858e+03	+4.823e+03	+9.388e+03	+0.498
45.100	+7.024e+03	+4.700e+03	+1.028e+04	+0.401
45.200	+6.595e+03	+3.078e+03	+1.172e+04	+0.318
45.300	+8.047e+03	+2.032e+03	+1.120e+04	+0.202
45.400	+7.034e+03	+2.946e+03	+1.063e+04	+0.295
45.500	+7.656e+03	+3.107e+03	+1.071e+04	+0.289
45.600	+5.014e+03	+3.169e+03	+9.957e+03	+0.387
45.700	+3.769e+03	+5.693e+03	+8.989e+03	+0.602
45.800	+2.834e+03	+5.634e+03	+1.094e+04	+0.665
45.900	+3.911e+03	+8.325e+03	+9.825e+03	+0.680
46.000	+2.676e+03	+7.469e+03	+1.140e+04	+0.736
46.100	+3.470e+03	+7.327e+03	+8.966e+03	+0.679
46.200	+2.877e+03	+7.752e+03	+9.671e+03	+0.729
46.300	+2.282e+03	+8.107e+03	+1.067e+04	+0.780
46.400	+2.420e+03	+7.426e+03	+1.058e+04	+0.754
46.500	+5.537e+03	+7.018e+03	+1.095e+04	+0.559
46.600	+3.926e+03	+6.523e+03	+9.856e+03	+0.624
46.700	+7.573e+03	+1.433e+03	+1.046e+04	+0.159
46.800	+6.246e+03	+3.171e+03	+8.841e+03	+0.337
46.900	+6.631e+03	+3.091e+03	+1.058e+04	+0.318
47.000	+7.708e+03	+2.804e+03	+1.119e+04	+0.267
47.100	+8.010e+03	+3.628e+03	+9.249e+03	+0.312
47.200	+7.656e+03	+3.372e+03	+1.013e+04	+0.306
47.300	+8.440e+03	+3.833e+03	+8.726e+03	+0.312
47.400	+5.826e+03	+1.294e+03	+8.520e+03	+0.182
47.500	+7.481e+03	+3.335e+03	+9.749e+03	+0.308
47.600	+7.551e+03	+2.734e+03	+1.107e+04	+0.266
47.700	+6.138e+03	+2.241e+03	+9.539e+03	+0.267
47.800	+6.519e+03	+4.917e+03	+9.163e+03	+0.430
47.900	+7.183e+03	+3.634e+03	+1.113e+04	+0.336
48.000	+6.120e+03	+2.898e+03	+1.039e+04	+0.321
48.100	+6.891e+03	+3.457e+03	+8.299e+03	+0.334
48.200	+6.043e+03	+3.387e+03	+9.015e+03	+0.359
48.300	+6.846e+03	+2.437e+03	+9.214e+03	+0.262
48.400	+6.871e+03	+3.445e+03	+1.138e+04	+0.334
48.500	+6.066e+03	+2.358e+03	+9.486e+03	+0.280
48.600	+6.692e+03	+2.076e+03	+9.783e+03	+0.237
48.700	+7.251e+03	+1.709e+03	+9.835e+03	+0.191
48.800	+7.267e+03	+2.567e+03	+9.605e+03	+0.261
48.900	+7.179e+03	+3.345e+03	+9.704e+03	+0.318
49.000	+7.714e+03	+1.995e+03	+9.378e+03	+0.206
49.100	+7.449e+03	+3.534e+03	+9.051e+03	+0.322
49.200	+7.375e+03	+3.516e+03	+1.019e+04	+0.323
49.300	+7.740e+03	+1.921e+03	+9.807e+03	+0.199
49.400	+7.952e+03	+3.769e+03	+1.148e+04	+0.322
49.500	+7.695e+03	+2.612e+03	+1.134e+04	+0.253
49.600	+5.603e+03	+4.472e+03	+9.692e+03	+0.444
49.700	+2.172e+03	+6.166e+03	+9.626e+03	+0.740
49.800	+2.383e+03	+6.410e+03	+8.924e+03	+0.729
49.900	+3.202e+03	+7.193e+03	+1.088e+04	+0.692
50.000	+2.533e+03	+6.647e+03	+9.083e+03	+0.724
50.100	+3.527e+03	+5.641e+03	+9.739e+03	+0.615
50.200	+3.643e+03	+7.767e+03	+1.092e+04	+0.681
50.300	+2.425e+03	+4.793e+03	+1.089e+04	+0.664
50.400	+2.430e+03	+6.105e+03	+9.185e+03	+0.715
50.500	+3.088e+03	+6.639e+03	+9.735e+03	+0.683
50.600	+3.253e+03	+8.179e+03	+9.746e+03	+0.715
50.700	+3.368e+03	+7.783e+03	+8.993e+03	+0.698
50.800	+3.880e+03	+6.464e+03	+8.871e+03	+0.625
50.900	+1.817e+03	+8.931e+03	+1.021e+04	+0.831
51.000	+3.334e+03	+6.827e+03	+9.856e+03	+0.672
51.100	+2.414e+03	+6.434e+03	+1.008e+04	+0.727
51.200	+3.656e+03	+7.899e+03	+9.691e+03	+0.684
51.300	+3.780e+03	+7.747e+03	+9.497e+03	+0.672
51.400	+3.121e+03	+6.697e+03	+1.146e+04	+0.682
51.500	+3.429e+03	+7.379e+03	+9.139e+03	+0.683
51.600	+3.448e+03	+7.600e+03	+1.060e+04	+0.688
51.700	+3.599e+03	+8.310e+03	+1.002e+04	+0.698
51.800	+3.622e+03	+6.036e+03	+1.011e+04	+0.625
51.900	+2.933e+03	+7.782e+03	+1.138e+04	+0.726
52.000	+4.152e+03	+7.827e+03	+1.097e+04	+0.653
52.100	+4.413e+03	+8.535e+03	+1.040e+04	+0.659
52.200	+3.161e+03	+6.961e+03	+9.976e+03	+0.688
52.300	+2.902e+03	+8.051e+03	+1.179e+04	+0.735
52.400	+1.731e+03	+6.838e+03	+1.081e+04	+0.798
52.500	+3.369e+03	+7.371e+03	+9.523e+03	+0.686
52.600	+2.834e+03	+5.955e+03	+9.181e+03	+0.678
52.700	+3.100e+03	+6.159e+03	+1.026e+04	+0.665
52.800	+3.070e+03	+8.428e+03	+1.089e+04	+0.733
52.900	+1.480e+03	+6.610e+03	+1.018e+04	+0.817
53.000	+2.560e+03	+6.259e+03	+8.312e+03	+0.710
53.100	+2.494e+03	+7.507e+03	+9.522e+03	+0.751
53.200	+2.563e+03	+7.856e+03	+1.020e+04	+0.754
53.300	+2.759e+03	+6.469e+03	+1.059e+04	+0.701
53.400	+3.788e+03	+8.122e+03	+9.234e+03	+0.682
53.500	+2.014e+03	+6.728e+03	+1.034e+04	+0.770
53.600	+3.738e+03	+7.247e+03	+1.153e+04	+0.660
53.700	+4.508e+03	+7.853e+03	+9.872e+03	+0.635
53.800	+3.225e+03	+6.283e+03	+9.999e+03	+0.661
53.900	+3.134e+03	+6.828e+03	+9.634e+03	+0.685
54.000	+3.538e+03	+7.139e+03	+1.001e+04	+0.669
54.100	+3.764e+03	+6.664e+03	+1.144e+04	+0.639
54.200	+5.872e+03	+4.056e+03	+9.771e+03	+0.409
54.300	+5.861e+03	+4.820e+03	+9.490e+03	+0.451
54.400	+3.109e+03	+6.873e+03	+1.062e+04	+0.689
54.500	+2.654e+03	+7.469e+03	+1.081e+04	+0.738
54.600	+4.845e+03	+6.757e+03	+9.891e+03	+0.582
54.700	+3.634e+03	+6.456e+03	+7.377e+03	+0.640
54.800	+3.217e+03	+5.345e+03	+1.037e+04	+0.624
54.900	+3.381e+03	+6.734e+03	+9.226e+03	+0.666
55.000	+3.565e+03	+6.434e+03	+9.788e+03	+0.643
55.100	+3.232e+03	+6.961e+03	+1.151e+04	+0.683
55.200	+3.447e+03	+8.190e+03	+1.053e+04	+0.704
55.300	+3.025e+03	+6.208e+03	+9.223e+03	+0.672
55.400	+4.426e+03	+7.179e+03	+8.691e+03	+0.619
55.500	+2.946e+03	+5.772e+03	+1.066e+04	+0.662
55.600	+2.161e+03	+6.546e+03	+1.074e+04	+0.752
55.700	+3.256e+03	+7.398e+03	+1.023e+04	+0.694
55.800	+3.154e+03	+7.496e+03	+1.006e+04	+0.704
55.900	+6.068e+03	+7.523e+03	+9.738e+03	+0.554
56.000	+7.220e+03	+4.645e+03	+9.422e+03	+0.391
56.100	+6.435e+03	+3.469e+03	+1.037e+04	+0.350
56.200	+6.900e+03	+2.661e+03	+9.705e+03	+0.278
56.300	+6.871e+03	+4.443e+03	+1.034e+04	+0.393
56.400	+5.976e+03	+2.474e+03	+1.038e+04	+0.293
56.500	+8.835e+03	+3.065e+03	+8.384e+03	+0.258
56.600	+4.881e+03	+5.507e+03	+9.600e+03	+0.530
56.700	+3.471e+03	+5.591e+03	+8.888e+03	+0.617
56.800	+3.883e+03	+7.905e+03	+1.099e+04	+0.671
56.900	+3.026e+03	+9.267e+03	+9.332e+03	+0.754
57.000	+1.403e+03	+7.604e+03	+1.126e+04	+0.844
57.100	+3.850e+03	+7.184e+03	+1.045e+04	+0.651
57.200	+2.521e+03	+7.065e+03	+1.051e+04	+0.737
57.300	+1.860e+03	+6.238e+03	+1.020e+04	+0.770
57.400	+2.902e+03	+6.506e+03	+9.338e+03	+0.692
57.500	+3.061e+03	+6.515e+03	+1.035e+04	+0.680
57.600	+3.499e+03	+7.246e+03	+8.732e+03	+0.674
57.700	+2.096e+03	+6.074e+03	+9.473e+03	+0.743
57.800	+1.795e+03	+6.930e+03	+1.042e+04	+0.794
57.900	+3.559e+03	+7.676e+03	+1.127e+04	+0.683
58.000	+2.866e+03	+7.366e+03	+1.024e+04	+0.720
58.100	+2.428e+03	+7.837e+03	+9.304e+03	+0.763
58.200	+2.040e+03	+6.613e+03	+1.189e+04	+0.764
58.300	+2.340e+03	+6.747e+03	+1.108e+04	+0.742
58.400	+3.855e+03	+7.987e+03	+1.118e+04	+0.674
58.500	+1.199e+03	+6.409e+03	+9.641e+03	+0.842
58.600	+3.257e+03	+6.464e+03	+9.290e+03	+0.665
58.700	+3.224e+03	+6.895e+03	+7.998e+03	+0.681
58.800	+1.827e+03	+8.023e+03	+9.544e+03	+0.815
58.900	+3.085e+03	+6.945e+03	+1.035e+04	+0.692
59.000	+2.919e+03	+7.076e+03	+1.061e+04	+0.708
59.100	+1.571e+03	+7.144e+03	+1.083e+04	+0.820
59.200	+3.821e+03	+6.985e+03	+9.587e+03	+0.646
59.300	+3.954e+03	+6.478e+03	+9.991e+03	+0.621
59.400	+6.748e+03	+3.579e+03	+9.081e+03	+0.347
59.500	+5.851e+03	+2.674e+03	+9.148e+03	+0.314
59.600	+5.893e+03	+3.610e+03	+9.574e+03	+0.380
59.700	+7.120e+03	+3.568e+03	+1.063e+04	+0.334
59.800	+6.212e+03	+2.960e+03	+1.097e+04	+0.323
59.900	+6.017e+03	+4.050e+03	+9.537e+03	+0.402
60.000	+6.048e+03	+2.207e+03	+1.151e+04	+0.267
60.100	+7.102e+03	+3.209e+03	+1.012e+04	+0.311
60.200	+7.247e+03	+3.931e+03	+1.126e+04	+0.352
60.300	+6.379e+03	+3.476e+03	+1.030e+04	+0.353
60.400	+5.200e+03	+4.556e+03	+9.013e+03	+0.467
60.500	+6.510e+03	+1.715e+03	+1.095e+04	+0.209
60.600	+4.285e+03	+5.552e+03	+9.700e+03	+0.564
60.700	+3.915e+03	+7.591e+03	+1.002e+04	+0.660
60.800	+4.238e+03	+6.100e+03	+8.952e+03	+0.590
60.900	+3.139e+03	+7.203e+03	+9.752e+03	+0.696
61.000	+3.341e+03	+7.368e+03	+1.002e+04	+0.688
61.100	+4.475e+03	+5.828e+03	+1.040e+04	+0.566
61.200	+5.982e+03	+3.517e+03	+9.482e+03	+0.370
61.300	+6.994e+03	+2.072e+03	+8.820e+03	+0.229
61.400	+8.151e+03	+2.704e+03	+9.772e+03	+0.249
61.500	+6.672e+03	+3.288e+03	+1.032e+04	+0.330
61.600	+7.017e+03	+2.674e+03	+9.830e+03	+0.276
61.700	+7.915e+03	+2.398e+03	+9.558e+03	+0.233
61.800	+7.236e+03	+2.912e+03	+1.066e+04	+0.287
61.900	+7.198e+03	+2.730e+03	+1.147e+04	+0.275
62.000	+6.324e+03	+3.188e+03	+9.379e+03	+0.335
62.100	+7.243e+03	+9.639e+02	+8.772e+03	+0.117
62.200	+6.398e+03	+2.296e+03	+9.437e+03	+0.264
62.300	+6.562e+03	+3.090e+03	+9.632e+03	+0.320
62.400	+7.937e+03	+2.867e+03	+9.538e+03	+0.265
62.500	+7.831e+03	+3.075e+03	+1.135e+04	+0.282
62.600	+7.907e+03	+3.400e+03	+9.807e+03	+0.301
62.700	+8.028e+03	+3.780e+03	+9.958e+03	+0.320
62.800	+6.450e+03	+3.087e+03	+9.965e+03	+0.324
62.900	+6.627e+03	+1.815e+03	+9.567e+03	+0.215
63.000	+8.319e+03	+4.217e+03	+8.945e+03	+0.336
63.100	+6.681e+03	+3.460e+03	+9.735e+03	+0.341
63.200	+6.105e+03	+1.905e+03	+9.380e+03	+0.238
63.300	+6.216e+03	+2.341e+03	+9.794e+03	+0.274
63.400	+5.781e+03	+3.710e+03	+1.061e+04	+0.391
63.500	+6.050e+03	+4.036e+03	+1.115e+04	+0.400
63.600	+3.708e+03	+6.863e+03	+1.024e+04	+0.649
63.700	+2.926e+03	+6.373e+03	+1.089e+04	+0.685
63.800	+2.737e+03	+7.337e+03	+9.075e+03	+0.728
63.900	+4.088e+03	+5.472e+03	+1.011e+04	+0.572
64.000	+2.092e+03	+6.472e+03	+1.045e+04	+0.756
64.100	+3.115e+03	+7.606e+03	+1.068e+04	+0.709
64.200	+3.184e+03	+8.209e+03	+9.548e+03	+0.721
64.300	+3.422e+03	+6.817e+03	+9.083e+03	+0.666
64.400	+2.337e+03	+5.727e+03	+9.399e+03	+0.710
64.500	+2.386e+03	+7.240e+03	+1.041e+04	+0.752
64.600	+1.974e+03	+6.440e+03	+9.320e+03	+0.765
64.700	+2.854e+03	+6.960e+03	+9.767e+03	+0.709
64.800	+1.893e+03	+6.971e+03	+9.723e+03	+0.786
64.900	+3.782e+03	+7.215e+03	+9.330e+03	+0.656
65.000	+1.841e+03	+6.597e+03	+8.037e+03	+0.782
65.100	+2.891e+03	+5.948e+03	+1.019e+04	+0.673
65.200	+3.384e+03	+6.885e+03	+1.138e+04	+0.670
65.300	+3.005e+03	+6.728e+03	+9.760e+03	+0.691
65.400	+3.274e+03	+7.831e+03	+1.050e+04	+0.705
65.500	+1.482e+03	+7.710e+03	+9.570e+03	+0.839
65.600	+3.773e+03	+6.107e+03	+9.410e+03	+0.618
65.700	+3.824e+03	+5.576e+03	+1.095e+04	+0.593
65.800	+2.867e+03	+6.820e+03	+1.072e+04	+0.704
65.900	+2.108e+03	+7.848e+03	+9.431e+03	+0.788
66.000	+4.272e+03	+6.034e+03	+9.993e+03	+0.586
66.100	+2.659e+03	+8.662e+03	+1.267e+04	+0.765
66.200	+2.560e+03	+8.362e+03	+1.114e+04	+0.766
66.300	+2.794e+03	+6.100e+03	+1.053e+04	+0.686
66.400	+2.971e+03	+6.974e+03	+1.002e+04	+0.701
66.500	+3.094e+03	+7.975e+03	+1.001e+04	+0.720
66.600	+3.426e+03	+7.911e+03	+8.592e+03	+0.698
66.700	+3.248e+03	+7.682e+03	+9.765e+03	+0.703
66.800	+1.974e+03	+7.211e+03	+9.903e+03	+0.785
66.900	+3.477e+03	+5.808e+03	+1.028e+04	+0.626
67.000	+3.678e+03	+5.718e+03	+1.092e+04	+0.609
67.100	+3.054e+03	+7.494e+03	+1.017e+04	+0.710
67.200	+7.310e+03	+3.016e+03	+1.095e+04	+0.292
67.300	+7.888e+03	+2.101e+03	+9.240e+03	+0.210
67.400	+7.964e+03	+1.756e+03	+9.580e+03	+0.181
67.500	+3.148e+03	+7.357e+03	+8.776e+03	+0.700
67.600	+2.577e+03	+6.877e+03	+1.015e+04	+0.727
67.700	+2.813e+03	+6.178e+03	+1.036e+04	+0.687
67.800	+2.591e+03	+7.327e+03	+8.982e+03	+0.739
67.900	+2.270e+03	+5.838e+03	+9.887e+03	+0.720
68.000	+3.235e+03	+7.884e+03	+1.058e+04	+0.709
68.100	+2.535e+03	+7.046e+03	+1.015e+04	+0.735
68.200	+2.039e+03	+6.348e+03	+9.672e+03	+0.757
68.300	+2.815e+03	+6.561e+03	+1.070e+04	+0.700
68.400	+3.296e+03	+7.596e+03	+1.035e+04	+0.697
68.500	+2.473e+03	+9.072e+03	+9.103e+03	+0.786
68.600	+3.785e+03	+7.187e+03	+1.043e+04	+0.655
68.700	+3.243e+03	+8.127e+03	+9.098e+03	+0.715
68.800	+3.389e+03	+6.631e+03	+1.030e+04	+0.662
68.900	+4.714e+03	+7.340e+03	+8.561e+03	+0.609
69.000	+3.032e+03	+8.032e+03	+1.044e+04	+0.726
69.100	+2.553e+03	+7.583e+03	+9.215e+03	+0.748
69.200	+2.187e+03	+7.431e+03	+8.433e+03	+0.773
69.300	+1.991e+03	+5.815e+03	+1.142e+04	+0.745
69.400	+4.263e+03	+6.955e+03	+1.032e+04	+0.620
69.500	+5.079e+03	+7.031e+03	+1.024e+04	+0.581
69.600	+2.770e+03	+7.030e+03	+9.849e+03	+0.717
69.700	+2.467e+03	+7.607e+03	+9.557e+03	+0.755
69.800	+2.398e+03	+7.838e+03	+1.112e+04	+0.766
69.900	+2.505e+03	+7.842e+03	+1.067e+04	+0.758
70.000	+2.412e+03	+8.181e+03	+1.086e+04	+0.772
70.100	+3.736e+03	+7.076e+03	+9.399e+03	+0.654
70.200	+3.671e+03	+6.469e+03	+9.065e+03	+0.638
70.300	+2.405e+03	+6.579e+03	+1.037e+04	+0.732
70.400	+5.028e+03	+4.056e+03	+9.628e+03	+0.447
70.500	+3.723e+03	+8.245e+03	+1.133e+04	+0.689
70.600	+2.036e+03	+6.193e+03	+9.520e+03	+0.753
70.700	+3.103e+03	+7.053e+03	+1.008e+04	+0.694
70.800	+2.108e+03	+6.237e+03	+1.106e+04	+0.747
70.900	+9.642e+02	+5.022e+03	+9.298e+03	+0.839
71.000	+2.520e+03	+7.826e+03	+9.391e+03	+0.756
71.100	+3.279e+03	+7.473e+03	+9.895e+03	+0.695
71.200	+3.215e+03	+6.831e+03	+1.196e+04	+0.680
71.300	+2.316e+03	+6.382e+03	+1.015e+04	+0.734
71.400	+1.706e+03	+6.164e+03	+1.058e+04	+0.783
71.500	+2.186e+03	+7.713e+03	+1.031e+04	+0.779
71.600	+2.417e+03	+7.071e+03	+1.001e+04	+0.745
71.700	+2.548e+03	+5.610e+03	+9.418e+03	+0.688
71.800	+2.615e+03	+5.384e+03	+8.189e+03	+0.673
71.900	+2.505e+03	+7.125e+03	+1.031e+04	+0.740
72.000	+1.887e+03	+8.312e+03	+1.015e+04	+0.815
72.100	+3.548e+03	+8.196e+03	+9.880e+03	+0.698
72.200	+3.630e+03	+7.558e+03	+1.034e+04	+0.676
72.300	+4.739e+03	+6.115e+03	+8.713e+03	+0.563
72.400	+3.910e+03	+7.969e+03	+9.561e+03	+0.671
72.500	+2.178e+03	+6.382e+03	+9.074e+03	+0.746
72.600	+3.565e+03	+7.383e+03	+1.032e+04	+0.674
72.700	+2.342e+03	+6.749e+03	+9.829e+03	+0.742
72.800	+5.905e+03	+4.833e+03	+1.044e+04	+0.450
72.900	+5.540e+03	+3.870e+03	+1.168e+04	+0.411
73.000	+5.264e+03	+2.492e+03	+1.068e+04	+0.321
73.100	+6.728e+03	+1.479e+03	+1.054e+04	+0.180
73.200	+6.567e+03	+2.917e+03	+9.934e+03	+0.308
73.300	+6.689e+03	+2.523e+03	+1.107e+04	+0.274
73.400	+9.063e+03	+3.580e+03	+1.069e+04	+0.283
73.500	+6.916e+03	+3.905e+03	+1.027e+04	+0.361
73.600	+6.625e+03	+2.691e+03	+1.104e+04	+0.289
73.700	+7.193e+03	+1.483e+03	+9.420e+03	+0.171
73.800	+5.561e+03	+1.655e+03	+9.465e+03	+0.229
73.900	+3.860e+03	+5.597e+03	+1.000e+04	+0.592
74.000	+3.752e+03	+7.646e+03	+1.022e+04	+0.671
74.100	+3.862e+03	+6.580e+03	+1.023e+04	+0.630
74.200	+2.907e+03	+8.364e+03	+1.095e+04	+0.742
74.300	+2.676e+03	+5.978e+03	+1.085e+04	+0.691
74.400	+7.152e+03	+2.059e+03	+1.079e+04	+0.223
74.500	+6.424e+03	+4.289e+03	+1.076e+04	+0.400
74.600	+4.714e+03	+3.098e+03	+9.827e+03	+0.397
74.700	+7.055e+03	+2.798e+03	+9.147e+03	+0.284
74.800	+5.909e+03	+4.327e+03	+1.106e+04	+0.423
74.900	+6.344e+03	+2.174e+03	+1.120e+04	+0.255
75.000	+7.981e+03	+2.576e+03	+1.138e+04	+0.244
75.100	+7.316e+03	+3.260e+03	+1.010e+04	+0.308
75.200	+7.594e+03	+3.662e+03	+8.506e+03	+0.325
75.300	+6.800e+03	+2.684e+03	+8.936e+03	+0.283
75.400	+7.020e+03	+3.532e+03	+8.780e+03	+0.335
75.500	+8.511e+03	+3.071e+03	+9.761e+03	+0.265
75.600	+7.138e+03	+2.945e+03	+9.711e+03	+0.292
75.700	+6.240e+03	+3.872e+03	+9.528e+03	+0.383
75.800	+7.751e+03	+3.449e+03	+1.068e+04	+0.308
75.900	+6.540e+03	+2.129e+03	+9.939e+03	+0.246
76.000	+6.825e+03	+3.472e+03	+8.763e+03	+0.337
76.100	+5.676e+03	+3.681e+03	+1.040e+04	+0.393
76.200	+7.320e+03	+3.027e+03	+9.550e+03	+0.293
76.300	+6.592e+03	+2.479e+03	+1.046e+04	+0.273
76.400	+6.266e+03	+2.983e+03	+9.170e+03	+0.323
76.500	+6.833e+03	+2.646e+03	+1.018e+04	+0.279
76.600	+8.004e+03	+3.137e+03	+8.921e+03	+0.282
76.700	+6.876e+03	+3.203e+03	+1.002e+04	+0.318
76.800	+7.284e+03	+2.307e+03	+9.543e+03	+0.241
76.900	+5.855e+03	+2.815e+03	+8.868e+03	+0.325
77.000	+4.583e+03	+4.421e+03	+9.714e+03	+0.491
77.100	+2.623e+03	+7.255e+03	+9.050e+03	+0.734
77.200	+3.754e+03	+7.177e+03	+9.379e+03	+0.657
77.300	+2.718e+03	+6.647e+03	+9.419e+03	+0.710
77.400	+4.364e+03	+6.944e+03	+9.365e+03	+0.614
77.500	+2.087e+03	+7.091e+03	+1.122e+04	+0.773
77.600	+2.738e+03	+7.196e+03	+1.078e+04	+0.724
77.700	+3.343e+03	+7.776e+03	+1.157e+04	+0.699
77.800	+1.870e+03	+7.539e+03	+1.007e+04	+0.801
77.900	+2.769e+03	+6.821e+03	+9.423e+03	+0.711
78.000	+3.721e+03	+6.883e+03	+9.779e+03	+0.649
78.100	+1.440e+03	+7.415e+03	+1.200e+04	+0.837
78.200	+4.268e+03	+8.031e+03	+9.645e+03	+0.653
78.300	+7.100e+03	+2.710e+03	+1.016e+04	+0.276
78.400	+5.785e+03	+2.835e+03	+9.839e+03	+0.329
78.500	+7.092e+03	+4.131e+03	+9.657e+03	+0.368
78.600	+1.793e+03	+6.594e+03	+9.439e+03	+0.786
78.700	+3.142e+03	+8.259e+03	+1.068e+04	+0.724
78.800	+4.327e+03	+7.100e+03	+9.899e+03	+0.621
78.900	+4.795e+03	+7.158e+03	+1.125e+04	+0.599
79.000	+3.040e+03	+7.932e+03	+1.046e+04	+0.723
79.100	+3.494e+03	+6.607e+03	+1.010e+04	+0.654
79.200	+2.053e+03	+7.122e+03	+1.024e+04	+0.776
79.300	+2.864e+03	+6.923e+03	+9.661e+03	+0.707
79.400	+4.698e+03	+8.305e+03	+9.950e+03	+0.639
79.500	+3.022e+03	+7.852e+03	+1.078e+04	+0.722
79.600	+3.328e+03	+5.521e+03	+9.152e+03	+0.624
79.700	+8.643e+02	+5.431e+03	+1.110e+04	+0.863
79.800	+3.188e+03	+7.873e+03	+9.167e+03	+0.712
79.900	+3.914e+03	+6.054e+03	+1.125e+04	+0.607
80.000	+2.226e+03	+6.484e+03	+9.361e+03	+0.744
80.100	+3.517e+03	+7.295e+03	+8.783e+03	+0.675
80.200	+2.805e+03	+6.333e+03	+1.112e+04	+0.693
80.300	+3.140e+03	+6.836e+03	+1.063e+04	+0.685
80.400	+2.865e+03	+7.022e+03	+1.021e+04	+0.710
80.500	+4.070e+03	+5.461e+03	+1.124e+04	+0.573
80.600	+2.167e+03	+7.083e+03	+1.007e+04	+0.766
80.700	+2.502e+03	+7.000e+03	+9.881e+03	+0.737
80.800	+2.797e+03	+6.538e+03	+1.000e+04	+0.700
80.900	+2.367e+03	+7.123e+03	+9.979e+03	+0.751
81.000	+1.720e+03	+8.049e+03	+1.013e+04	+0.824
81.100	+2.240e+03	+8.062e+03	+9.658e+03	+0.783
81.200	+2.950e+03	+6.177e+03	+1.108e+04	+0.677
81.300	+2.110e+03	+7.474e+03	+1.004e+04	+0.780
81.400	+3.120e+03	+6.414e+03	+9.894e+03	+0.673
81.500	+5.064e+03	+6.964e+03	+8.936e+03	+0.579
81.600	+3.568e+03	+6.643e+03	+9.280e+03	+0.651
81.700	+6.194e+03	+4.067e+03	+1.030e+04	+0.396
81.800	+6.712e+03	+2.544e+03	+1.162e+04	+0.275
81.900	+6.527e+03	+3.414e+03	+9.067e+03	+0.343
82.000	+2.941e+03	+6.747e+03	+9.542e+03	+0.696
82.100	+5.896e+03	+3.773e+03	+1.010e+04	+0.390
82.200	+7.498e+03	+4.414e+03	+9.261e+03	+0.371
82.300	+7.711e+03	+2.570e+03	+9.787e+03	+0.250
82.400	+7.377e+03	+2.896e+03	+8.566e+03	+0.282
82.500	+7.728e+03	+2.321e+03	+1.006e+04	+0.231
82.600	+7.101e+03	+2.730e+03	+1.013e+04	+0.278
82.700	+7.667e+03	+4.300e+03	+7.829e+03	+0.359
82.800	+8.728e+03	+3.100e+03	+1.046e+04	+0.262
82.900	+7.854e+03	+2.768e+03	+1.053e+04	+0.261
83.000	+5.748e+03	+2.864e+03	+9.088e+03	+0.333
83.100	+7.460e+03	+2.596e+03	+9.612e+03	+0.258
83.200	+7.482e+03	+3.191e+03	+1.033e+04	+0.299
83.300	+6.311e+03	+3.500e+03	+9.618e+03	+0.357
83.400	+8.751e+03	+2.776e+03	+9.332e+03	+0.241
83.500	+7.448e+03	+2.397e+03	+1.053e+04	+0.243
83.600	+5.531e+03	+4.508e+03	+1.042e+04	+0.449
83.700	+2.895e+03	+7.807e+03	+9.282e+03	+0.730
83.800	+2.823e+03	+6.799e+03	+7.171e+03	+0.707
83.900	+3.476e+03	+7.062e+03	+9.518e+03	+0.670
84.000	+2.895e+03	+6.936e+03	+1.028e+04	+0.706
84.100	+3.750e+03	+6.271e+03	+1.014e+04	+0.626
84.200	+2.643e+03	+8.242e+03	+9.237e+03	+0.757
84.300	+3.206e+03	+7.018e+03	+9.747e+03	+0.686
84.400	+3.065e+03	+8.926e+03	+1.098e+04	+0.744
84.500	+3.224e+03	+5.720e+03	+9.416e+03	+0.640
84.600	+1.472e+03	+7.290e+03	+1.071e+04	+0.832
84.700	+2.574e+03	+7.772e+03	+9.798e+03	+0.751
84.800	+4.541e+03	+6.471e+03	+1.099e+04	+0.588
84.900	+2.863e+03	+7.763e+03	+9.286e+03	+0.731
85.000	+4.376e+03	+4.360e+03	+9.602e+03	+0.499
85.100	+6.834e+03	+2.277e+03	+9.926e+03	+0.250
85.200	+6.764e+03	+2.747e+03	+1.054e+04	+0.289
85.300	+7.459e+03	+3.594e+03	+1.086e+04	+0.325
85.400	+5.821e+03	+3.775e+03	+1.016e+04	+0.393
85.500	+5.570e+03	+2.610e+03	+1.011e+04	+0.319
85.600	+6.778e+03	+4.316e+03	+8.801e+03	+0.389
85.700	+8.815e+03	+3.526e+03	+1.155e+04	+0.286
85.800	+7.704e+03	+2.025e+03	+9.819e+03	+0.208
85.900	+7.861e+03	+3.696e+03	+9.893e+03	+0.320
86.000	+7.757e+03	+2.363e+03	+1.151e+04	+0.234
86.100	+5.212e+03	+3.676e+03	+1.003e+04	+0.414
86.200	+2.932e+03	+7.488e+03	+1.041e+04	+0.719
86.300	+3.621e+03	+6.996e+03	+1.030e+04	+0.659
86.400	+3.352e+03	+5.587e+03	+9.420e+03	+0.625
86.500	+2.365e+03	+6.315e+03	+9.898e+03	+0.728
86.600	+2.372e+03	+7.917e+03	+1.117e+04	+0.769
86.700	+4.606e+03	+6.735e+03	+9.651e+03	+0.594
86.800	+6.627e+03	+4.234e+03	+9.210e+03	+0.390
86.900	+8.076e+03	+2.292e+03	+9.537e+03	+0.221
87.000	+6.171e+03	+1.937e+03	+8.795e+03	+0.239
87.100	+6.468e+03	+3.195e+03	+9.736e+03	+0.331
87.200	+6.250e+03	+2.049e+03	+1.095e+04	+0.247
87.300	+7.009e+03	+2.730e+03	+1.113e+04	+0.280
87.400	+6.559e+03	+3.708e+03	+8.925e+03	+0.361
87.500	+5.492e+03	+3.452e+03	+1.076e+04	+0.386
87.600	+6.860e+03	+2.852e+03	+9.642e+03	+0.294
87.700	+8.502e+03	+1.847e+03	+1.077e+04	+0.178
87.800	+7.280e+03	+3.152e+03	+9.286e+03	+0.302
87.900	+6.387e+03	+3.606e+03	+9.073e+03	+0.361
88.000	+5.717e+03	+3.645e+03	+1.077e+04	+0.389
88.100	+6.947e+03	+3.156e+03	+1.011e+04	+0.312
88.200	+7.566e+03	+1.763e+03	+1.029e+04	+0.189
88.300	+6.436e+03	+4.642e+03	+9.919e+03	+0.419
88.400	+2.206e+03	+6.084e+03	+9.659e+03	+0.734
88.500	+3.044e+03	+7.448e+03	+9.365e+03	+0.710
88.600	+1.982e+03	+6.627e+03	+8.603e+03	+0.770
88.700	+5.828e+03	+4.697e+03	+9.470e+03	+0.446
88.800	+8.468e+03	+4.324e+03	+1.000e+04	+0.338
88.900	+7.938e+03	+4.252e+03	+9.021e+03	+0.349
89.000	+8.031e+03	+3.089e+03	+1.006e+04	+0.278
89.100	+5.262e+03	+2.817e+03	+1.046e+04	+0.349
89.200	+2.848e+03	+7.620e+03	+9.430e+03	+0.728
89.300	+3.245e+03	+7.517e+03	+1.032e+04	+0.698
89.400	+3.383e+03	+6.639e+03	+1.061e+04	+0.662
89.500	+2.562e+03	+7.200e+03	+1.003e+04	+0.738
89.600	+4.530e+03	+6.717e+03	+9.545e+03	+0.597
89.700	+4.095e+03	+7.656e+03	+8.831e+03	+0.652
89.800	+3.088e+03	+7.588e+03	+1.021e+04	+0.711
89.900	+5.146e+03	+4.592e+03	+9.984e+03	+0.472
90.000	+8.141e+03	+2.644e+03	+1.079e+04	+0.245
90.100	+7.779e+03	+2.654e+03	+1.082e+04	+0.254
90.200	+7.078e+03	+2.700e+03	+1.037e+04	+0.276
90.300	+3.694e+03	+5.741e+03	+9.887e+03	+0.608
90.400	+7.136e+03	+3.747e+03	+1.120e+04	+0.344
90.500	+7.948e+03	+2.722e+03	+1.117e+04	+0.255
90.600	+6.299e+03	+1.467e+03	+1.200e+04	+0.189
90.700	+6.339e+03	+2.569e+03	+1.084e+04	+0.288
90.800	+8.029e+03	+4.083e+03	+9.986e+03	+0.337
90.900	+6.668e+03	+2.723e+03	+1.046e+04	+0.290
91.000	+7.168e+03	+1.386e+03	+9.625e+03	+0.162
91.100	+6.404e+03	+3.355e+03	+9.453e+03	+0.344
91.200	+5.691e+03	+5.237e+03	+1.064e+04	+0.479
91.300	+3.677e+03	+5.938e+03	+1.096e+04	+0.618
91.400	+2.751e+03	+7.790e+03	+1.058e+04	+0.739
91.500	+2.802e+03	+8.731e+03	+1.049e+04	+0.757
91.600	+1.957e+03	+6.895e+03	+1.137e+04	+0.779
91.700	+7.847e+03	+2.119e+03	+9.811e+03	+0.213
91.800	+4.887e+03	+3.024e+03	+1.012e+04	+0.382
91.900	+5.735e+03	+1.799e+03	+1.020e+04	+0.239
92.000	+6.245e+03	+4.713e+03	+1.035e+04	+0.430
92.100	+6.876e+03	+3.372e+03	+1.024e+04	+0.329
92.200	+7.406e+03	+1.908e+03	+1.058e+04	+0.205
92.300	+6.332e+03	+3.010e+03	+1.134e+04	+0.322
92.400	+7.194e+03	+1.054e+03	+8.393e+03	+0.128
92.500	+8.857e+03	+2.686e+03	+1.095e+04	+0.233
92.600	+7.582e+03	+2.299e+03	+9.928e+03	+0.233
92.700	+5.529e+03	+2.992e+03	+1.020e+04	+0.351
92.800	+6.525e+03	+2.846e+03	+1.015e+04	+0.304
92.900	+6.941e+03	+2.329e+03	+9.092e+03	+0.251
93.000	+6.172e+03	+4.209e+03	+8.811e+03	+0.405
93.100	+8.313e+03	+2.941e+03	+1.006e+04	+0.261
93.200	+8.146e+03	+2.790e+03	+9.692e+03	+0.255
93.300	+6.623e+03	+2.129e+03	+1.047e+04	+0.243
93.400	+6.310e+03	+1.823e+03	+1.025e+04	+0.224
93.500	+7.659e+03	+3.666e+03	+9.847e+03	+0.324
93.600	+7.387e+03	+1.459e+03	+1.008e+04	+0.165
93.700	+7.801e+03	+2.350e+03	+1.098e+04	+0.231
93.800	+7.235e+03	+2.598e+03	+1.044e+04	+0.264
93.900	+7.777e+03	+3.388e+03	+1.118e+04	+0.303
94.000	+7.308e+03	+2.567e+03	+8.889e+03	+0.260
94.100	+7.640e+03	+2.607e+03	+1.028e+04	+0.254
94.200	+6.702e+03	+2.917e+03	+1.219e+04	+0.303
94.300	+6.789e+03	+3.102e+03	+1.062e+04	+0.314
94.400	+8.473e+03	+2.474e+03	+8.577e+03	+0.226
94.500	+6.338e+03	+4.073e+03	+9.969e+03	+0.391
94.600	+7.370e+03	+3.006e+03	+1.006e+04	+0.290
94.700	+6.008e+03	+4.418e+03	+9.036e+03	+0.424
94.800	+3.498e+03	+6.702e+03	+1.026e+04	+0.657
94.900	+1.884e+03	+6.692e+03	+9.796e+03	+0.780
95.000	+3.424e+03	+7.123e+03	+1.095e+04	+0.675
95.100	+3.040e+03	+6.291e+03	+8.691e+03	+0.674
95.200	+2.386e+03	+8.559e+03	+8.824e+03	+0.782
95.300	+2.452e+03	+5.598e+03	+9.414e+03	+0.695
95.400	+3.503e+03	+7.024e+03	+1.015e+04	+0.667
95.500	+3.202e+03	+7.169e+03	+9.881e+03	+0.691
95.600	+2.970e+03	+6.822e+03	+1.038e+04	+0.697
95.700	+2.175e+03	+7.082e+03	+1.047e+04	+0.765
95.800	+3.543e+03	+7.208e+03	+9.222e+03	+0.670
95.900	+2.689e+03	+5.764e+03	+1.081e+04	+0.682
96.000	+5.417e+03	+5.588e+03	+9.768e+03	+0.508
96.100	+7.393e+03	+2.565e+03	+1.053e+04	+0.258
96.200	+5.491e+03	+3.077e+03	+1.017e+04	+0.359
96.300	+5.980e+03	+2.974e+03	+9.136e+03	+0.332
96.400	+6.125e+03	+2.302e+03	+9.728e+03	+0.273
96.500	+7.554e+03	+2.493e+03	+1.041e+04	+0.248
96.600	+6.405e+03	+2.218e+03	+8.800e+03	+0.257
96.700	+7.064e+03	+3.655e+03	+1.038e+04	+0.341
96.800	+6.828e+03	+3.547e+03	+1.071e+04	+0.342
96.900	+6.616e+03	+3.038e+03	+1.184e+04	+0.315
97.000	+7.599e+03	+3.545e+03	+1.043e+04	+0.318
97.100	+8.012e+03	+3.167e+03	+9.384e+03	+0.283
97.200	+6.299e+03	+2.524e+03	+1.060e+04	+0.286
97.300	+5.731e+03	+2.800e+03	+1.188e+04	+0.328
97.400	+7.399e+03	+2.521e+03	+1.186e+04	+0.254
97.500	+7.186e+03	+2.699e+03	+9.832e+03	+0.273
97.600	+6.129e+03	+3.563e+03	+1.043e+04	+0.368
97.700	+5.976e+03	+1.374e+03	+9.028e+03	+0.187
97.800	+6.448e+03	+3.672e+03	+9.475e+03	+0.363
97.900	+7.523e+03	+4.249e+03	+1.120e+04	+0.361
98.000	+6.035e+03	+3.685e+03	+9.701e+03	+0.379
98.100	+7.761e+03	+2.589e+03	+1.045e+04	+0.250
98.200	+6.450e+03	+3.348e+03	+8.917e+03	+0.342
98.300	+7.770e+03	+3.136e+03	+9.636e+03	+0.288
98.400	+6.097e+03	+4.767e+03	+1.034e+04	+0.439
98.500	+2.974e+03	+7.469e+03	+1.141e+04	+0.715
98.600	+2.193e+03	+5.999e+03	+9.419e+03	+0.732
98.700	+2.735e+03	+7.368e+03	+1.021e+04	+0.729
98.800	+3.337e+03	+5.751e+03	+9.224e+03	+0.633
98.900	+3.321e+03	+6.395e+03	+1.091e+04	+0.658
99.000	+3.359e+03	+6.819e+03	+9.983e+03	+0.670
99.100	+2.962e+03	+7.019e+03	+9.054e+03	+0.703
99.200	+3.214e+03	+7.292e+03	+7.977e+03	+0.694
99.300	+4.050e+03	+7.717e+03	+8.826e+03	+0.656
99.400	+1.371e+03	+6.192e+03	+9.765e+03	+0.819
99.500	+4.845e+03	+7.085e+03	+9.088e+03	+0.594
99.600	+3.403e+03	+7.417e+03	+8.687e+03	+0.686
99.700	+5.172e+03	+6.244e+03	+9.498e+03	+0.547
99.800	+4.952e+03	+3.965e+03	+1.001e+04	+0.445
99.900	+6.857e+03	+1.445e+03	+1.146e+04	+0.174
100.000	+7.068e+03	+3.340e+03	+9.328e+03	+0.321
100.100	+6.053e+03	+2.658e+03	+1.041e+04	+0.305
100.200	+7.515e+03	+2.542e+03	+1.140e+04	+0.253
100.300	+6.073e+03	+3.579e+03	+9.524e+03	+0.371
100.400	+7.322e+03	+2.344e+03	+9.773e+03	+0.242
100.500	+6.311e+03	+2.814e+03	+1.012e+04	+0.308
100.600	+4.132e+03	+6.364e+03	+9.427e+03	+0.606
100.700	+3.066e+03	+7.809e+03	+1.103e+04	+0.718
100.800	+5.965e+03	+3.993e+03	+9.781e+03	+0.401
100.900	+8.173e+03	+3.854e+03	+9.683e+03	+0.320
101.000	+7.097e+03	+3.738e+03	+9.873e+03	+0.345
101.100	+5.866e+03	+4.112e+03	+9.368e+03	+0.412
101.200	+2.789e+03	+7.084e+03	+1.110e+04	+0.717
101.300	+3.271e+03	+6.624e+03	+1.132e+04	+0.669
101.400	+1.578e+03	+6.680e+03	+9.786e+03	+0.809
101.500	+2.715e+03	+7.984e+03	+1.030e+04	+0.746
101.600	+3.138e+03	+6.568e+03	+9.751e+03	+0.677
101.700	+2.138e+03	+5.391e+03	+1.011e+04	+0.716
101.800	+2.613e+03	+6.461e+03	+9.662e+03	+0.712
101.900	+3.166e+03	+6.909e+03	+1.100e+04	+0.686
102.000	+3.463e+03	+7.560e+03	+1.219e+04	+0.686
102.100	+4.444e+03	+7.168e+03	+9.698e+03	+0.617
102.200	+2.385e+03	+7.786e+03	+8.270e+03	+0.765
102.300	+2.178e+03	+7.731e+03	+9.540e+03	+0.780
102.400	+4.155e+03	+5.893e+03	+9.994e+03	+0.587
102.500	+2.498e+03	+7.851e+03	+1.008e+04	+0.759
102.600	+2.714e+03	+8.896e+03	+9.843e+03	+0.766
102.700	+3.700e+03	+8.222e+03	+9.918e+03	+0.690
102.800	+3.092e+03	+7.546e+03	+1.019e+04	+0.709
102.900	+2.835e+03	+6.811e+03	+9.639e+03	+0.706
103.000	+3.279e+03	+6.106e+03	+9.244e+03	+0.651
103.100	+4.407e+03	+7.664e+03	+8.220e+03	+0.635
103.200	+4.204e+03	+6.162e+03	+8.296e+03	+0.594
103.300	+3.088e+03	+7.345e+03	+1.020e+04	+0.704
103.400	+3.524e+03	+6.618e+03	+9.686e+03	+0.653
103.500	+1.931e+03	+7.258e+03	+1.039e+04	+0.790
103.600	+2.736e+03	+6.990e+03	+8.029e+03	+0.719
103.700	+2.878e+03	+7.162e+03	+1.022e+04	+0.713
103.800	+2.517e+03	+6.404e+03	+1.029e+04	+0.718
103.900	+3.070e+03	+8.467e+03	+1.037e+04	+0.734
104.000	+3.893e+03	+5.994e+03	+9.511e+03	+0.606
104.100	+6.528e+03	+3.868e+03	+9.081e+03	+0.372
104.200	+5.736e+03	+3.894e+03	+9.493e+03	+0.404
104.300	+2.663e+03	+5.430e+03	+9.217e+03	+0.671
104.400	+4.160e+03	+7.178e+03	+9.948e+03	+0.633
104.500	+3.270e+03	+7.528e+03	+1.074e+04	+0.697
104.600	+2.410e+03	+7.146e+03	+9.954e+03	+0.748
104.700	+3.680e+03	+6.934e+03	+1.008e+04	+0.653
104.800	+2.159e+03	+5.307e+03	+9.719e+03	+0.711
104.900	+2.781e+03	+8.837e+03	+1.126e+04	+0.761
105.000	+4.269e+03	+4.929e+03	+9.958e+03	+0.536
105.100	+1.668e+03	+6.725e+03	+9.672e+03	+0.801
105.200	+3.701e+03	+6.260e+03	+1.027e+04	+0.628
105.300	+4.605e+03	+6.297e+03	+9.197e+03	+0.578
105.400	+3.600e+03	+6.889e+03	+8.928e+03	+0.657
105.500	+2.816e+03	+6.139e+03	+9.884e+03	+0.686
105.600	+3.316e+03	+8.418e+03	+9.529e+03	+0.717
105.700	+3.037e+03	+6.054e+03	+9.818e+03	+0.666
105.800	+3.098e+03	+7.285e+03	+1.010e+04	+0.702
105.900	+3.403e+03	+8.801e+03	+1.026e+04	+0.721
106.000	+4.020e+03	+7.739e+03	+1.027e+04	+0.658
106.100	+2.503e+03	+5.234e+03	+9.882e+03	+0.677
106.200	+2.990e+03	+8.174e+03	+8.902e+03	+0.732
106.300	+2.942e+03	+7.063e+03	+9.454e+03	+0.706
106.400	+3.894e+03	+6.358e+03	+9.664e+03	+0.620
106.500	+2.023e+03	+6.782e+03	+1.004e+04	+0.770
106.600	+3.310e+03	+7.470e+03	+1.097e+04	+0.693
106.700	+3.689e+03	+6.225e+03	+8.503e+03	+0.628
106.800	+2.910e+03	+6.046e+03	+1.144e+04	+0.675
106.900	+3.821e+03	+6.234e+03	+9.895e+03	+0.620
107.000	+4.499e+03	+5.110e+03	+1.005e+04	+0.532
107.100	+2.317e+03	+8.212e+03	+8.766e+03	+0.780
107.200	+3.076e+03	+7.236e+03	+9.716e+03	+0.702
107.300	+3.742e+03	+7.054e+03	+1.122e+04	+0.653
107.400	+3.078e+03	+5.680e+03	+9.574e+03	+0.649
107.500	+1.867e+03	+6.256e+03	+1.006e+04	+0.770
107.600	+4.330e+03	+7.788e+03	+9.390e+03	+0.643
107.700	+3.026e+03	+6.560e+03	+1.009e+04	+0.684
107.800	+2.100e+03	+7.564e+03	+1.069e+04	+0.783
107.900	+4.072e+03	+5.490e+03	+1.016e+04	+0.574
108.000	+2.280e+03	+6.484e+03	+1.001e+04	+0.740
108.100	+1.916e+03	+5.486e+03	+1.083e+04	+0.741
108.200	+2.039e+03	+5.996e+03	+1.019e+04	+0.746
108.300	+2.521e+03	+7.534e+03	+1.099e+04	+0.749
108.400	+4.311e+03	+5.638e+03	+1.004e+04	+0.567
108.500	+2.716e+03	+7.799e+03	+8.857e+03	+0.742
108.600	+2.427e+03	+5.765e+03	+1.101e+04	+0.704
108.700	+3.711e+03	+6.963e+03	+9.050e+03	+0.652
108.800	+2.636e+03	+7.545e+03	+1.005e+04	+0.741
108.900	+4.017e+03	+5.691e+03	+9.581e+03	+0.586
109.000	+3.692e+03	+6.084e+03	+1.053e+04	+0.622
109.100	+3.231e+03	+7.255e+03	+1.062e+04	+0.692
109.200	+3.560e+03	+7.165e+03	+1.035e+04	+0.668
109.300	+3.483e+03	+6.519e+03	+9.934e+03	+0.652
109.400	+1.895e+03	+8.617e+03	+1.048e+04	+0.820
109.500	+3.274e+03	+7.270e+03	+1.082e+04	+0.690
109.600	+3.104e+03	+6.507e+03	+9.966e+03	+0.677
109.700	+2.352e+03	+5.309e+03	+9.582e+03	+0.693
109.800	+2.138e+03	+6.678e+03	+1.031e+04	+0.757
109.900	+4.205e+03	+7.841e+03	+9.506e+03	+0.651
110.000	+2.809e+03	+6.164e+03	+9.241e+03	+0.687
110.100	+3.956e+03	+5.683e+03	+1.008e+04	+0.590
110.200	+4.092e+03	+6.786e+03	+9.821e+03	+0.624
110.300	+3.343e+03	+7.274e+03	+9.698e+03	+0.685
110.400	+2.910e+03	+6.240e+03	+9.471e+03	+0.682
110.500	+3.348e+03	+6.614e+03	+9.995e+03	+0.664
110.600	+2.363e+03	+6.639e+03	+8.912e+03	+0.738
110.700	+1.931e+03	+8.287e+03	+8.869e+03	+0.811
110.800	+2.523e+03	+7.223e+03	+8.948e+03	+0.741
110.900	+2.207e+03	+7.580e+03	+8.280e+03	+0.775
111.000	+1.903e+03	+6.813e+03	+9.670e+03	+0.782
111.100	+2.893e+03	+8.218e+03	+9.980e+03	+0.740
111.200	+4.800e+03	+5.497e+03	+1.102e+04	+0.534
111.300	+4.805e+03	+5.751e+03	+1.042e+04	+0.545
111.400	+5.900e+03	+3.121e+03	+8.495e+03	+0.346
111.500	+7.491e+03	+2.914e+03	+1.015e+04	+0.280
111.600	+6.864e+03	+2.054e+03	+8.018e+03	+0.230
111.700	+4.026e+03	+6.470e+03	+1.069e+04	+0.616
111.800	+2.729e+03	+7.566e+03	+8.975e+03	+0.735
111.900	+2.152e+03	+6.869e+03	+9.226e+03	+0.761
112.000	+3.317e+03	+7.538e+03	+1.011e+04	+0.694
112.100	+7.723e+03	+3.499e+03	+1.033e+04	+0.312
112.200	+6.783e+03	+1.435e+03	+1.012e+04	+0.175
112.300	+6.655e+03	+4.073e+03	+9.297e+03	+0.380
112.400	+7.946e+03	+3.156e+03	+1.056e+04	+0.284
112.500	+6.341e+03	+1.621e+03	+1.125e+04	+0.204
112.600	+6.507e+03	+2.091e+03	+9.484e+03	+0.243
112.700	+7.629e+03	+3.196e+03	+9.343e+03	+0.295
112.800	+4.207e+03	+6.895e+03	+9.987e+03	+0.621
112.900	+4.018e+03	+7.809e+03	+1.021e+04	+0.660
113.000	+4.482e+03	+7.516e+03	+1.045e+04	+0.626
113.100	+3.952e+03	+6.526e+03	+8.217e+03	+0.623
113.200	+2.059e+03	+6.531e+03	+9.997e+03	+0.760
113.300	+3.843e+03	+6.724e+03	+9.587e+03	+0.636
113.400	+3.121e+03	+6.692e+03	+9.925e+03	+0.682
113.500	+6.281e+03	+4.215e+03	+1.066e+04	+0.402
113.600	+7.122e+03	+2.559e+03	+7.932e+03	+0.264
113.700	+7.761e+03	+3.741e+03	+1.098e+04	+0.325
113.800	+8.270e+03	+3.942e+03	+1.004e+04	+0.323
113.900	+6.499e+03	+4.042e+03	+9.402e+03	+0.383
114.000	+6.413e+03	+4.037e+03	+1.025e+04	+0.386
114.100	+5.863e+03	+2.404e+03	+8.935e+03	+0.291
114.200	+8.130e+03	+1.686e+03	+9.396e+03	+0.172
114.300	+6.222e+03	+3.712e+03	+9.310e+03	+0.374
114.400	+7.050e+03	+2.927e+03	+9.751e+03	+0.293
114.500	+4.376e+03	+6.578e+03	+9.864e+03	+0.601
114.600	+2.613e+03	+8.384e+03	+9.452e+03	+0.762
114.700	+6.518e+02	+6.111e+03	+1.007e+04	+0.904
114.800	+2.999e+03	+6.211e+03	+9.676e+03	+0.674
114.900	+3.373e+03	+6.932e+03	+1.016e+04	+0.673
115.000	+3.867e+03	+7.594e+03	+1.152e+04	+0.663
115.100	+4.336e+03	+6.260e+03	+1.140e+04	+0.591
115.200	+2.328e+03	+6.638e+03	+8.977e+03	+0.740
115.300	+3.092e+03	+8.298e+03	+8.645e+03	+0.729
115.400	+3.770e+03	+7.033e+03	+1.069e+04	+0.651
115.500	+3.068e+03	+6.568e+03	+9.063e+03	+0.682
115.600	+2.669e+03	+6.378e+03	+1.036e+04	+0.705
115.700	+4.181e+03	+7.812e+03	+1.025e+04	+0.651
115.800	+2.276e+03	+7.282e+03	+9.362e+03	+0.762
115.900	+3.186e+03	+6.445e+03	+9.290e+03	+0.669
116.000	+3.426e+03	+4.978e+03	+9.835e+03	+0.592
116.100	+6.748e+03	+2.971e+03	+9.508e+03	+0.306
116.200	+6.705e+03	+2.992e+03	+9.742e+03	+0.309
116.300	+4.662e+03	+6.553e+03	+1.074e+04	+0.584
116.400	+2.530e+03	+6.346e+03	+9.832e+03	+0.715
116.500	+4.463e+03	+6.862e+03	+7.954e+03	+0.606
116.600	+3.444e+03	+7.018e+03	+1.044e+04	+0.671
116.700	+3.419e+03	+7.740e+03	+9.550e+03	+0.694
116.800	+2.557e+03	+8.041e+03	+9.395e+03	+0.759
116.900	+4.191e+03	+6.499e+03	+1.068e+04	+0.608
117.000	+2.433e+03	+6.230e+03	+9.773e+03	+0.719
117.100	+2.512e+03	+8.756e+03	+9.241e+03	+0.777
117.200	+1.659e+03	+5.252e+03	+1.048e+04	+0.760
117.300	+1.833e+03	+8.199e+03	+9.384e+03	+0.817
117.400	+5.636e+03	+4.943e+03	+1.034e+04	+0.467
117.500	+6.635e+03	+3.560e+03	+9.497e+03	+0.349
117.600	+2.147e+03	+7.205e+03	+1.054e+04	+0.770
117.700	+2.712e+03	+7.319e+03	+1.062e+04	+0.730
117.800	+3.275e+03	+6.988e+03	+1.099e+04	+0.681
117.900	+1.477e+03	+6.826e+03	+9.059e+03	+0.822
118.000	+3.084e+03	+6.585e+03	+9.652e+03	+0.681
118.100	+4.398e+03	+7.416e+03	+1.064e+04	+0.628
118.200	+4.955e+03	+5.227e+03	+9.040e+03	+0.513
118.300	+6.072e+03	+2.916e+03	+1.016e+04	+0.324
118.400	+6.576e+03	+4.482e+03	+9.293e+03	+0.405
118.500	+6.497e+03	+3.071e+03	+9.479e+03	+0.321
118.600	+7.331e+03	+3.737e+03	+1.126e+04	+0.338
118.700	+6.507e+03	+3.584e+03	+8.409e+03	+0.355
118.800	+3.145e+03	+6.179e+03	+9.565e+03	+0.663
118.900	+2.236e+03	+6.861e+03	+1.021e+04	+0.754
119.000	+3.133e+03	+7.195e+03	+8.636e+03	+0.697
119.100	+3.852e+03	+7.825e+03	+9.076e+03	+0.670
119.200	+2.898e+03	+6.200e+03	+1.067e+04	+0.681
119.300	+3.348e+03	+7.807e+03	+8.463e+03	+0.700
119.400	+1.649e+03	+6.394e+03	+1.043e+04	+0.795
119.500	+2.169e+03	+7.102e+03	+1.158e+04	+0.766
119.600	+3.040e+03	+7.958e+03	+1.019e+04	+0.724
119.700	+4.698e+03	+6.375e+03	+1.003e+04	+0.576
119.800	+6.934e+03	+3.200e+03	+9.601e+03	+0.316
119.900	+6.984e+03	+2.589e+03	+9.544e+03	+0.270
120.000	+7.712e+03	+3.793e+03	+1.000e+04	+0.330
120.100	+6.325e+03	+2.130e+03	+1.031e+04	+0.252
120.200	+7.847e+03	+2.955e+03	+1.180e+04	+0.274
120.300	+5.166e+03	+4.538e+03	+1.032e+04	+0.468
120.400	+3.316e+03	+7.749e+03	+1.007e+04	+0.700
120.500	+2.599e+03	+6.353e+03	+9.018e+03	+0.710
120.600	+7.583e+03	+3.558e+03	+1.006e+04	+0.319
120.700	+6.093e+03	+1.786e+03	+9.525e+03	+0.227
120.800	+7.986e+03	+3.111e+03	+9.480e+03	+0.280
120.900	+9.397e+03	+3.134e+03	+1.008e+04	+0.250
121.000	+6.429e+03	+2.720e+03	+1.097e+04	+0.297
121.100	+5.917e+03	+3.884e+03	+1.187e+04	+0.396
121.200	+2.971e+03	+6.198e+03	+1.064e+04	+0.676
121.300	+3.941e+03	+6.500e+03	+9.714e+03	+0.623
121.400	+3.597e+03	+6.741e+03	+1.019e+04	+0.652
121.500	+3.435e+03	+6.532e+03	+1.006e+04	+0.655
121.600	+3.816e+03	+4.645e+03	+1.078e+04	+0.549
121.700	+2.532e+03	+6.349e+03	+8.870e+03	+0.715
121.800	+2.411e+03	+6.224e+03	+1.005e+04	+0.721
121.900	+2.228e+03	+5.980e+03	+1.026e+04	+0.729
122.000	+3.381e+03	+7.103e+03	+8.879e+03	+0.677
122.100	+3.038e+03	+7.107e+03	+1.140e+04	+0.701
122.200	+2.176e+03	+7.427e+03	+1.044e+04	+0.773
122.300	+3.579e+03	+6.550e+03	+9.629e+03	+0.647
122.400	+1.854e+03	+7.369e+03	+9.339e+03	+0.799
122.500	+2.230e+03	+7.028e+03	+9.827e+03	+0.759
122.600	+2.935e+03	+8.218e+03	+1.066e+04	+0.737
122.700	+4.731e+03	+7.380e+03	+8.965e+03	+0.609
122.800	+2.494e+03	+7.095e+03	+9.978e+03	+0.740
122.900	+3.126e+03	+6.070e+03	+7.947e+03	+0.660
123.000	+3.037e+03	+8.043e+03	+1.067e+04	+0.726
123.100	+4.581e+03	+7.683e+03	+9.721e+03	+0.626
123.200	+2.690e+03	+7.509e+03	+1.111e+04	+0.736
123.300	+2.381e+03	+7.021e+03	+9.118e+03	+0.747
123.400	+2.522e+03	+6.444e+03	+1.064e+04	+0.719
123.500	+1.619e+03	+7.586e+03	+8.981e+03	+0.824
123.600	+5.807e+02	+6.351e+03	+9.626e+03	+0.916
123.700	+1.857e+03	+6.348e+03	+1.035e+04	+0.774
123.800	+2.385e+03	+7.338e+03	+1.009e+04	+0.755
123.900	+3.140e+03	+6.079e+03	+1.067e+04	+0.659
124.000	+4.117e+03	+6.383e+03	+1.059e+04	+0.608
124.100	+2.519e+03	+7.079e+03	+9.383e+03	+0.738
124.200	+3.650e+03	+5.994e+03	+1.021e+04	+0.621
124.300	+2.187e+03	+5.803e+03	+9.993e+03	+0.726
124.400	+2.495e+03	+8.051e+03	+1.062e+04	+0.763
124.500	+3.199e+03	+7.982e+03	+1.079e+04	+0.714
124.600	+4.076e+01	+7.094e+03	+1.095e+04	+0.994
124.700	+2.874e+03	+7.045e+03	+1.065e+04	+0.710
124.800	+2.084e+03	+8.153e+03	+9.142e+03	+0.796
124.900	+2.851e+03	+7.628e+03	+1.041e+04	+0.728
125.000	+3.063e+03	+6.458e+03	+1.021e+04	+0.678
125.100	+2.069e+03	+7.335e+03	+1.007e+04	+0.780
125.200	+3.076e+03	+7.531e+03	+8.593e+03	+0.710
125.300	+3.674e+03	+7.910e+03	+1.003e+04	+0.683
125.400	+2.747e+03	+6.448e+03	+9.634e+03	+0.701
125.500	+2.900e+03	+7.577e+03	+1.002e+04	+0.723
125.600	+2.385e+03	+6.293e+03	+1.050e+04	+0.725
125.700	+4.288e+03	+7.790e+03	+9.410e+03	+0.645
125.800	+2.266e+03	+7.375e+03	+1.054e+04	+0.765
125.900	+1.790e+03	+7.183e+03	+1.024e+04	+0.801
126.000	+3.353e+03	+8.729e+03	+1.088e+04	+0.722
126.100	+3.113e+03	+7.298e+03	+9.867e+03	+0.701
126.200	+3.374e+03	+8.030e+03	+9.739e+03	+0.704
126.300	+2.727e+03	+6.666e+03	+1.113e+04	+0.710
126.400	+2.764e+03	+7.788e+03	+7.982e+03	+0.738
126.500	+3.659e+03	+7.111e+03	+1.008e+04	+0.660
126.600	+2.443e+03	+6.098e+03	+8.703e+03	+0.714
126.700	+2.315e+03	+6.589e+03	+8.601e+03	+0.740
126.800	+3.784e+03	+6.178e+03	+1.044e+04	+0.620
126.900	+2.952e+03	+7.961e+03	+9.029e+03	+0.729
127.000	+2.385e+03	+6.604e+03	+8.733e+03	+0.735
127.100	+2.569e+03	+7.671e+03	+1.075e+04	+0.749
127.200	+4.003e+03	+6.756e+03	+1.107e+04	+0.628
127.300	+2.465e+03	+5.568e+03	+1.004e+04	+0.693
127.400	+4.061e+03	+7.648e+03	+9.750e+03	+0.653
127.500	+1.568e+03	+7.234e+03	+9.454e+03	+0.822
127.600	+1.188e+03	+7.619e+03	+9.342e+03	+0.865
127.700	+2.360e+03	+7.155e+03	+9.840e+03	+0.752
127.800	+2.290e+03	+6.361e+03	+8.584e+03	+0.735
127.900	+2.653e+03	+7.585e+03	+1.125e+04	+0.741
128.000	+2.792e+03	+6.141e+03	+9.287e+03	+0.687
128.100	+3.362e+03	+5.167e+03	+1.139e+04	+0.606
128.200	+2.992e+03	+6.679e+03	+9.847e+03	+0.691
128.300	+2.468e+03	+8.060e+03	+1.048e+04	+0.766
128.400	+2.530e+03	+7.424e+03	+9.180e+03	+0.746
128.500	+2.131e+03	+7.620e+03	+9.349e+03	+0.781
128.600	+2.481e+03	+7.283e+03	+1.046e+04	+0.746
128.700	+4.184e+03	+7.386e+03	+1.051e+04	+0.638
128.800	+1.375e+03	+7.595e+03	+9.203e+03	+0.847
128.900	+2.630e+03	+6.496e+03	+1.012e+04	+0.712
129.000	+3.739e+03	+7.579e+03	+8.186e+03	+0.670
129.100	+4.548e+03	+6.063e+03	+1.023e+04	+0.571
129.200	+5.843e+03	+3.693e+03	+9.440e+03	+0.387
129.300	+6.437e+03	+2.871e+03	+1.007e+04	+0.308
129.400	+6.704e+03	+3.063e+03	+1.014e+04	+0.314
129.500	+7.266e+03	+1.057e+03	+1.095e+04	+0.127
129.600	+7.193e+03	+2.917e+03	+9.003e+03	+0.289
129.700	+6.179e+03	+2.827e+03	+1.009e+04	+0.314
129.800	+8.015e+03	+3.396e+03	+9.187e+03	+0.298
129.900	+5.130e+03	+3.063e+03	+9.792e+03	+0.374
130.000	+5.231e+03	+3.132e+03	+1.101e+04	+0.374
130.100	+6.549e+03	+3.146e+03	+8.492e+03	+0.325
130.200	+7.794e+03	+3.157e+03	+1.023e+04	+0.288
130.300	+4.527e+03	+6.172e+03	+9.739e+03	+0.577
130.400	+2.829e+03	+6.569e+03	+9.227e+03	+0.699
130.500	+3.296e+03	+5.946e+03	+9.423e+03	+0.643
130.600	+2.756e+03	+7.505e+03	+9.982e+03	+0.731
130.700	+2.928e+03	+6.726e+03	+1.096e+04	+0.697
130.800	+3.679e+03	+7.148e+03	+1.038e+04	+0.660
130.900	+2.549e+03	+7.452e+03	+1.063e+04	+0.745
131.000	+3.122e+03	+7.657e+03	+1.095e+04	+0.710
131.100	+1.421e+03	+7.959e+03	+1.107e+04	+0.849
131.200	+2.548e+03	+6.399e+03	+9.706e+03	+0.715
131.300	+3.372e+03	+7.248e+03	+9.675e+03	+0.682
131.400	+2.514e+03	+7.286e+03	+9.893e+03	+0.743
131.500	+3.129e+03	+7.439e+03	+1.075e+04	+0.704
131.600	+1.906e+03	+5.762e+03	+1.033e+04	+0.751
131.700	+3.133e+03	+7.252e+03	+9.629e+03	+0.698
131.800	+3.600e+03	+7.915e+03	+1.005e+04	+0.687
131.900	+3.742e+03	+6.018e+03	+1.024e+04	+0.617
132.000	+2.128e+03	+5.261e+03	+1.007e+04	+0.712
132.100	+3.040e+03	+7.022e+03	+9.789e+03	+0.698
132.200	+2.262e+03	+8.104e+03	+1.059e+04	+0.782
132.300	+1.922e+03	+6.833e+03	+9.456e+03	+0.781
132.400	+3.414e+03	+8.206e+03	+1.081e+04	+0.706
132.500	+5.529e+03	+5.263e+03	+1.045e+04	+0.488
132.600	+5.415e+03	+2.666e+03	+9.803e+03	+0.330
132.700	+5.886e+03	+3.025e+03	+1.081e+04	+0.339
132.800	+7.567e+03	+2.977e+03	+9.586e+03	+0.282
132.900	+3.186e+03	+6.407e+03	+9.182e+03	+0.668
133.000	+2.783e+03	+6.453e+03	+1.080e+04	+0.699
133.100	+2.619e+03	+6.664e+03	+9.838e+03	+0.718
133.200	+3.537e+03	+6.657e+03	+8.952e+03	+0.653
133.300	+3.487e+03	+6.661e+03	+1.188e+04	+0.656
133.400	+3.120e+03	+6.985e+03	+1.095e+04	+0.691
133.500	+6.331e+03	+4.197e+03	+9.750e+03	+0.399
133.600	+6.617e+03	+2.859e+03	+1.092e+04	+0.302
133.700	+6.831e+03	+3.519e+03	+1.166e+04	+0.340
133.800	+6.255e+03	+2.362e+03	+1.141e+04	+0.274
133.900	+6.077e+03	+2.545e+03	+9.844e+03	+0.295
134.000	+4.852e+03	+4.930e+03	+1.038e+04	+0.504
134.100	+4.150e+03	+5.495e+03	+9.663e+03	+0.570
134.200	+2.060e+03	+8.087e+03	+9.770e+03	+0.797
134.300	+3.274e+03	+5.696e+03	+9.406e+03	+0.635
134.400	+3.444e+03	+7.241e+03	+1.040e+04	+0.678
134.500	+4.170e+03	+5.810e+03	+1.061e+04	+0.582
134.600	+1.888e+03	+7.230e+03	+1.020e+04	+0.793
134.700	+2.398e+03	+7.753e+03	+9.927e+03	+0.764
134.800	+2.523e+03	+7.005e+03	+1.129e+04	+0.735
134.900	+3.189e+03	+8.512e+03	+9.572e+03	+0.727
135.000	+3.677e+03	+6.638e+03	+8.783e+03	+0.644
135.100	+3.480e+03	+6.251e+03	+1.016e+04	+0.642
135.200	+3.644e+03	+7.968e+03	+8.869e+03	+0.686
135.300	+3.091e+03	+7.499e+03	+9.054e+03	+0.708
135.400	+3.551e+03	+6.937e+03	+9.123e+03	+0.661
135.500	+3.483e+03	+6.179e+03	+1.030e+04	+0.639
135.600	+3.180e+03	+6.456e+03	+1.185e+04	+0.670
135.700	+2.719e+03	+6.910e+03	+9.933e+03	+0.718
135.800	+3.766e+03	+7.904e+03	+1.005e+04	+0.677
135.900	+3.051e+03	+6.212e+03	+1.035e+04	+0.671
136.000	+3.204e+03	+7.437e+03	+1.003e+04	+0.699
136.100	+3.773e+03	+8.528e+03	+9.134e+03	+0.693
136.200	+2.946e+03	+5.277e+03	+9.731e+03	+0.642
136.300	+2.049e+03	+5.572e+03	+1.160e+04	+0.731
136.400	+6.898e+03	+4.691e+03	+1.018e+04	+0.405
136.500	+7.245e+03	+3.798e+03	+1.041e+04	+0.344
136.600	+7.834e+03	+3.935e+03	+9.473e+03	+0.334
136.700	+7.236e+03	+4.363e+03	+1.038e+04	+0.376
136.800	+5.963e+03	+1.501e+03	+1.003e+04	+0.201
136.900	+6.684e+03	+3.286e+03	+1.034e+04	+0.330
137.000	+7.564e+03	+3.218e+03	+1.095e+04	+0.298
137.100	+6.711e+03	+2.289e+03	+1.021e+04	+0.254
137.200	+5.733e+03	+2.225e+03	+1.043e+04	+0.280
137.300	+6.062e+03	+2.807e+03	+8.556e+03	+0.316
137.400	+6.713e+03	+2.655e+03	+9.654e+03	+0.283
137.500	+7.669e+03	+2.853e+03	+8.463e+03	+0.271
137.600	+7.517e+03	+3.204e+03	+9.120e+03	+0.299
137.700	+6.205e+03	+1.754e+03	+1.005e+04	+0.220
137.800	+7.309e+03	+2.485e+03	+9.527e+03	+0.254
137.900	+6.054e+03	+3.739e+03	+1.047e+04	+0.382
138.000	+3.321e+03	+8.042e+03	+1.006e+04	+0.708
138.100	+3.299e+03	+8.365e+03	+1.009e+04	+0.717
138.200	+3.004e+03	+6.709e+03	+1.069e+04	+0.691
138.300	+3.740e+03	+6.799e+03	+1.039e+04	+0.645
138.400	+2.813e+03	+5.695e+03	+9.826e+03	+0.669
138.500	+2.673e+03	+7.400e+03	+1.067e+04	+0.735
138.600	+3.040e+03	+7.242e+03	+1.079e+04	+0.704
138.700	+2.950e+03	+6.049e+03	+9.553e+03	+0.672
138.800	+4.299e+03	+7.086e+03	+1.088e+04	+0.622
138.900	+1.769e+03	+8.802e+03	+8.906e+03	+0.833
139.000	+2.717e+03	+6.395e+03	+1.167e+04	+0.702
139.100	+2.018e+03	+6.842e+03	+1.025e+04	+0.772
139.200	+2.963e+03	+6.868e+03	+9.381e+03	+0.699
139.300	+2.350e+03	+7.912e+03	+1.062e+04	+0.771
139.400	+2.875e+03	+6.929e+03	+8.293e+03	+0.707
139.500	+3.595e+03	+7.577e+03	+1.105e+04	+0.678
139.600	+4.489e+03	+7.221e+03	+9.372e+03	+0.617
139.700	+3.311e+03	+5.430e+03	+1.011e+04	+0.621
139.800	+2.755e+03	+6.964e+03	+1.063e+04	+0.717
139.900	+3.033e+03	+7.690e+03	+1.088e+04	+0.717
140.000	+4.292e+03	+6.916e+03	+1.023e+04	+0.617
140.100	+3.834e+03	+6.965e+03	+1.022e+04	+0.645
140.200	+2.894e+03	+6.698e+03	+1.058e+04	+0.698
140.300	+3.127e+03	+6.924e+03	+1.204e+04	+0.689
140.400	+1.867e+03	+6.802e+03	+1.049e+04	+0.785
140.500	+3.768e+03	+7.659e+03	+1.048e+04	+0.670
140.600	+3.113e+03	+7.891e+03	+8.902e+03	+0.717
140.700	+2.880e+03	+7.314e+03	+9.658e+03	+0.717
140.800	+3.511e+03	+7.997e+03	+1.144e+04	+0.695
140.900	+3.171e+03	+8.336e+03	+9.640e+03	+0.724
141.000	+6.977e+03	+3.428e+03	+1.004e+04	+0.329
141.100	+6.639e+03	+2.976e+03	+8.156e+03	+0.310
141.200	+7.504e+03	+2.541e+03	+8.925e+03	+0.253
141.300	+8.432e+03	+2.206e+03	+1.023e+04	+0.207
141.400	+3.152e+03	+6.874e+03	+1.045e+04	+0.686
141.500	+2.373e+03	+7.137e+03	+1.011e+04	+0.751
141.600	+2.783e+03	+7.466e+03	+8.357e+03	+0.728
141.700	+2.914e+03	+6.282e+03	+9.982e+03	+0.683
141.800	+2.791e+03	+7.476e+03	+1.208e+04	+0.728
141.900	+2.818e+03	+5.929e+03	+9.866e+03	+0.678
142.000	+2.543e+03	+8.253e+03	+9.905e+03	+0.764
142.100	+3.201e+03	+7.207e+03	+9.845e+03	+0.692
142.200	+2.841e+03	+7.391e+03	+1.116e+04	+0.722
142.300	+3.847e+03	+7.361e+03	+9.744e+03	+0.657
142.400	+3.005e+03	+7.138e+03	+1.141e+04	+0.704
142.500	+2.024e+03	+5.715e+03	+9.742e+03	+0.739
142.600	+6.334e+03	+4.163e+03	+1.044e+04	+0.397
142.700	+7.505e+03	+2.815e+03	+8.960e+03	+0.273
142.800	+6.818e+03	+3.802e+03	+9.933e+03	+0.358
142.900	+7.063e+03	+3.270e+03	+9.093e+03	+0.316
143.000	+7.697e+03	+3.472e+03	+1.099e+04	+0.311
143.100	+5.599e+03	+3.940e+03	+1.121e+04	+0.413
143.200	+7.496e+03	+3.420e+03	+1.018e+04	+0.313
143.300	+5.675e+03	+4.287e+03	+1.023e+04	+0.430
143.400	+3.856e+03	+6.839e+03	+1.071e+04	+0.639
143.500	+3.513e+03	+7.615e+03	+9.231e+03	+0.684
143.600	+3.624e+03	+6.547e+03	+9.098e+03	+0.644
143.700	+4.587e+03	+6.420e+03	+1.087e+04	+0.583
143.800	+1.670e+03	+5.435e+03	+9.001e+03	+0.765
143.900	+2.914e+03	+7.406e+03	+1.079e+04	+0.718
144.000	+2.702e+03	+8.352e+03	+8.906e+03	+0.756
144.100	+3.236e+03	+7.326e+03	+1.027e+04	+0.694
144.200	+2.525e+03	+6.783e+03	+1.105e+04	+0.729
144.300	+2.974e+03	+6.845e+03	+9.475e+03	+0.697
144.400	+2.972e+03	+8.184e+03	+1.152e+04	+0.734
144.500	+2.990e+03	+6.639e+03	+9.756e+03	+0.689
144.600	+3.527e+03	+6.784e+03	+9.670e+03	+0.658
144.700	+3.649e+03	+6.553e+03	+1.033e+04	+0.642
144.800	+2.954e+03	+7.254e+03	+1.192e+04	+0.711
144.900	+2.102e+03	+7.131e+03	+1.081e+04	+0.772
145.000	+3.352e+03	+8.996e+03	+9.939e+03	+0.729
145.100	+2.342e+03	+6.854e+03	+1.079e+04	+0.745
145.200	+2.363e+03	+7.748e+03	+1.086e+04	+0.766
145.300	+2.460e+03	+6.747e+03	+1.143e+04	+0.733
145.400	+2.237e+03	+6.863e+03	+1.086e+04	+0.754
145.500	+2.950e+03	+7.307e+03	+1.006e+04	+0.712
145.600	+3.164e+03	+6.914e+03	+8.804e+03	+0.686
145.700	+4.221e+03	+8.440e+03	+1.089e+04	+0.667
145.800	+2.021e+03	+8.200e+03	+9.785e+03	+0.802
145.900	+3.011e+03	+5.897e+03	+9.371e+03	+0.662
146.000	+2.710e+03	+6.713e+03	+9.680e+03	+0.712
146.100	+2.235e+02	+5.881e+03	+1.019e+04	+0.963
146.200	+2.285e+03	+6.745e+03	+1.066e+04	+0.747
146.300	+3.424e+03	+8.424e+03	+9.745e+03	+0.711
146.400	+2.587e+03	+7.853e+03	+9.656e+03	+0.752
146.500	+2.261e+03	+6.820e+03	+1.112e+04	+0.751
146.600	+1.847e+03	+7.657e+03	+9.157e+03	+0.806
146.700	+2.132e+03	+9.238e+03	+1.010e+04	+0.813
146.800	+3.458e+03	+5.630e+03	+1.012e+04	+0.619
146.900	+3.021e+03	+6.045e+03	+1.085e+04	+0.667
147.000	+3.740e+03	+6.735e+03	+9.640e+03	+0.643
147.100	+4.071e+03	+5.374e+03	+9.909e+03	+0.569
147.200	+2.402e+03	+6.713e+03	+8.604e+03	+0.737
147.300	+3.650e+03	+5.917e+03	+9.801e+03	+0.618
147.400	+3.337e+03	+6.621e+03	+8.591e+03	+0.665
147.500	+1.071e+03	+7.438e+03	+1.057e+04	+0.874
147.600	+3.276e+03	+6.665e+03	+1.113e+04	+0.670
147.700	+2.389e+03	+7.375e+03	+9.974e+03	+0.755
147.800	+4.052e+03	+6.695e+03	+9.793e+03	+0.623
147.900	+3.076e+03	+8.124e+03	+9.190e+03	+0.725
148.000	+4.208e+03	+5.684e+03	+1.047e+04	+0.575
148.100	+2.676e+03	+7.354e+03	+9.629e+03	+0.733
148.200	+3.238e+03	+5.775e+03	+9.794e+03	+0.641
148.300	+2.172e+03	+6.275e+03	+9.819e+03	+0.743
148.400	+3.426e+03	+7.030e+03	+1.150e+04	+0.672
148.500	+2.972e+03	+8.870e+03	+9.765e+03	+0.749
148.600	+2.732e+03	+6.979e+03	+1.110e+04	+0.719
148.700	+3.380e+03	+5.238e+03	+1.084e+04	+0.608
148.800	+2.055e+03	+7.388e+03	+9.968e+03	+0.782
148.900	+2.824e+03	+7.024e+03	+1.003e+04	+0.713
149.000	+4.633e+03	+8.048e+03	+9.626e+03	+0.635
149.100	+2.944e+03	+7.981e+03	+9.870e+03	+0.731
149.200	+6.028e+03	+4.006e+03	+8.874e+03	+0.399
149.300	+6.899e+03	+3.151e+03	+8.854e+03	+0.314
149.400	+6.324e+03	+2.768e+03	+9.207e+03	+0.304
149.500	+6.758e+03	+4.458e+03	+1.047e+04	+0.397
149.600	+6.998e+03	+3.515e+03	+1.000e+04	+0.334
149.700	+7.902e+03	+4.024e+03	+1.084e+04	+0.337
149.800	+6.102e+03	+2.329e+03	+1.031e+04	+0.276
149.900	+7.028e+03	+2.279e+03	+1.013e+04	+0.245
150.000	+7.719e+03	+2.425e+03	+1.059e+04	+0.239
150.100	+7.291e+03	+3.494e+03	+9.485e+03	+0.324
150.200	+7.724e+03	+1.776e+03	+9.540e+03	+0.187
150.300	+6.987e+03	+3.372e+03	+9.440e+03	+0.326
150.400	+4.441e+03	+4.386e+03	+1.069e+04	+0.497
150.500	+2.646e+03	+6.514e+03	+9.156e+03	+0.711
150.600	+2.222e+03	+7.262e+03	+1.149e+04	+0.766
150.700	+1.316e+03	+6.334e+03	+1.013e+04	+0.828
150.800	+3.147e+03	+5.927e+03	+1.019e+04	+0.653
150.900	+2.889e+03	+7.753e+03	+9.704e+03	+0.729
151.000	+3.198e+03	+7.047e+03	+1.122e+04	+0.688
151.100	+3.353e+03	+6.624e+03	+1.002e+04	+0.664
151.200	+4.857e+03	+7.406e+03	+1.041e+04	+0.604
151.300	+4.251e+03	+6.143e+03	+1.006e+04	+0.591
151.400	+4.200e+03	+6.369e+03	+9.189e+03	+0.603
151.500	+4.052e+03	+8.062e+03	+1.041e+04	+0.665
151.600	+2.369e+03	+6.419e+03	+1.116e+04	+0.730
151.700	+3.635e+03	+6.517e+03	+1.048e+04	+0.642
151.800	+2.377e+03	+7.749e+03	+1.040e+04	+0.765
151.900	+4.957e+03	+8.488e+03	+9.626e+03	+0.631
152.000	+2.593e+03	+7.868e+03	+1.018e+04	+0.752
152.100	+3.849e+03	+6.028e+03	+1.022e+04	+0.610
152.200	+2.861e+03	+7.103e+03	+9.800e+03	+0.713
152.300	+2.915e+03	+5.268e+03	+1.131e+04	+0.644
152.400	+3.378e+03	+7.377e+03	+1.102e+04	+0.686
152.500	+2.634e+03	+6.644e+03	+8.664e+03	+0.716
152.600	+3.390e+03	+7.405e+03	+1.092e+04	+0.686
152.700	+1.655e+03	+6.875e+03	+8.221e+03	+0.806
152.800	+2.949e+03	+5.993e+03	+1.135e+04	+0.670
152.900	+3.712e+03	+7.228e+03	+9.982e+03	+0.661
153.000	+3.401e+03	+7.162e+03	+9.470e+03	+0.678
153.100	+4.203e+03	+7.116e+03	+1.093e+04	+0.629
153.200	+3.840e+03	+7.241e+03	+9.542e+03	+0.653
153.300	+1.509e+03	+7.323e+03	+9.797e+03	+0.829
153.400	+1.609e+03	+7.592e+03	+9.567e+03	+0.825
153.500	+2.856e+03	+6.497e+03	+8.879e+03	+0.695
153.600	+3.213e+03	+7.177e+03	+1.041e+04	+0.691
153.700	+3.815e+03	+7.192e+03	+9.337e+03	+0.653
153.800	+1.551e+03	+6.544e+03	+9.722e+03	+0.808
153.900	+4.205e+03	+7.917e+03	+9.836e+03	+0.653
154.000	+5.077e+03	+5.281e+03	+9.534e+03	+0.510
154.100	+6.679e+03	+2.090e+03	+1.069e+04	+0.238
154.200	+6.520e+03	+2.894e+03	+1.089e+04	+0.307
154.300	+7.249e+03	+3.109e+03	+1.114e+04	+0.300
154.400	+7.000e+03	+3.135e+03	+8.212e+03	+0.309
154.500	+8.465e+03	+3.162e+03	+1.016e+04	+0.272
154.600	+7.947e+03	+2.585e+03	+1.023e+04	+0.245
154.700	+2.896e+03	+6.235e+03	+9.435e+03	+0.683
154.800	+3.992e+03	+4.762e+03	+9.567e+03	+0.544
154.900	+7.003e+03	+3.985e+03	+1.019e+04	+0.363
155.000	+4.848e+03	+6.597e+03	+1.058e+04	+0.576
155.100	+3.987e+03	+5.871e+03	+9.453e+03	+0.596
155.200	+3.157e+03	+6.700e+03	+9.787e+03	+0.680
155.300	+2.720e+03	+8.070e+03	+9.535e+03	+0.748
155.400	+2.691e+03	+7.382e+03	+1.093e+04	+0.733
155.500	+3.110e+03	+6.385e+03	+9.511e+03	+0.672
155.600	+2.944e+03	+6.570e+03	+9.885e+03	+0.691
155.700	+3.251e+03	+6.340e+03	+9.574e+03	+0.661
155.800	+2.543e+03	+8.155e+03	+9.820e+03	+0.762
155.900	+3.859e+03	+7.897e+03	+1.030e+04	+0.672
156.000	+2.538e+03	+6.240e+03	+8.650e+03	+0.711
156.100	+3.834e+03	+7.222e+03	+1.047e+04	+0.653
156.200	+2.643e+03	+8.560e+03	+1.092e+04	+0.764
156.300	+2.851e+03	+8.700e+03	+9.954e+03	+0.753
156.400	+3.599e+03	+7.828e+03	+9.729e+03	+0.685
156.500	+4.111e+03	+6.783e+03	+8.622e+03	+0.623
156.600	+2.434e+03	+6.699e+03	+9.880e+03	+0.733
156.700	+2.068e+03	+7.327e+03	+1.009e+04	+0.780
156.800	+2.937e+03	+7.053e+03	+9.193e+03	+0.706
156.900	+2.621e+03	+7.397e+03	+9.700e+03	+0.738
157.000	+3.835e+03	+8.113e+03	+1.106e+04	+0.679
157.100	+2.423e+03	+7.207e+03	+9.516e+03	+0.748
157.200	+2.404e+03	+8.261e+03	+9.910e+03	+0.775
157.300	+2.798e+03	+7.174e+03	+9.043e+03	+0.719
157.400	+2.044e+03	+7.263e+03	+1.008e+04	+0.780
157.500	+3.455e+03	+6.102e+03	+9.468e+03	+0.638
157.600	+3.594e+03	+7.043e+03	+1.118e+04	+0.662
157.700	+3.925e+03	+6.652e+03	+1.024e+04	+0.629
157.800	+7.140e+03	+2.077e+03	+9.043e+03	+0.225
157.900	+7.559e+03	+2.586e+03	+1.186e+04	+0.255
158.000	+8.134e+03	+3.165e+03	+9.976e+03	+0.280
158.100	+6.446e+03	+3.355e+03	+9.414e+03	+0.342
158.200	+6.712e+03	+3.199e+03	+1.098e+04	+0.323
158.300	+6.247e+03	+3.199e+03	+9.663e+03	+0.339
158.400	+6.730e+03	+1.896e+03	+9.626e+03	+0.220
158.500	+8.274e+03	+3.672e+03	+1.073e+04	+0.307
158.600	+7.534e+03	+2.271e+03	+1.073e+04	+0.232
158.700	+7.869e+03	+3.336e+03	+9.505e+03	+0.298
158.800	+3.940e+03	+5.437e+03	+9.128e+03	+0.580
158.900	+3.967e+03	+5.851e+03	+9.568e+03	+0.596
159.000	+2.275e+03	+7.528e+03	+9.488e+03	+0.768
159.100	+2.373e+03	+7.451e+03	+1.193e+04	+0.758
159.200	+2.431e+03	+5.943e+03	+9.817e+03	+0.710
159.300	+2.516e+03	+8.399e+03	+9.698e+03	+0.769
159.400	+2.640e+03	+7.860e+03	+8.861e+03	+0.749
159.500	+3.928e+03	+7.192e+03	+1.021e+04	+0.647
159.600	+3.455e+03	+5.626e+03	+8.782e+03	+0.620
159.700	+2.555e+03	+7.382e+03	+9.661e+03	+0.743
159.800	+3.053e+03	+7.447e+03	+1.084e+04	+0.709
159.900	+3.230e+03	+7.988e+03	+8.883e+03	+0.712
160.000	+3.675e+03	+6.644e+03	+9.630e+03	+0.644
160.100	+2.327e+03	+6.648e+03	+1.020e+04	+0.741
160.200	+2.738e+03	+7.242e+03	+9.132e+03	+0.726
160.300	+2.395e+03	+6.392e+03	+1.072e+04	+0.727
160.400	+4.446e+03	+5.728e+03	+9.674e+03	+0.563
160.500	+7.840e+03	+3.094e+03	+1.104e+04	+0.283
160.600	+7.284e+03	+3.798e+03	+9.469e+03	+0.343
160.700	+6.702e+03	+5.160e+03	+9.330e+03	+0.435
160.800	+7.994e+03	+2.156e+03	+1.035e+04	+0.212
160.900	+7.223e+03	+3.769e+03	+8.708e+03	+0.343
161.000	+7.317e+03	+3.643e+03	+1.076e+04	+0.332
161.100	+2.754e+03	+7.546e+03	+8.754e+03	+0.733
161.200	+1.410e+03	+6.373e+03	+9.424e+03	+0.819
161.300	+3.545e+03	+5.383e+03	+1.088e+04	+0.603
161.400	+2.307e+03	+6.868e+03	+9.957e+03	+0.749
161.500	+3.593e+03	+7.954e+03	+9.464e+03	+0.689
161.600	+3.028e+03	+6.820e+03	+1.068e+04	+0.693
161.700	+3.046e+03	+7.310e+03	+9.586e+03	+0.706
161.800	+2.720e+03	+6.691e+03	+8.587e+03	+0.711
161.900	+3.907e+03	+8.906e+03	+1.045e+04	+0.695
162.000	+3.572e+03	+7.618e+03	+1.161e+04	+0.681
162.100	+3.128e+03	+7.142e+03	+9.342e+03	+0.695
162.200	+2.967e+03	+6.790e+03	+9.693e+03	+0.696
162.300	+2.609e+03	+6.328e+03	+1.055e+04	+0.708
162.400	+3.522e+03	+7.736e+03	+1.024e+04	+0.687
162.500	+2.089e+03	+7.328e+03	+1.100e+04	+0.778
162.600	+2.772e+03	+7.132e+03	+9.770e+03	+0.720
162.700	+2.914e+03	+7.294e+03	+1.024e+04	+0.715
162.800	+3.483e+03	+7.303e+03	+1.084e+04	+0.677
162.900	+3.791e+03	+6.293e+03	+9.321e+03	+0.624
163.000	+2.266e+03	+6.776e+03	+9.196e+03	+0.749
163.100	+5.307e+03	+5.205e+03	+1.067e+04	+0.495
163.200	+6.430e+03	+1.646e+03	+9.760e+03	+0.204
163.300	+4.248e+03	+5.394e+03	+1.078e+04	+0.559
