%t (s)	Idd (a.u.)	Ida (a.u.)	Iaa (a.u.)	FRET E
0.000	+7.252e+03	+2.347e+03	+9.558e+03	+0.244
0.100	+7.798e+03	+3.027e+03	+9.973e+03	+0.280
0.200	+6.554e+03	+3.056e+03	+1.057e+04	+0.318
0.300	+7.431e+03	+2.778e+03	+1.068e+04	+0.272
0.400	+6.119e+03	+3.458e+03	+1.120e+04	+0.361
0.500	+7.715e+03	+2.730e+03	+9.307e+03	+0.261
0.600	+6.915e+03	+3.575e+03	+9.409e+03	+0.341
0.700	+5.266e+03	+2.783e+03	+8.609e+03	+0.346
0.800	+7.350e+03	+2.186e+03	+9.559e+03	+0.229
0.900	+7.847e+03	+3.109e+03	+9.265e+03	+0.284
1.000	+7.155e+03	+3.024e+03	+9.855e+03	+0.297
1.100	+7.357e+03	+2.069e+03	+7.879e+03	+0.220
1.200	+6.023e+03	+3.080e+03	+1.007e+04	+0.338
1.300	+6.941e+03	+3.401e+03	+1.103e+04	+0.329
1.400	+6.648e+03	+2.983e+03	+8.617e+03	+0.310
1.500	+6.716e+03	+1.999e+03	+1.086e+04	+0.229
1.600	+3.686e+03	+6.386e+03	+9.848e+03	+0.634
1.700	+3.478e+03	+6.320e+03	+8.554e+03	+0.645
1.800	+4.090e+03	+6.808e+03	+9.526e+03	+0.625
1.900	+7.193e+02	+5.578e+03	+1.008e+04	+0.886
2.000	+6.134e+03	+3.065e+03	+1.054e+04	+0.333
2.100	+6.630e+03	+2.992e+03	+9.508e+03	+0.311
2.200	+6.990e+03	+3.665e+03	+1.149e+04	+0.344
2.300	+7.029e+03	+1.386e+03	+8.780e+03	+0.165
2.400	+6.255e+03	+9.108e+02	+9.038e+03	+0.127
2.500	+6.214e+03	+3.918e+03	+1.076e+04	+0.387
2.600	+6.426e+03	+2.984e+03	+8.992e+03	+0.317
2.700	+6.118e+03	+2.713e+03	+1.021e+04	+0.307
2.800	+6.919e+03	+3.779e+03	+9.715e+03	+0.353
2.900	+7.569e+03	+2.408e+03	+1.172e+04	+0.241
3.000	+6.656e+03	+2.933e+03	+1.059e+04	+0.306
3.100	+6.783e+03	+1.333e+03	+1.003e+04	+0.164
3.200	+3.410e+03	+4.835e+03	+1.007e+04	+0.586
3.300	+5.238e+03	+3.176e+03	+1.025e+04	+0.377
3.400	+6.531e+03	+1.991e+03	+1.068e+04	+0.234
3.500	+6.995e+03	+3.632e+03	+1.159e+04	+0.342
3.600	+6.185e+03	+3.793e+03	+1.036e+04	+0.380
3.700	+2.289e+03	+6.129e+03	+9.082e+03	+0.728
3.800	+3.113e+03	+6.056e+03	+1.099e+04	+0.660
3.900	+5.226e+03	+6.611e+03	+1.063e+04	+0.559
4.000	+6.129e+03	+2.731e+03	+1.012e+04	+0.308
4.100	+6.776e+03	+1.525e+03	+1.013e+04	+0.184
4.200	+7.427e+03	+4.721e+03	+1.022e+04	+0.389
4.300	+7.909e+03	+2.293e+03	+9.940e+03	+0.225
4.400	+6.289e+03	+4.087e+03	+1.053e+04	+0.394
4.500	+6.858e+03	+2.511e+03	+9.162e+03	+0.268
4.600	+6.548e+03	+1.433e+03	+1.147e+04	+0.180
4.700	+6.316e+03	+4.663e+03	+1.121e+04	+0.425
4.800	+7.141e+03	+2.669e+03	+9.313e+03	+0.272
4.900	+6.659e+03	+2.680e+03	+1.061e+04	+0.287
5.000	+7.883e+03	+4.103e+03	+9.827e+03	+0.342
5.100	+5.476e+03	+1.910e+03	+9.144e+03	+0.259
5.200	+4.761e+03	+5.543e+03	+9.587e+03	+0.538
5.300	+2.787e+03	+8.454e+03	+9.066e+03	+0.752
5.400	+3.702e+03	+7.321e+03	+9.827e+03	+0.664
5.500	+3.757e+03	+8.321e+03	+9.112e+03	+0.689
5.600	+3.901e+03	+7.726e+03	+9.174e+03	+0.664
5.700	+2.229e+03	+7.730e+03	+1.031e+04	+0.776
5.800	+2.623e+03	+8.377e+03	+9.929e+03	+0.762
5.900	+2.592e+03	+7.322e+03	+1.139e+04	+0.739
6.000	+2.819e+03	+8.274e+03	+1.005e+04	+0.746
6.100	+3.040e+03	+7.074e+03	+9.383e+03	+0.699
6.200	+2.032e+03	+6.370e+03	+1.017e+04	+0.758
6.300	+3.452e+03	+6.494e+03	+1.066e+04	+0.653
6.400	+3.053e+03	+6.750e+03	+1.021e+04	+0.689
6.500	+1.606e+03	+6.245e+03	+9.956e+03	+0.795
6.600	+3.221e+03	+6.600e+03	+1.053e+04	+0.672
6.700	+3.310e+03	+7.471e+03	+1.032e+04	+0.693
6.800	+3.278e+03	+7.833e+03	+9.316e+03	+0.705
6.900	+3.402e+03	+7.362e+03	+9.339e+03	+0.684
7.000	+4.120e+03	+6.291e+03	+8.507e+03	+0.604
7.100	+2.937e+03	+7.399e+03	+1.025e+04	+0.716
7.200	+3.471e+03	+5.751e+03	+1.026e+04	+0.624
7.300	+4.226e+03	+7.233e+03	+1.025e+04	+0.631
7.400	+3.814e+03	+7.430e+03	+8.301e+03	+0.661
7.500	+3.023e+03	+8.557e+03	+8.938e+03	+0.739
7.600	+2.135e+03	+6.461e+03	+1.059e+04	+0.752
7.700	+3.014e+03	+7.013e+03	+1.037e+04	+0.699
7.800	+2.802e+03	+7.469e+03	+9.926e+03	+0.727
7.900	+3.103e+03	+6.546e+03	+9.306e+03	+0.678
8.000	+2.717e+03	+8.768e+03	+9.591e+03	+0.763
8.100	+2.425e+03	+8.066e+03	+1.055e+04	+0.769
8.200	+2.961e+03	+7.453e+03	+8.690e+03	+0.716
8.300	+4.526e+03	+7.915e+03	+1.117e+04	+0.636
8.400	+2.705e+03	+6.248e+03	+9.959e+03	+0.698
8.500	+1.984e+03	+6.950e+03	+1.089e+04	+0.778
8.600	+1.610e+03	+7.381e+03	+1.014e+04	+0.821
8.700	+1.530e+03	+6.879e+03	+1.080e+04	+0.818
8.800	+3.133e+03	+6.548e+03	+1.005e+04	+0.676
8.900	+4.238e+03	+7.395e+03	+1.130e+04	+0.636
9.000	+2.767e+03	+7.746e+03	+9.451e+03	+0.737
9.100	+3.416e+03	+7.077e+03	+9.014e+03	+0.674
9.200	+4.689e+03	+4.819e+03	+1.020e+04	+0.507
9.300	+5.713e+03	+4.429e+03	+1.028e+04	+0.437
9.400	+8.325e+03	+3.834e+03	+9.674e+03	+0.315
9.500	+6.387e+03	+2.959e+03	+1.062e+04	+0.317
9.600	+5.667e+03	+4.181e+03	+1.043e+04	+0.425
9.700	+5.694e+03	+3.883e+03	+8.489e+03	+0.405
9.800	+1.902e+03	+7.459e+03	+9.101e+03	+0.797
9.900	+3.023e+03	+5.629e+03	+1.082e+04	+0.651
10.000	+2.817e+03	+7.087e+03	+1.158e+04	+0.716
10.100	+2.903e+03	+5.467e+03	+9.482e+03	+0.653
10.200	+3.648e+03	+8.408e+03	+1.030e+04	+0.697
10.300	+2.281e+03	+7.226e+03	+9.812e+03	+0.760
10.400	+3.883e+03	+6.021e+03	+9.377e+03	+0.608
10.500	+2.424e+03	+6.375e+03	+9.897e+03	+0.725
10.600	+4.676e+03	+7.833e+03	+1.203e+04	+0.626
10.700	+2.613e+03	+6.101e+03	+1.020e+04	+0.700
10.800	+3.407e+03	+5.965e+03	+1.016e+04	+0.637
10.900	+4.054e+03	+6.268e+03	+8.566e+03	+0.607
11.000	+2.052e+03	+5.459e+03	+7.437e+03	+0.727
11.100	+7.443e+03	+2.840e+03	+1.110e+04	+0.276
11.200	+4.174e+03	+5.765e+03	+1.115e+04	+0.580
11.300	+3.185e+03	+6.602e+03	+1.010e+04	+0.675
11.400	+1.793e+03	+7.770e+03	+1.150e+04	+0.812
11.500	+3.028e+03	+6.835e+03	+8.504e+03	+0.693
11.600	+3.395e+03	+7.707e+03	+9.974e+03	+0.694
11.700	+4.649e+03	+6.514e+03	+1.015e+04	+0.584
11.800	+3.546e+03	+7.201e+03	+9.420e+03	+0.670
11.900	+2.619e+03	+7.323e+03	+1.072e+04	+0.737
12.000	+3.009e+03	+6.263e+03	+1.014e+04	+0.675
12.100	+2.625e+03	+7.394e+03	+9.527e+03	+0.738
12.200	+3.458e+03	+6.048e+03	+1.021e+04	+0.636
12.300	+1.130e+03	+6.596e+03	+9.229e+03	+0.854
12.400	+3.019e+03	+6.288e+03	+9.120e+03	+0.676
12.500	+2.817e+03	+5.696e+03	+9.926e+03	+0.669
12.600	+1.415e+03	+7.389e+03	+9.060e+03	+0.839
12.700	+2.168e+03	+7.504e+03	+1.105e+04	+0.776
12.800	+3.354e+03	+7.053e+03	+8.476e+03	+0.678
12.900	+2.062e+03	+6.965e+03	+8.736e+03	+0.772
13.000	+4.780e+03	+6.789e+03	+1.013e+04	+0.587
13.100	+2.654e+03	+6.981e+03	+9.954e+03	+0.725
13.200	+3.572e+03	+7.483e+03	+9.546e+03	+0.677
13.300	+3.560e+03	+7.259e+03	+1.098e+04	+0.671
13.400	+3.782e+03	+4.375e+03	+1.038e+04	+0.536
13.500	+8.106e+03	+2.404e+03	+9.349e+03	+0.229
13.600	+6.774e+03	+2.354e+03	+9.726e+03	+0.258
13.700	+7.754e+03	+3.028e+03	+1.141e+04	+0.281
13.800	+6.635e+03	+2.108e+03	+9.138e+03	+0.241
13.900	+8.063e+03	+2.317e+03	+9.754e+03	+0.223
14.000	+7.393e+03	+2.005e+03	+1.062e+04	+0.213
14.100	+4.668e+03	+5.928e+03	+1.150e+04	+0.559
14.200	+3.233e+03	+7.770e+03	+1.044e+04	+0.706
14.300	+2.297e+03	+7.086e+03	+9.007e+03	+0.755
14.400	+3.684e+03	+5.893e+03	+9.352e+03	+0.615
14.500	+4.339e+03	+6.020e+03	+9.426e+03	+0.581
14.600	+4.014e+03	+6.333e+03	+1.057e+04	+0.612
14.700	+3.157e+03	+6.056e+03	+9.732e+03	+0.657
14.800	+3.185e+03	+8.121e+03	+1.002e+04	+0.718
14.900	+3.917e+03	+7.340e+03	+1.003e+04	+0.652
15.000	+3.304e+03	+7.607e+03	+8.929e+03	+0.697
15.100	+2.022e+03	+7.550e+03	+8.927e+03	+0.789
15.200	+3.027e+03	+6.391e+03	+9.784e+03	+0.679
15.300	+2.703e+03	+7.740e+03	+9.704e+03	+0.741
15.400	+3.725e+03	+7.376e+03	+9.154e+03	+0.664
15.500	+3.081e+03	+7.425e+03	+9.366e+03	+0.707
15.600	+4.125e+03	+8.480e+03	+1.029e+04	+0.673
15.700	+4.279e+03	+5.810e+03	+9.755e+03	+0.576
15.800	+3.532e+03	+6.392e+03	+9.798e+03	+0.644
15.900	+3.592e+03	+8.006e+03	+1.155e+04	+0.690
16.000	+2.968e+03	+7.177e+03	+9.603e+03	+0.707
16.100	+3.914e+03	+7.967e+03	+9.848e+03	+0.671
16.200	+2.731e+03	+5.705e+03	+1.001e+04	+0.676
16.300	+3.452e+03	+6.678e+03	+8.834e+03	+0.659
16.400	+3.383e+03	+5.795e+03	+1.088e+04	+0.631
16.500	+1.762e+03	+7.382e+03	+1.089e+04	+0.807
16.600	+3.217e+03	+8.119e+03	+9.661e+03	+0.716
16.700	+3.103e+03	+6.626e+03	+9.555e+03	+0.681
16.800	+3.436e+03	+6.683e+03	+1.188e+04	+0.660
16.900	+2.619e+03	+8.916e+03	+9.749e+03	+0.773
17.000	+3.342e+03	+7.984e+03	+1.076e+04	+0.705
17.100	+4.490e+03	+6.723e+03	+1.076e+04	+0.600
17.200	+2.409e+03	+7.173e+03	+9.144e+03	+0.749
17.300	+1.372e+03	+6.151e+03	+9.440e+03	+0.818
17.400	+2.272e+03	+6.802e+03	+9.833e+03	+0.750
17.500	+4.071e+03	+6.697e+03	+9.162e+03	+0.622
17.600	+2.460e+03	+6.218e+03	+9.634e+03	+0.716
17.700	+3.035e+03	+7.503e+03	+1.029e+04	+0.712
17.800	+2.671e+03	+5.981e+03	+1.020e+04	+0.691
17.900	+2.569e+03	+6.764e+03	+9.321e+03	+0.725
18.000	+4.241e+03	+5.988e+03	+8.992e+03	+0.585
18.100	+2.136e+03	+7.381e+03	+1.071e+04	+0.776
18.200	+4.443e+03	+6.655e+03	+1.075e+04	+0.600
18.300	+4.027e+03	+5.827e+03	+9.877e+03	+0.591
18.400	+4.069e+03	+7.774e+03	+9.710e+03	+0.656
18.500	+4.226e+03	+6.116e+03	+1.065e+04	+0.591
18.600	+2.626e+03	+6.993e+03	+9.820e+03	+0.727
18.700	+2.847e+03	+6.174e+03	+1.005e+04	+0.684
18.800	+2.066e+03	+7.825e+03	+9.699e+03	+0.791
18.900	+3.933e+03	+7.324e+03	+9.965e+03	+0.651
19.000	+2.652e+03	+7.395e+03	+8.785e+03	+0.736
19.100	+2.401e+03	+7.568e+03	+1.017e+04	+0.759
19.200	+2.439e+03	+7.063e+03	+1.046e+04	+0.743
19.300	+3.421e+03	+7.477e+03	+1.048e+04	+0.686
19.400	+2.657e+03	+8.204e+03	+9.410e+03	+0.755
19.500	+2.774e+03	+7.233e+03	+1.168e+04	+0.723
19.600	+2.533e+03	+7.813e+03	+1.027e+04	+0.755
19.700	+4.064e+03	+7.821e+03	+1.072e+04	+0.658
19.800	+1.695e+03	+7.584e+03	+1.065e+04	+0.817
19.900	+3.290e+03	+6.386e+03	+9.007e+03	+0.660
20.000	+2.488e+03	+7.086e+03	+9.659e+03	+0.740
20.100	+3.967e+03	+8.313e+03	+9.961e+03	+0.677
20.200	+2.499e+03	+7.824e+03	+9.661e+03	+0.758
20.300	+2.618e+03	+7.805e+03	+1.071e+04	+0.749
20.400	+3.002e+03	+7.951e+03	+9.849e+03	+0.726
20.500	+3.069e+03	+7.390e+03	+1.078e+04	+0.707
20.600	+3.540e+03	+5.873e+03	+9.708e+03	+0.624
20.700	+3.811e+03	+5.447e+03	+1.082e+04	+0.588
20.800	+1.919e+03	+7.601e+03	+1.053e+04	+0.798
20.900	+1.864e+03	+6.103e+03	+1.016e+04	+0.766
21.000	+3.276e+03	+8.259e+03	+1.071e+04	+0.716
21.100	+1.724e+03	+6.633e+03	+8.632e+03	+0.794
21.200	+2.347e+03	+7.513e+03	+1.072e+04	+0.762
21.300	+3.474e+03	+7.573e+03	+9.891e+03	+0.686
21.400	+4.232e+03	+6.675e+03	+9.753e+03	+0.612
21.500	+2.832e+03	+8.022e+03	+1.029e+04	+0.739
21.600	+3.033e+03	+6.325e+03	+1.046e+04	+0.676
21.700	+2.763e+03	+6.086e+03	+1.181e+04	+0.688
21.800	+3.891e+03	+7.017e+03	+1.027e+04	+0.643
21.900	+3.084e+03	+8.244e+03	+1.110e+04	+0.728
22.000	+4.264e+03	+7.489e+03	+1.059e+04	+0.637
22.100	+2.876e+03	+5.979e+03	+1.101e+04	+0.675
22.200	+3.366e+03	+6.565e+03	+8.813e+03	+0.661
22.300	+3.280e+03	+6.135e+03	+1.035e+04	+0.652
22.400	+2.927e+03	+8.953e+03	+1.029e+04	+0.754
22.500	+3.160e+03	+8.721e+03	+9.167e+03	+0.734
22.600	+1.532e+03	+7.791e+03	+9.642e+03	+0.836
22.700	+3.124e+03	+8.179e+03	+1.080e+04	+0.724
22.800	+8.644e+03	+2.042e+03	+1.086e+04	+0.191
22.900	+6.327e+03	+2.173e+03	+8.307e+03	+0.256
23.000	+7.035e+03	+3.057e+03	+9.475e+03	+0.303
23.100	+5.376e+03	+2.839e+03	+1.131e+04	+0.346
23.200	+5.698e+03	+2.585e+03	+1.127e+04	+0.312
23.300	+7.283e+03	+2.685e+03	+9.274e+03	+0.269
23.400	+5.878e+03	+3.828e+03	+1.037e+04	+0.394
23.500	+1.921e+03	+5.617e+03	+9.279e+03	+0.745
23.600	+2.538e+03	+8.031e+03	+9.246e+03	+0.760
23.700	+3.054e+03	+7.088e+03	+9.524e+03	+0.699
23.800	+2.606e+03	+7.254e+03	+9.897e+03	+0.736
23.900	+3.459e+03	+5.111e+03	+9.393e+03	+0.596
24.000	+2.174e+03	+7.095e+03	+1.084e+04	+0.765
24.100	+1.911e+03	+6.976e+03	+1.061e+04	+0.785
24.200	+2.269e+03	+7.780e+03	+9.593e+03	+0.774
24.300	+2.777e+03	+8.323e+03	+1.069e+04	+0.750
24.400	+3.766e+03	+7.269e+03	+1.088e+04	+0.659
24.500	+5.630e+03	+4.053e+03	+8.700e+03	+0.419
24.600	+6.693e+03	+3.423e+03	+1.043e+04	+0.338
24.700	+5.657e+03	+2.663e+03	+9.766e+03	+0.320
24.800	+7.569e+03	+3.178e+03	+9.014e+03	+0.296
24.900	+8.099e+03	+3.542e+03	+9.475e+03	+0.304
25.000	+7.354e+03	+3.843e+03	+1.006e+04	+0.343
25.100	+6.961e+03	+3.139e+03	+9.173e+03	+0.311
25.200	+5.841e+03	+2.235e+03	+9.197e+03	+0.277
25.300	+7.998e+03	+3.511e+03	+1.129e+04	+0.305
25.400	+6.501e+03	+2.829e+03	+1.027e+04	+0.303
25.500	+7.855e+03	+9.526e+02	+9.208e+03	+0.108
25.600	+5.082e+03	+4.479e+03	+1.058e+04	+0.468
25.700	+6.789e+03	+2.609e+03	+1.039e+04	+0.278
25.800	+6.910e+03	+3.455e+03	+9.984e+03	+0.333
25.900	+8.441e+03	+2.736e+03	+9.404e+03	+0.245
26.000	+7.195e+03	+2.440e+03	+1.077e+04	+0.253
26.100	+6.593e+03	+2.920e+03	+8.265e+03	+0.307
26.200	+7.331e+03	+2.720e+03	+1.046e+04	+0.271
26.300	+5.976e+03	+3.582e+03	+1.088e+04	+0.375
26.400	+7.978e+03	+3.047e+03	+1.024e+04	+0.276
26.500	+8.846e+03	+3.626e+03	+9.573e+03	+0.291
26.600	+5.623e+03	+5.349e+03	+1.043e+04	+0.488
26.700	+3.762e+03	+6.966e+03	+1.003e+04	+0.649
26.800	+3.634e+03	+6.388e+03	+8.403e+03	+0.637
26.900	+2.892e+03	+6.495e+03	+8.999e+03	+0.692
27.000	+3.190e+03	+7.650e+03	+1.032e+04	+0.706
27.100	+1.154e+03	+7.419e+03	+1.015e+04	+0.865
27.200	+4.001e+03	+6.999e+03	+1.012e+04	+0.636
27.300	+3.475e+03	+7.388e+03	+9.791e+03	+0.680
27.400	+3.282e+03	+8.027e+03	+8.861e+03	+0.710
27.500	+3.931e+03	+8.202e+03	+9.725e+03	+0.676
27.600	+4.681e+03	+7.133e+03	+8.906e+03	+0.604
27.700	+2.967e+03	+7.040e+03	+9.769e+03	+0.704
27.800	+3.286e+03	+7.086e+03	+1.071e+04	+0.683
27.900	+3.069e+03	+6.563e+03	+9.241e+03	+0.681
28.000	+1.546e+03	+1.113e+04	+1.021e+04	+0.878
28.100	+1.991e+03	+6.804e+03	+9.627e+03	+0.774
28.200	+2.636e+03	+6.939e+03	+8.633e+03	+0.725
28.300	+2.572e+03	+6.757e+03	+9.261e+03	+0.724
28.400	+3.139e+03	+6.255e+03	+1.066e+04	+0.666
28.500	+4.359e+03	+7.201e+03	+1.087e+04	+0.623
28.600	+2.714e+03	+7.476e+03	+1.108e+04	+0.734
28.700	+3.534e+03	+7.118e+03	+9.819e+03	+0.668
28.800	+3.283e+03	+6.273e+03	+1.107e+04	+0.656
28.900	+2.090e+03	+8.076e+03	+9.912e+03	+0.794
29.000	+1.465e+03	+6.181e+03	+1.021e+04	+0.808
29.100	+3.825e+03	+6.873e+03	+1.085e+04	+0.642
29.200	+3.117e+03	+8.306e+03	+9.141e+03	+0.727
29.300	+2.697e+03	+7.392e+03	+8.116e+03	+0.733
29.400	+4.902e+03	+7.207e+03	+9.925e+03	+0.595
29.500	+2.286e+03	+7.029e+03	+1.058e+04	+0.755
29.600	+4.167e+03	+6.485e+03	+9.521e+03	+0.609
29.700	+7.422e+03	+2.670e+03	+1.030e+04	+0.265
29.800	+6.684e+03	+2.608e+03	+1.178e+04	+0.281
29.900	+5.056e+03	+3.702e+03	+1.013e+04	+0.423
30.000	+6.239e+03	+4.193e+03	+9.238e+03	+0.402
30.100	+6.157e+03	+4.311e+03	+9.937e+03	+0.412
30.200	+7.079e+03	+2.139e+03	+1.150e+04	+0.232
30.300	+6.414e+03	+4.644e+03	+1.025e+04	+0.420
30.400	+7.108e+03	+7.766e+02	+9.810e+03	+0.098
30.500	+3.964e+03	+5.665e+03	+8.706e+03	+0.588
30.600	+2.210e+03	+7.627e+03	+9.876e+03	+0.775
30.700	+3.331e+03	+8.048e+03	+9.086e+03	+0.707
30.800	+2.185e+03	+6.358e+03	+9.400e+03	+0.744
30.900	+2.231e+03	+6.759e+03	+1.079e+04	+0.752
31.000	+2.657e+03	+7.183e+03	+1.105e+04	+0.730
31.100	+3.213e+03	+5.972e+03	+9.833e+03	+0.650
31.200	+2.225e+03	+7.083e+03	+1.030e+04	+0.761
31.300	+2.705e+03	+7.701e+03	+1.051e+04	+0.740
31.400	+3.159e+03	+6.731e+03	+9.502e+03	+0.681
31.500	+3.911e+03	+6.739e+03	+1.077e+04	+0.633
31.600	+3.147e+03	+7.053e+03	+9.484e+03	+0.691
31.700	+3.143e+03	+7.465e+03	+9.978e+03	+0.704
31.800	+3.715e+03	+6.692e+03	+9.783e+03	+0.643
31.900	+1.820e+03	+6.383e+03	+1.168e+04	+0.778
32.000	+2.406e+03	+7.072e+03	+8.991e+03	+0.746
32.100	+1.797e+03	+7.077e+03	+9.665e+03	+0.797
32.200	+3.628e+03	+6.742e+03	+9.945e+03	+0.650
32.300	+3.335e+03	+7.434e+03	+9.506e+03	+0.690
32.400	+2.261e+03	+6.558e+03	+1.207e+04	+0.744
32.500	+2.285e+03	+7.725e+03	+1.019e+04	+0.772
32.600	+4.534e+03	+6.934e+03	+9.718e+03	+0.605
32.700	+3.463e+03	+6.454e+03	+1.042e+04	+0.651
32.800	+2.868e+03	+7.411e+03	+1.032e+04	+0.721
32.900	+3.556e+03	+5.800e+03	+1.116e+04	+0.620
33.000	+2.063e+03	+7.138e+03	+9.574e+03	+0.776
33.100	+2.603e+03	+6.499e+03	+9.479e+03	+0.714
33.200	+3.668e+03	+6.602e+03	+8.293e+03	+0.643
33.300	+3.345e+03	+6.551e+03	+9.411e+03	+0.662
33.400	+3.178e+03	+7.992e+03	+8.677e+03	+0.716
33.500	+2.093e+03	+7.113e+03	+8.801e+03	+0.773
33.600	+1.977e+03	+6.754e+03	+9.301e+03	+0.774
33.700	+1.321e+03	+8.474e+03	+8.960e+03	+0.865
33.800	+1.945e+03	+7.976e+03	+8.336e+03	+0.804
33.900	+2.651e+03	+6.852e+03	+9.043e+03	+0.721
34.000	+2.882e+03	+7.067e+03	+1.052e+04	+0.710
34.100	+5.793e+03	+3.179e+03	+8.948e+03	+0.354
34.200	+6.237e+03	+1.841e+03	+1.141e+04	+0.228
34.300	+6.883e+03	+3.245e+03	+1.016e+04	+0.320
34.400	+8.960e+03	+3.337e+03	+1.017e+04	+0.271
34.500	+7.115e+03	+3.585e+03	+1.034e+04	+0.335
34.600	+8.124e+03	+3.449e+03	+9.922e+03	+0.298
34.700	+6.268e+03	+3.604e+03	+9.878e+03	+0.365
34.800	+6.000e+03	+3.604e+03	+1.109e+04	+0.375
34.900	+6.209e+03	+3.719e+03	+9.852e+03	+0.375
35.000	+7.929e+03	+2.208e+03	+1.067e+04	+0.218
35.100	+6.861e+03	+3.537e+03	+1.024e+04	+0.340
35.200	+7.099e+03	+4.320e+03	+1.015e+04	+0.378
35.300	+7.313e+03	+4.039e+03	+1.017e+04	+0.356
35.400	+6.319e+03	+3.613e+03	+1.004e+04	+0.364
35.500	+1.805e+03	+6.098e+03	+1.178e+04	+0.772
35.600	+3.531e+03	+7.024e+03	+9.120e+03	+0.665
35.700	+1.895e+03	+7.094e+03	+9.318e+03	+0.789
35.800	+2.705e+03	+6.714e+03	+9.726e+03	+0.713
35.900	+2.209e+03	+6.852e+03	+1.076e+04	+0.756
36.000	+1.392e+03	+7.924e+03	+9.854e+03	+0.851
36.100	+2.175e+03	+6.984e+03	+1.208e+04	+0.762
36.200	+4.351e+03	+6.980e+03	+1.039e+04	+0.616
36.300	+2.958e+03	+7.330e+03	+9.756e+03	+0.713
36.400	+2.557e+03	+5.907e+03	+1.018e+04	+0.698
36.500	+2.929e+03	+6.154e+03	+9.923e+03	+0.678
36.600	+9.789e+02	+7.241e+03	+1.070e+04	+0.881
36.700	+2.025e+03	+6.402e+03	+1.070e+04	+0.760
36.800	+2.140e+03	+7.849e+03	+1.079e+04	+0.786
36.900	+5.150e+03	+6.373e+03	+1.026e+04	+0.553
37.000	+5.698e+03	+3.226e+03	+8.624e+03	+0.361
37.100	+8.687e+03	+3.662e+03	+1.146e+04	+0.297
37.200	+6.894e+03	+2.183e+03	+7.832e+03	+0.241
37.300	+5.016e+03	+5.171e+03	+1.006e+04	+0.508
37.400	+4.041e+03	+6.422e+03	+9.837e+03	+0.614
37.500	+3.307e+03	+6.917e+03	+8.854e+03	+0.677
37.600	+2.781e+03	+5.404e+03	+1.040e+04	+0.660
37.700	+2.938e+03	+7.435e+03	+1.013e+04	+0.717
37.800	+4.247e+03	+7.532e+03	+1.035e+04	+0.639
37.900	+3.198e+03	+7.972e+03	+1.100e+04	+0.714
38.000	+2.381e+03	+6.369e+03	+1.037e+04	+0.728
38.100	+4.426e+03	+7.146e+03	+1.062e+04	+0.618
38.200	+4.565e+03	+7.551e+03	+1.049e+04	+0.623
38.300	+4.878e+03	+5.192e+03	+1.048e+04	+0.516
38.400	+6.248e+03	+3.048e+03	+9.867e+03	+0.328
38.500	+5.869e+03	+3.034e+03	+1.072e+04	+0.341
38.600	+6.697e+03	+3.166e+03	+1.006e+04	+0.321
38.700	+7.058e+03	+3.374e+03	+1.021e+04	+0.323
38.800	+6.622e+03	+3.566e+03	+9.997e+03	+0.350
38.900	+8.265e+03	+3.290e+03	+9.462e+03	+0.285
39.000	+7.911e+03	+2.288e+03	+1.108e+04	+0.224
39.100	+6.062e+03	+3.919e+03	+9.231e+03	+0.393
39.200	+4.140e+03	+5.955e+03	+1.038e+04	+0.590
39.300	+3.601e+03	+6.021e+03	+1.179e+04	+0.626
39.400	+2.331e+03	+7.827e+03	+9.778e+03	+0.771
39.500	+3.655e+03	+7.445e+03	+9.768e+03	+0.671
39.600	+2.104e+03	+8.284e+03	+9.218e+03	+0.797
39.700	+4.058e+03	+7.210e+03	+1.057e+04	+0.640
39.800	+1.713e+03	+7.621e+03	+9.251e+03	+0.816
39.900	+3.374e+03	+6.155e+03	+9.513e+03	+0.646
40.000	+2.342e+03	+8.006e+03	+9.899e+03	+0.774
40.100	+2.026e+03	+6.644e+03	+9.736e+03	+0.766
40.200	+3.771e+03	+8.028e+03	+1.041e+04	+0.680
40.300	+1.853e+03	+6.881e+03	+1.062e+04	+0.788
40.400	+4.838e+03	+7.232e+03	+9.321e+03	+0.599
40.500	+2.780e+03	+6.822e+03	+1.152e+04	+0.711
40.600	+2.440e+03	+6.225e+03	+1.038e+04	+0.718
40.700	+2.709e+03	+7.484e+03	+1.002e+04	+0.734
40.800	+5.877e+03	+4.729e+03	+1.010e+04	+0.446
40.900	+8.235e+03	+2.247e+03	+1.104e+04	+0.214
41.000	+7.068e+03	+3.739e+03	+1.163e+04	+0.346
41.100	+4.289e+03	+5.772e+03	+9.940e+03	+0.574
41.200	+2.299e+03	+7.661e+03	+9.699e+03	+0.769
41.300	+3.776e+03	+7.014e+03	+9.869e+03	+0.650
41.400	+3.996e+03	+7.298e+03	+9.396e+03	+0.646
41.500	+3.238e+03	+5.671e+03	+9.015e+03	+0.637
41.600	+2.973e+03	+6.203e+03	+7.978e+03	+0.676
41.700	+3.764e+03	+6.986e+03	+9.191e+03	+0.650
41.800	+4.836e+03	+4.838e+03	+1.034e+04	+0.500
41.900	+7.957e+03	+2.502e+03	+9.535e+03	+0.239
42.000	+7.253e+03	+2.395e+03	+1.037e+04	+0.248
42.100	+7.096e+03	+1.929e+03	+9.699e+03	+0.214
42.200	+6.942e+03	+4.124e+03	+9.522e+03	+0.373
42.300	+4.873e+03	+6.156e+03	+9.579e+03	+0.558
42.400	+3.504e+03	+6.736e+03	+9.752e+03	+0.658
42.500	+2.514e+03	+6.971e+03	+9.634e+03	+0.735
42.600	+3.367e+03	+8.544e+03	+1.019e+04	+0.717
42.700	+1.867e+03	+6.528e+03	+1.132e+04	+0.778
42.800	+1.544e+03	+6.396e+03	+1.063e+04	+0.805
42.900	+3.588e+03	+6.547e+03	+9.551e+03	+0.646
43.000	+3.103e+03	+7.769e+03	+8.869e+03	+0.715
43.100	+3.838e+03	+6.586e+03	+9.841e+03	+0.632
43.200	+3.203e+03	+7.541e+03	+9.630e+03	+0.702
43.300	+3.558e+03	+8.223e+03	+8.975e+03	+0.698
43.400	+3.490e+03	+7.968e+03	+1.080e+04	+0.695
43.500	+2.955e+03	+7.719e+03	+9.668e+03	+0.723
43.600	+1.332e+03	+6.721e+03	+9.637e+03	+0.835
43.700	+2.577e+03	+7.004e+03	+9.323e+03	+0.731
43.800	+1.949e+03	+6.278e+03	+9.599e+03	+0.763
43.900	+2.462e+03	+6.765e+03	+8.588e+03	+0.733
44.000	+2.642e+03	+7.423e+03	+1.036e+04	+0.738
44.100	+3.961e+03	+5.196e+03	+1.039e+04	+0.567
44.200	+4.320e+03	+7.075e+03	+1.084e+04	+0.621
44.300	+2.475e+03	+5.805e+03	+1.054e+04	+0.701
44.400	+4.297e+03	+6.176e+03	+1.113e+04	+0.590
44.500	+3.825e+03	+5.912e+03	+1.016e+04	+0.607
44.600	+6.724e+03	+3.419e+03	+8.687e+03	+0.337
44.700	+4.389e+03	+2.641e+03	+1.137e+04	+0.376
44.800	+7.654e+03	+2.647e+03	+8.901e+03	+0.257
44.900	+7.958e+03	+2.251e+03	+1.204e+04	+0.221
45.000	+7.284e+03	+3.662e+03	+1.081e+04	+0.335
45.100	+7.378e+03	+1.757e+03	+8.240e+03	+0.192
45.200	+7.083e+03	+3.294e+03	+9.837e+03	+0.317
45.300	+5.754e+03	+4.919e+03	+1.118e+04	+0.461
45.400	+3.238e+03	+7.344e+03	+9.557e+03	+0.694
45.500	+3.325e+03	+6.626e+03	+9.011e+03	+0.666
45.600	+3.515e+03	+7.500e+03	+9.921e+03	+0.681
45.700	+2.726e+03	+6.970e+03	+1.049e+04	+0.719
45.800	+3.817e+03	+7.167e+03	+9.337e+03	+0.652
45.900	+3.300e+03	+6.034e+03	+1.079e+04	+0.646
46.000	+3.354e+03	+8.697e+03	+9.550e+03	+0.722
46.100	+4.288e+03	+5.353e+03	+1.023e+04	+0.555
46.200	+6.897e+03	+1.584e+03	+8.567e+03	+0.187
46.300	+7.780e+03	+3.167e+03	+9.502e+03	+0.289
46.400	+7.333e+03	+2.454e+03	+9.746e+03	+0.251
46.500	+7.800e+03	+1.956e+03	+8.293e+03	+0.200
46.600	+5.886e+03	+3.275e+03	+8.981e+03	+0.357
46.700	+6.734e+03	+2.616e+03	+9.300e+03	+0.280
46.800	+5.444e+03	+4.376e+03	+1.042e+04	+0.446
46.900	+8.391e+03	+2.538e+03	+1.040e+04	+0.232
47.000	+6.096e+03	+4.593e+03	+9.393e+03	+0.430
47.100	+5.401e+03	+8.005e+03	+9.460e+03	+0.597
47.200	+2.673e+03	+6.861e+03	+9.617e+03	+0.720
47.300	+3.603e+03	+7.687e+03	+9.435e+03	+0.681
47.400	+3.458e+03	+6.776e+03	+1.061e+04	+0.662
47.500	+7.838e+03	+2.753e+03	+9.990e+03	+0.260
47.600	+7.676e+03	+3.418e+03	+1.020e+04	+0.308
47.700	+7.472e+03	+2.388e+03	+1.058e+04	+0.242
47.800	+7.434e+03	+3.857e+03	+1.057e+04	+0.342
47.900	+7.650e+03	+2.499e+03	+1.003e+04	+0.246
48.000	+7.799e+03	+2.013e+03	+1.034e+04	+0.205
48.100	+4.856e+03	+5.083e+03	+1.054e+04	+0.511
48.200	+3.078e+03	+6.757e+03	+9.334e+03	+0.687
48.300	+7.328e+03	+4.019e+03	+1.025e+04	+0.354
48.400	+7.351e+03	+2.527e+03	+1.066e+04	+0.256
48.500	+7.007e+03	+3.232e+03	+9.320e+03	+0.316
48.600	+7.722e+03	+2.419e+03	+1.128e+04	+0.239
48.700	+6.627e+03	+3.600e+03	+8.655e+03	+0.352
48.800	+5.763e+03	+3.871e+03	+1.021e+04	+0.402
48.900	+7.056e+03	+3.161e+03	+1.033e+04	+0.309
49.000	+2.551e+03	+4.357e+03	+1.071e+04	+0.631
49.100	+3.379e+03	+6.666e+03	+9.155e+03	+0.664
49.200	+2.417e+03	+7.586e+03	+1.106e+04	+0.758
49.300	+3.130e+03	+7.311e+03	+1.113e+04	+0.700
49.400	+2.663e+03	+7.059e+03	+1.120e+04	+0.726
49.500	+4.205e+03	+6.362e+03	+1.047e+04	+0.602
49.600	+3.219e+03	+7.042e+03	+1.016e+04	+0.686
49.700	+2.384e+03	+5.069e+03	+8.560e+03	+0.680
49.800	+2.569e+03	+7.371e+03	+1.096e+04	+0.742
49.900	+3.205e+03	+7.221e+03	+9.881e+03	+0.693
50.000	+2.518e+03	+6.984e+03	+9.779e+03	+0.735
50.100	+3.682e+03	+7.511e+03	+1.044e+04	+0.671
50.200	+3.238e+03	+5.268e+03	+9.707e+03	+0.619
50.300	+3.239e+03	+6.786e+03	+1.163e+04	+0.677
50.400	+2.870e+03	+5.903e+03	+1.099e+04	+0.673
50.500	+2.519e+03	+8.266e+03	+9.817e+03	+0.766
50.600	+3.148e+03	+7.116e+03	+1.090e+04	+0.693
50.700	+2.343e+03	+7.768e+03	+1.010e+04	+0.768
50.800	+3.361e+03	+7.212e+03	+7.808e+03	+0.682
50.900	+3.339e+03	+6.549e+03	+9.284e+03	+0.662
51.000	+3.562e+03	+7.901e+03	+9.350e+03	+0.689
51.100	+2.271e+03	+6.999e+03	+9.833e+03	+0.755
51.200	+3.856e+03	+8.504e+03	+9.879e+03	+0.688
51.300	+3.028e+03	+5.300e+03	+9.987e+03	+0.636
51.400	+3.072e+03	+7.758e+03	+8.684e+03	+0.716
51.500	+4.112e+03	+6.570e+03	+1.009e+04	+0.615
51.600	+2.131e+03	+6.198e+03	+8.719e+03	+0.744
51.700	+4.525e+03	+7.369e+03	+9.700e+03	+0.620
51.800	+4.385e+03	+7.342e+03	+1.243e+04	+0.626
51.900	+3.551e+03	+8.344e+03	+9.725e+03	+0.702
52.000	+5.952e+03	+5.446e+03	+1.027e+04	+0.478
52.100	+6.473e+03	+3.637e+03	+8.769e+03	+0.360
52.200	+4.736e+03	+2.643e+03	+9.302e+03	+0.358
52.300	+6.711e+03	+3.168e+03	+8.733e+03	+0.321
52.400	+6.130e+03	+4.660e+03	+1.000e+04	+0.432
52.500	+7.523e+03	+2.760e+03	+9.685e+03	+0.268
52.600	+7.658e+03	+1.956e+03	+9.710e+03	+0.203
52.700	+6.182e+03	+4.687e+03	+9.912e+03	+0.431
52.800	+7.546e+03	+3.776e+03	+1.113e+04	+0.333
52.900	+6.600e+03	+2.181e+03	+9.462e+03	+0.248
53.000	+6.728e+03	+2.935e+03	+1.037e+04	+0.304
53.100	+6.691e+03	+1.865e+03	+1.073e+04	+0.218
53.200	+6.391e+03	+3.119e+03	+9.597e+03	+0.328
53.300	+7.396e+03	+1.465e+03	+1.089e+04	+0.165
53.400	+6.285e+03	+2.880e+03	+9.363e+03	+0.314
53.500	+7.396e+03	+2.777e+03	+9.799e+03	+0.273
53.600	+8.492e+03	+4.249e+03	+1.048e+04	+0.334
53.700	+7.474e+03	+2.505e+03	+8.371e+03	+0.251
53.800	+7.487e+03	+3.462e+03	+8.588e+03	+0.316
53.900	+6.549e+03	+2.361e+03	+1.029e+04	+0.265
54.000	+6.865e+03	+2.647e+03	+9.974e+03	+0.278
54.100	+6.697e+03	+2.678e+03	+1.017e+04	+0.286
54.200	+7.009e+03	+3.681e+03	+9.572e+03	+0.344
54.300	+6.943e+03	+3.672e+03	+9.810e+03	+0.346
54.400	+7.209e+03	+1.280e+03	+9.632e+03	+0.151
54.500	+7.554e+03	+3.912e+03	+1.142e+04	+0.341
54.600	+7.316e+03	+3.251e+03	+1.039e+04	+0.308
54.700	+5.603e+03	+3.864e+03	+8.845e+03	+0.408
54.800	+7.958e+03	+3.833e+03	+1.052e+04	+0.325
54.900	+8.264e+03	+2.604e+03	+1.043e+04	+0.240
55.000	+4.185e+03	+7.735e+03	+1.018e+04	+0.649
55.100	+3.691e+03	+7.059e+03	+1.074e+04	+0.657
55.200	+3.360e+03	+6.780e+03	+9.757e+03	+0.669
55.300	+2.795e+03	+7.894e+03	+1.062e+04	+0.739
55.400	+3.122e+03	+7.540e+03	+9.659e+03	+0.707
55.500	+2.650e+03	+6.808e+03	+9.439e+03	+0.720
55.600	+1.897e+03	+7.329e+03	+9.173e+03	+0.794
55.700	+2.987e+03	+7.750e+03	+8.125e+03	+0.722
55.800	+3.934e+03	+6.470e+03	+1.088e+04	+0.622
55.900	+4.004e+03	+7.443e+03	+9.944e+03	+0.650
56.000	+3.544e+03	+7.293e+03	+9.737e+03	+0.673
56.100	+3.097e+03	+6.896e+03	+9.761e+03	+0.690
56.200	+3.063e+03	+6.040e+03	+1.082e+04	+0.664
56.300	+3.227e+03	+8.022e+03	+8.837e+03	+0.713
56.400	+1.367e+03	+8.031e+03	+1.144e+04	+0.855
56.500	+2.470e+03	+6.492e+03	+1.123e+04	+0.724
56.600	+2.552e+03	+5.957e+03	+8.762e+03	+0.700
56.700	+2.199e+03	+6.344e+03	+1.053e+04	+0.743
56.800	+4.051e+03	+7.329e+03	+9.805e+03	+0.644
56.900	+4.196e+03	+8.368e+03	+9.617e+03	+0.666
57.000	+1.483e+03	+6.238e+03	+1.007e+04	+0.808
57.100	+3.790e+03	+8.384e+03	+1.022e+04	+0.689
57.200	+2.867e+03	+7.423e+03	+9.455e+03	+0.721
57.300	+4.030e+03	+7.031e+03	+9.017e+03	+0.636
57.400	+3.625e+03	+7.861e+03	+7.932e+03	+0.684
57.500	+3.196e+03	+7.267e+03	+9.231e+03	+0.695
57.600	+3.171e+03	+5.868e+03	+9.524e+03	+0.649
57.700	+3.036e+03	+7.966e+03	+9.914e+03	+0.724
57.800	+3.815e+03	+7.190e+03	+1.077e+04	+0.653
57.900	+3.102e+03	+7.055e+03	+1.030e+04	+0.695
58.000	+3.299e+03	+5.939e+03	+9.815e+03	+0.643
58.100	+2.974e+03	+7.753e+03	+1.154e+04	+0.723
58.200	+2.186e+03	+5.934e+03	+9.371e+03	+0.731
58.300	+2.607e+03	+7.261e+03	+1.034e+04	+0.736
58.400	+2.627e+03	+6.497e+03	+9.388e+03	+0.712
58.500	+1.362e+03	+6.872e+03	+1.018e+04	+0.835
58.600	+1.871e+03	+7.496e+03	+9.935e+03	+0.800
58.700	+2.549e+03	+7.597e+03	+9.951e+03	+0.749
58.800	+2.526e+03	+7.309e+03	+1.010e+04	+0.743
58.900	+2.502e+03	+7.313e+03	+1.037e+04	+0.745
59.000	+3.066e+03	+6.557e+03	+1.011e+04	+0.681
59.100	+4.444e+03	+7.275e+03	+1.115e+04	+0.621
59.200	+2.919e+03	+6.334e+03	+1.239e+04	+0.685
59.300	+6.094e+03	+3.602e+03	+1.161e+04	+0.371
59.400	+8.032e+03	+3.200e+03	+1.065e+04	+0.285
59.500	+6.564e+03	+4.061e+03	+9.669e+03	+0.382
59.600	+7.301e+03	+3.700e+03	+9.964e+03	+0.336
59.700	+7.549e+03	+2.856e+03	+1.090e+04	+0.274
59.800	+7.306e+03	+3.303e+03	+1.085e+04	+0.311
59.900	+7.266e+03	+1.225e+03	+9.615e+03	+0.144
60.000	+7.585e+03	+2.539e+03	+1.001e+04	+0.251
60.100	+7.727e+03	+3.474e+03	+1.084e+04	+0.310
60.200	+6.206e+03	+2.193e+03	+1.052e+04	+0.261
60.300	+7.322e+03	+2.479e+03	+8.588e+03	+0.253
60.400	+6.158e+03	+2.206e+03	+9.122e+03	+0.264
60.500	+6.571e+03	+4.255e+03	+9.692e+03	+0.393
60.600	+4.212e+03	+5.314e+03	+1.008e+04	+0.558
60.700	+2.925e+03	+7.900e+03	+9.963e+03	+0.730
60.800	+3.025e+03	+5.778e+03	+1.007e+04	+0.656
60.900	+2.783e+03	+7.016e+03	+9.982e+03	+0.716
61.000	+3.159e+03	+7.482e+03	+1.070e+04	+0.703
61.100	+2.866e+03	+6.809e+03	+1.066e+04	+0.704
61.200	+2.445e+03	+6.842e+03	+9.648e+03	+0.737
61.300	+2.414e+03	+7.775e+03	+9.615e+03	+0.763
61.400	+3.736e+03	+6.505e+03	+8.410e+03	+0.635
61.500	+3.113e+03	+6.879e+03	+8.199e+03	+0.688
61.600	+2.684e+03	+6.824e+03	+1.029e+04	+0.718
61.700	+3.117e+03	+8.108e+03	+9.635e+03	+0.722
61.800	+1.616e+03	+6.068e+03	+1.065e+04	+0.790
61.900	+3.617e+03	+7.348e+03	+8.412e+03	+0.670
62.000	+4.447e+03	+7.398e+03	+9.471e+03	+0.625
62.100	+3.561e+03	+7.220e+03	+1.149e+04	+0.670
62.200	+2.967e+03	+7.573e+03	+8.768e+03	+0.718
62.300	+2.269e+03	+5.930e+03	+1.195e+04	+0.723
62.400	+1.970e+03	+5.386e+03	+1.092e+04	+0.732
62.500	+3.634e+03	+8.137e+03	+1.165e+04	+0.691
62.600	+2.548e+03	+8.255e+03	+8.863e+03	+0.764
62.700	+1.275e+03	+7.242e+03	+1.056e+04	+0.850
62.800	+5.281e+03	+3.462e+03	+1.081e+04	+0.396
62.900	+6.449e+03	+3.067e+03	+9.956e+03	+0.322
63.000	+7.208e+03	+3.364e+03	+9.711e+03	+0.318
63.100	+5.440e+03	+3.558e+03	+1.040e+04	+0.395
63.200	+2.998e+03	+6.150e+03	+9.642e+03	+0.672
63.300	+2.540e+03	+6.842e+03	+1.079e+04	+0.729
63.400	+6.360e+03	+4.540e+03	+1.048e+04	+0.416
63.500	+7.714e+03	+2.751e+03	+9.468e+03	+0.263
63.600	+6.537e+03	+3.075e+03	+1.056e+04	+0.320
63.700	+6.929e+03	+2.817e+03	+9.759e+03	+0.289
63.800	+6.287e+03	+2.452e+03	+8.742e+03	+0.281
63.900	+6.847e+03	+5.059e+03	+8.532e+03	+0.425
64.000	+3.631e+03	+6.482e+03	+1.009e+04	+0.641
64.100	+2.698e+03	+6.235e+03	+9.766e+03	+0.698
64.200	+2.976e+03	+5.381e+03	+8.690e+03	+0.644
64.300	+2.755e+03	+7.531e+03	+1.058e+04	+0.732
64.400	+3.920e+03	+6.258e+03	+1.087e+04	+0.615
64.500	+2.443e+03	+6.094e+03	+9.792e+03	+0.714
64.600	+3.631e+03	+6.900e+03	+9.945e+03	+0.655
64.700	+3.046e+03	+7.419e+03	+9.155e+03	+0.709
64.800	+3.327e+03	+7.506e+03	+1.047e+04	+0.693
64.900	+1.442e+03	+5.886e+03	+1.018e+04	+0.803
65.000	+2.886e+03	+8.731e+03	+8.128e+03	+0.752
65.100	+2.557e+03	+6.129e+03	+9.935e+03	+0.706
65.200	+3.321e+03	+7.159e+03	+9.978e+03	+0.683
65.300	+3.009e+03	+6.822e+03	+1.067e+04	+0.694
65.400	+2.499e+03	+5.889e+03	+9.629e+03	+0.702
65.500	+3.370e+03	+8.413e+03	+8.772e+03	+0.714
65.600	+9.477e+02	+5.676e+03	+9.704e+03	+0.857
65.700	+2.543e+03	+7.239e+03	+1.044e+04	+0.740
65.800	+1.434e+03	+6.787e+03	+9.460e+03	+0.826
65.900	+3.817e+03	+5.608e+03	+1.008e+04	+0.595
66.000	+3.593e+03	+7.367e+03	+9.446e+03	+0.672
66.100	+1.681e+03	+7.618e+03	+9.359e+03	+0.819
66.200	+3.864e+03	+6.238e+03	+9.837e+03	+0.618
66.300	+2.887e+03	+6.491e+03	+1.096e+04	+0.692
66.400	+2.441e+03	+6.339e+03	+1.023e+04	+0.722
66.500	+3.796e+03	+6.761e+03	+9.519e+03	+0.640
66.600	+2.996e+03	+6.415e+03	+1.085e+04	+0.682
66.700	+1.553e+03	+7.121e+03	+1.054e+04	+0.821
66.800	+3.715e+03	+7.429e+03	+9.389e+03	+0.667
66.900	+2.245e+03	+6.007e+03	+9.218e+03	+0.728
67.000	+2.655e+03	+7.706e+03	+8.601e+03	+0.744
67.100	+2.043e+03	+8.038e+03	+1.030e+04	+0.797
67.200	+3.623e+03	+9.139e+03	+8.993e+03	+0.716
67.300	+4.264e+03	+7.279e+03	+9.338e+03	+0.631
67.400	+3.167e+03	+7.128e+03	+9.367e+03	+0.692
67.500	+2.449e+03	+6.149e+03	+9.571e+03	+0.715
67.600	+4.022e+03	+6.673e+03	+9.914e+03	+0.624
67.700	+5.083e+03	+6.281e+03	+1.075e+04	+0.553
67.800	+2.339e+03	+7.363e+03	+9.222e+03	+0.759
67.900	+2.685e+03	+8.512e+03	+1.003e+04	+0.760
68.000	+3.258e+03	+7.739e+03	+8.281e+03	+0.704
68.100	+2.324e+03	+6.879e+03	+8.795e+03	+0.747
68.200	+2.742e+03	+7.384e+03	+1.121e+04	+0.729
68.300	+3.699e+03	+6.876e+03	+1.041e+04	+0.650
68.400	+3.261e+03	+5.403e+03	+9.729e+03	+0.624
68.500	+1.939e+03	+6.833e+03	+1.027e+04	+0.779
68.600	+2.100e+03	+6.682e+03	+9.096e+03	+0.761
68.700	+4.377e+03	+6.807e+03	+9.969e+03	+0.609
68.800	+3.242e+03	+4.745e+03	+9.376e+03	+0.594
68.900	+2.128e+03	+7.398e+03	+1.082e+04	+0.777
69.000	+3.810e+03	+6.069e+03	+9.045e+03	+0.614
69.100	+2.046e+03	+7.769e+03	+1.007e+04	+0.792
69.200	+3.192e+03	+6.391e+03	+1.078e+04	+0.667
69.300	+1.418e+03	+6.600e+03	+9.577e+03	+0.823
69.400	+2.918e+03	+7.260e+03	+1.117e+04	+0.713
69.500	+2.384e+03	+7.289e+03	+1.025e+04	+0.754
69.600	+1.801e+03	+8.405e+03	+1.093e+04	+0.824
69.700	+3.564e+03	+7.274e+03	+9.889e+03	+0.671
69.800	+1.337e+03	+6.221e+03	+1.142e+04	+0.823
69.900	+3.012e+03	+6.970e+03	+1.194e+04	+0.698
70.000	+3.748e+03	+6.648e+03	+9.757e+03	+0.639
70.100	+2.373e+03	+7.723e+03	+9.741e+03	+0.765
70.200	+3.644e+03	+6.712e+03	+1.033e+04	+0.648
70.300	+2.413e+03	+7.273e+03	+1.030e+04	+0.751
70.400	+2.731e+03	+6.641e+03	+1.089e+04	+0.709
70.500	+2.422e+03	+7.623e+03	+9.948e+03	+0.759
70.600	+2.834e+03	+7.168e+03	+1.015e+04	+0.717
70.700	+2.151e+03	+7.952e+03	+9.899e+03	+0.787
70.800	+1.575e+03	+6.472e+03	+9.004e+03	+0.804
70.900	+3.696e+03	+8.245e+03	+9.745e+03	+0.690
71.000	+3.767e+03	+6.975e+03	+1.060e+04	+0.649
71.100	+2.174e+03	+8.119e+03	+1.042e+04	+0.789
71.200	+2.893e+03	+6.473e+03	+1.097e+04	+0.691
71.300	+2.512e+03	+6.860e+03	+1.052e+04	+0.732
71.400	+3.271e+03	+6.449e+03	+9.655e+03	+0.663
71.500	+3.585e+03	+6.929e+03	+1.137e+04	+0.659
71.600	+1.931e+03	+8.207e+03	+1.032e+04	+0.810
71.700	+2.522e+03	+7.449e+03	+9.513e+03	+0.747
71.800	+3.630e+03	+6.619e+03	+1.016e+04	+0.646
71.900	+3.927e+03	+7.832e+03	+8.331e+03	+0.666
72.000	+2.672e+03	+7.562e+03	+1.086e+04	+0.739
72.100	+3.633e+03	+6.899e+03	+9.185e+03	+0.655
72.200	+2.172e+03	+7.302e+03	+9.665e+03	+0.771
72.300	+2.125e+03	+5.947e+03	+9.492e+03	+0.737
72.400	+2.074e+03	+7.317e+03	+9.151e+03	+0.779
72.500	+1.424e+03	+7.856e+03	+8.907e+03	+0.847
72.600	+2.783e+03	+5.558e+03	+9.284e+03	+0.666
72.700	+3.466e+03	+7.832e+03	+9.414e+03	+0.693
72.800	+3.782e+03	+5.702e+03	+8.759e+03	+0.601
72.900	+2.832e+03	+5.037e+03	+1.017e+04	+0.640
73.000	+7.370e+03	+2.682e+03	+1.009e+04	+0.267
73.100	+5.644e+03	+2.913e+03	+1.015e+04	+0.340
73.200	+3.094e+03	+7.077e+03	+9.454e+03	+0.696
73.300	+3.279e+03	+6.921e+03	+1.086e+04	+0.679
73.400	+3.267e+03	+8.177e+03	+9.885e+03	+0.715
73.500	+2.811e+03	+7.503e+03	+9.954e+03	+0.727
73.600	+3.203e+03	+6.219e+03	+1.085e+04	+0.660
73.700	+3.479e+03	+6.582e+03	+1.042e+04	+0.654
73.800	+4.108e+03	+7.966e+03	+1.035e+04	+0.660
73.900	+1.705e+03	+7.511e+03	+1.008e+04	+0.815
74.000	+2.557e+03	+5.856e+03	+1.004e+04	+0.696
74.100	+3.223e+03	+7.316e+03	+1.149e+04	+0.694
74.200	+2.561e+03	+5.875e+03	+8.100e+03	+0.696
74.300	+2.318e+03	+8.036e+03	+1.016e+04	+0.776
74.400	+2.647e+03	+7.363e+03	+1.167e+04	+0.736
74.500	+4.401e+03	+5.017e+03	+1.053e+04	+0.533
74.600	+5.965e+03	+2.825e+03	+9.502e+03	+0.321
74.700	+6.925e+03	+3.001e+03	+1.002e+04	+0.302
74.800	+6.138e+03	+2.571e+03	+8.460e+03	+0.295
74.900	+7.656e+03	+3.057e+03	+9.170e+03	+0.285
75.000	+4.399e+03	+6.360e+03	+9.653e+03	+0.591
75.100	+3.081e+03	+6.846e+03	+1.048e+04	+0.690
75.200	+2.443e+03	+8.179e+03	+1.044e+04	+0.770
75.300	+2.180e+03	+6.746e+03	+1.036e+04	+0.756
75.400	+1.009e+03	+6.110e+03	+1.031e+04	+0.858
75.500	+4.282e+03	+6.746e+03	+1.012e+04	+0.612
75.600	+3.531e+03	+6.776e+03	+9.970e+03	+0.657
75.700	+3.599e+03	+6.677e+03	+9.809e+03	+0.650
75.800	+2.613e+03	+7.079e+03	+9.634e+03	+0.730
75.900	+3.446e+03	+6.258e+03	+1.169e+04	+0.645
76.000	+2.766e+03	+6.280e+03	+1.029e+04	+0.694
76.100	+3.321e+03	+8.204e+03	+8.241e+03	+0.712
76.200	+2.878e+03	+6.663e+03	+9.183e+03	+0.698
76.300	+1.676e+03	+6.233e+03	+1.039e+04	+0.788
76.400	+3.071e+03	+5.870e+03	+8.819e+03	+0.657
76.500	+3.997e+03	+6.952e+03	+1.077e+04	+0.635
76.600	+3.720e+03	+7.715e+03	+9.633e+03	+0.675
76.700	+6.748e+03	+3.207e+03	+8.295e+03	+0.322
76.800	+6.680e+03	+3.248e+03	+1.017e+04	+0.327
76.900	+7.924e+03	+3.400e+03	+9.927e+03	+0.300
77.000	+6.539e+03	+3.819e+03	+8.873e+03	+0.369
77.100	+6.787e+03	+4.437e+03	+1.105e+04	+0.395
77.200	+5.132e+03	+4.834e+03	+9.056e+03	+0.485
77.300	+3.657e+03	+7.199e+03	+1.122e+04	+0.663
77.400	+2.482e+03	+7.778e+03	+9.919e+03	+0.758
77.500	+3.874e+03	+6.682e+03	+9.030e+03	+0.633
77.600	+1.194e+03	+6.567e+03	+1.032e+04	+0.846
77.700	+1.688e+03	+6.098e+03	+1.125e+04	+0.783
77.800	+3.755e+03	+7.344e+03	+1.002e+04	+0.662
77.900	+3.575e+03	+5.794e+03	+1.104e+04	+0.618
78.000	+2.730e+03	+6.853e+03	+9.153e+03	+0.715
78.100	+2.760e+03	+6.440e+03	+1.053e+04	+0.700
78.200	+3.041e+03	+6.940e+03	+1.150e+04	+0.695
78.300	+3.967e+03	+6.453e+03	+1.004e+04	+0.619
78.400	+2.662e+03	+8.475e+03	+9.576e+03	+0.761
78.500	+2.708e+03	+6.366e+03	+9.628e+03	+0.702
78.600	+2.321e+03	+6.509e+03	+1.006e+04	+0.737
78.700	+3.450e+03	+5.575e+03	+1.081e+04	+0.618
78.800	+6.760e+03	+4.486e+03	+8.858e+03	+0.399
78.900	+6.616e+03	+3.379e+03	+9.162e+03	+0.338
79.000	+7.193e+03	+2.377e+03	+1.173e+04	+0.248
79.100	+6.794e+03	+2.292e+03	+1.001e+04	+0.252
79.200	+6.676e+03	+3.506e+03	+9.763e+03	+0.344
79.300	+6.367e+03	+4.050e+03	+1.007e+04	+0.389
79.400	+2.951e+03	+6.987e+03	+9.329e+03	+0.703
79.500	+2.958e+03	+7.074e+03	+8.579e+03	+0.705
79.600	+3.440e+03	+6.725e+03	+1.071e+04	+0.662
79.700	+3.729e+03	+8.537e+03	+9.664e+03	+0.696
79.800	+3.731e+03	+7.596e+03	+1.013e+04	+0.671
79.900	+3.916e+03	+6.688e+03	+9.534e+03	+0.631
80.000	+4.237e+03	+6.303e+03	+1.058e+04	+0.598
80.100	+3.860e+03	+7.306e+03	+9.550e+03	+0.654
80.200	+3.919e+03	+7.023e+03	+1.003e+04	+0.642
80.300	+2.705e+03	+6.089e+03	+8.371e+03	+0.692
80.400	+2.128e+03	+4.681e+03	+9.679e+03	+0.687
80.500	+1.170e+03	+7.086e+03	+9.720e+03	+0.858
80.600	+3.263e+03	+6.889e+03	+9.908e+03	+0.679
80.700	+2.363e+03	+7.896e+03	+8.862e+03	+0.770
80.800	+2.853e+03	+7.904e+03	+9.741e+03	+0.735
80.900	+3.593e+03	+7.051e+03	+9.334e+03	+0.662
81.000	+2.482e+03	+5.316e+03	+1.004e+04	+0.682
81.100	+4.206e+03	+7.855e+03	+9.706e+03	+0.651
81.200	+2.538e+03	+9.058e+03	+1.049e+04	+0.781
81.300	+3.355e+03	+7.341e+03	+1.140e+04	+0.686
81.400	+5.911e+03	+4.386e+03	+1.048e+04	+0.426
81.500	+7.953e+03	+2.614e+03	+1.060e+04	+0.247
81.600	+6.394e+03	+2.615e+03	+9.739e+03	+0.290
81.700	+7.062e+03	+2.486e+03	+9.083e+03	+0.260
81.800	+5.467e+03	+3.503e+03	+9.849e+03	+0.390
81.900	+7.783e+03	+2.413e+03	+9.413e+03	+0.237
82.000	+6.687e+03	+2.531e+03	+1.082e+04	+0.275
82.100	+7.493e+03	+1.883e+03	+1.003e+04	+0.201
82.200	+6.342e+03	+4.055e+03	+9.457e+03	+0.390
82.300	+3.783e+03	+7.544e+03	+9.237e+03	+0.666
82.400	+3.876e+03	+6.432e+03	+1.036e+04	+0.624
82.500	+2.819e+03	+8.324e+03	+9.651e+03	+0.747
82.600	+3.037e+03	+8.125e+03	+1.054e+04	+0.728
82.700	+1.643e+03	+6.898e+03	+1.011e+04	+0.808
82.800	+2.618e+03	+7.322e+03	+9.924e+03	+0.737
82.900	+2.694e+03	+7.369e+03	+8.993e+03	+0.732
83.000	+3.064e+03	+6.544e+03	+9.974e+03	+0.681
83.100	+1.810e+03	+7.956e+03	+9.850e+03	+0.815
83.200	+4.188e+03	+7.659e+03	+1.147e+04	+0.647
83.300	+3.939e+03	+7.507e+03	+9.481e+03	+0.656
83.400	+1.467e+03	+6.322e+03	+1.092e+04	+0.812
83.500	+2.875e+03	+5.904e+03	+9.810e+03	+0.673
83.600	+2.145e+03	+8.039e+03	+1.062e+04	+0.789
83.700	+3.220e+03	+6.598e+03	+1.102e+04	+0.672
83.800	+2.237e+03	+6.808e+03	+1.026e+04	+0.753
83.900	+3.666e+03	+7.356e+03	+9.064e+03	+0.667
84.000	+1.868e+03	+6.653e+03	+9.039e+03	+0.781
84.100	+3.780e+03	+5.805e+03	+9.845e+03	+0.606
84.200	+6.331e+03	+2.079e+03	+1.067e+04	+0.247
84.300	+5.797e+03	+2.118e+03	+9.532e+03	+0.268
84.400	+5.032e+03	+4.613e+03	+1.009e+04	+0.478
84.500	+3.660e+03	+7.009e+03	+9.682e+03	+0.657
84.600	+2.493e+03	+6.565e+03	+9.311e+03	+0.725
84.700	+2.866e+03	+6.433e+03	+9.242e+03	+0.692
84.800	+2.224e+03	+8.674e+03	+9.604e+03	+0.796
84.900	+3.598e+03	+8.056e+03	+9.708e+03	+0.691
85.000	+3.075e+03	+6.854e+03	+8.678e+03	+0.690
85.100	+1.882e+03	+8.017e+03	+1.044e+04	+0.810
85.200	+2.243e+03	+7.456e+03	+1.032e+04	+0.769
85.300	+1.349e+03	+6.856e+03	+1.081e+04	+0.836
85.400	+1.682e+03	+8.193e+03	+9.334e+03	+0.830
85.500	+3.410e+03	+8.272e+03	+9.650e+03	+0.708
85.600	+2.443e+03	+7.463e+03	+1.142e+04	+0.753
85.700	+2.125e+03	+7.826e+03	+1.042e+04	+0.786
85.800	+5.315e+03	+6.048e+03	+9.386e+03	+0.532
85.900	+7.603e+03	+3.079e+03	+7.924e+03	+0.288
86.000	+5.444e+03	+2.712e+03	+8.091e+03	+0.333
86.100	+5.634e+03	+2.714e+03	+1.028e+04	+0.325
86.200	+5.233e+03	+5.329e+03	+1.006e+04	+0.505
86.300	+3.288e+03	+7.264e+03	+8.327e+03	+0.688
86.400	+3.953e+03	+8.331e+03	+1.032e+04	+0.678
86.500	+2.236e+03	+7.110e+03	+1.074e+04	+0.761
86.600	+2.923e+03	+6.911e+03	+1.124e+04	+0.703
86.700	+2.456e+03	+7.171e+03	+9.175e+03	+0.745
86.800	+2.162e+03	+7.498e+03	+9.774e+03	+0.776
86.900	+4.136e+03	+8.452e+03	+8.719e+03	+0.671
87.000	+3.809e+03	+7.054e+03	+9.284e+03	+0.649
87.100	+2.551e+03	+7.271e+03	+1.051e+04	+0.740
87.200	+4.066e+03	+7.669e+03	+1.067e+04	+0.654
87.300	+3.201e+03	+5.692e+03	+1.049e+04	+0.640
87.400	+2.112e+03	+5.920e+03	+9.437e+03	+0.737
87.500	+1.609e+03	+6.053e+03	+1.035e+04	+0.790
87.600	+3.340e+03	+7.886e+03	+9.901e+03	+0.702
87.700	+2.228e+03	+6.476e+03	+1.033e+04	+0.744
87.800	+3.544e+03	+7.045e+03	+1.019e+04	+0.665
87.900	+2.150e+03	+6.522e+03	+8.304e+03	+0.752
88.000	+2.440e+03	+7.025e+03	+1.032e+04	+0.742
88.100	+2.503e+03	+6.934e+03	+1.041e+04	+0.735
88.200	+1.938e+03	+6.207e+03	+1.010e+04	+0.762
88.300	+3.301e+03	+6.744e+03	+1.046e+04	+0.671
88.400	+3.907e+03	+7.332e+03	+1.121e+04	+0.652
88.500	+4.011e+03	+6.053e+03	+1.085e+04	+0.601
88.600	+2.076e+03	+5.888e+03	+1.033e+04	+0.739
88.700	+3.422e+03	+6.442e+03	+1.067e+04	+0.653
88.800	+2.419e+03	+7.719e+03	+9.329e+03	+0.761
88.900	+3.490e+03	+5.578e+03	+9.807e+03	+0.615
89.000	+2.372e+03	+6.661e+03	+1.096e+04	+0.737
89.100	+5.203e+03	+7.760e+03	+1.115e+04	+0.599
89.200	+3.267e+03	+6.436e+03	+1.069e+04	+0.663
89.300	+3.683e+03	+6.774e+03	+9.661e+03	+0.648
89.400	+6.570e+03	+3.092e+03	+1.039e+04	+0.320
89.500	+5.519e+03	+3.724e+03	+1.040e+04	+0.403
89.600	+8.208e+03	+2.786e+03	+1.036e+04	+0.253
89.700	+7.256e+03	+3.509e+03	+9.596e+03	+0.326
89.800	+7.136e+03	+3.301e+03	+9.007e+03	+0.316
89.900	+6.485e+03	+3.272e+03	+9.596e+03	+0.335
90.000	+5.360e+03	+2.918e+03	+8.495e+03	+0.353
90.100	+6.916e+03	+3.121e+03	+9.750e+03	+0.311
90.200	+7.381e+03	+2.457e+03	+8.866e+03	+0.250
90.300	+7.299e+03	+2.453e+03	+9.220e+03	+0.252
90.400	+7.761e+03	+1.362e+03	+9.844e+03	+0.149
90.500	+7.602e+03	+2.944e+03	+8.628e+03	+0.279
90.600	+7.725e+03	+1.710e+03	+9.838e+03	+0.181
90.700	+6.976e+03	+2.974e+03	+1.115e+04	+0.299
90.800	+6.979e+03	+3.336e+03	+9.617e+03	+0.323
90.900	+7.440e+03	+3.680e+03	+1.082e+04	+0.331
91.000	+8.091e+03	+3.156e+03	+9.383e+03	+0.281
91.100	+6.424e+03	+2.887e+03	+9.052e+03	+0.310
91.200	+6.903e+03	+2.892e+03	+9.296e+03	+0.295
91.300	+7.158e+03	+1.807e+03	+1.018e+04	+0.202
91.400	+5.817e+03	+1.742e+03	+9.785e+03	+0.231
91.500	+7.307e+03	+2.951e+03	+1.040e+04	+0.288
91.600	+8.406e+03	+2.905e+03	+9.729e+03	+0.257
91.700	+7.205e+03	+2.936e+03	+1.036e+04	+0.290
91.800	+5.879e+03	+3.521e+03	+7.640e+03	+0.375
91.900	+8.294e+03	+2.868e+03	+1.087e+04	+0.257
92.000	+6.674e+03	+1.692e+03	+1.098e+04	+0.202
92.100	+6.890e+03	+3.633e+03	+1.059e+04	+0.345
92.200	+6.818e+03	+3.058e+03	+1.006e+04	+0.310
92.300	+8.699e+03	+2.640e+03	+1.107e+04	+0.233
92.400	+7.528e+03	+3.724e+03	+1.111e+04	+0.331
92.500	+6.188e+03	+2.228e+03	+1.008e+04	+0.265
92.600	+5.402e+03	+2.782e+03	+9.841e+03	+0.340
92.700	+5.845e+03	+1.679e+03	+8.655e+03	+0.223
92.800	+6.690e+03	+9.124e+02	+1.071e+04	+0.120
92.900	+6.047e+03	+3.472e+03	+9.789e+03	+0.365
93.000	+6.577e+03	+2.500e+03	+1.010e+04	+0.275
93.100	+6.906e+03	+2.659e+03	+9.493e+03	+0.278
93.200	+7.133e+03	+2.562e+03	+9.744e+03	+0.264
93.300	+8.291e+03	+3.569e+03	+9.720e+03	+0.301
93.400	+7.181e+03	+3.466e+03	+9.701e+03	+0.326
93.500	+6.843e+03	+2.499e+03	+9.294e+03	+0.268
93.600	+7.399e+03	+3.180e+03	+1.038e+04	+0.301
93.700	+6.927e+03	+3.099e+03	+1.226e+04	+0.309
93.800	+6.525e+03	+2.038e+03	+9.519e+03	+0.238
93.900	+6.643e+03	+4.962e+03	+1.083e+04	+0.428
94.000	+7.206e+03	+3.931e+03	+1.061e+04	+0.353
94.100	+7.766e+03	+3.200e+03	+9.713e+03	+0.292
94.200	+4.931e+03	+3.713e+03	+1.018e+04	+0.430
94.300	+7.197e+03	+3.036e+03	+8.717e+03	+0.297
94.400	+6.172e+03	+3.956e+03	+1.045e+04	+0.391
94.500	+6.377e+03	+2.964e+03	+1.122e+04	+0.317
94.600	+6.692e+03	+2.813e+03	+1.086e+04	+0.296
94.700	+5.724e+03	+3.495e+02	+1.095e+04	+0.058
94.800	+7.609e+03	+8.719e+02	+1.044e+04	+0.103
94.900	+8.110e+03	+3.155e+03	+1.183e+04	+0.280
95.000	+6.680e+03	+2.195e+03	+1.019e+04	+0.247
95.100	+5.940e+03	+3.114e+03	+1.072e+04	+0.344
95.200	+6.765e+03	+3.310e+03	+1.043e+04	+0.329
95.300	+6.038e+03	+1.655e+03	+1.141e+04	+0.215
95.400	+5.788e+03	+3.606e+03	+9.989e+03	+0.384
95.500	+3.621e+03	+8.252e+03	+1.053e+04	+0.695
95.600	+2.767e+03	+6.785e+03	+1.053e+04	+0.710
95.700	+3.515e+03	+6.809e+03	+1.046e+04	+0.660
95.800	+2.382e+03	+7.297e+03	+1.010e+04	+0.754
95.900	+2.492e+03	+6.224e+03	+1.072e+04	+0.714
96.000	+2.617e+03	+6.350e+03	+9.487e+03	+0.708
96.100	+3.657e+03	+7.116e+03	+1.126e+04	+0.661
96.200	+2.470e+03	+6.873e+03	+9.919e+03	+0.736
96.300	+2.619e+03	+7.219e+03	+9.573e+03	+0.734
96.400	+2.885e+03	+8.376e+03	+9.416e+03	+0.744
96.500	+3.546e+03	+6.965e+03	+1.016e+04	+0.663
96.600	+3.172e+03	+6.340e+03	+1.115e+04	+0.667
96.700	+2.001e+03	+8.192e+03	+8.894e+03	+0.804
96.800	+3.603e+03	+5.637e+03	+1.162e+04	+0.610
96.900	+3.059e+03	+7.029e+03	+1.112e+04	+0.697
97.000	+4.550e+03	+4.635e+03	+9.975e+03	+0.505
97.100	+6.487e+03	+2.254e+03	+8.599e+03	+0.258
97.200	+5.950e+03	+2.986e+03	+1.006e+04	+0.334
97.300	+6.107e+03	+2.996e+03	+1.027e+04	+0.329
97.400	+6.165e+03	+3.986e+03	+1.015e+04	+0.393
97.500	+5.909e+03	+2.780e+03	+9.949e+03	+0.320
97.600	+7.140e+03	+2.564e+03	+9.352e+03	+0.264
97.700	+7.491e+03	+3.595e+03	+9.194e+03	+0.324
97.800	+6.875e+03	+1.454e+03	+9.473e+03	+0.175
97.900	+8.912e+03	+3.004e+03	+1.002e+04	+0.252
98.000	+8.165e+03	+1.585e+03	+9.837e+03	+0.163
98.100	+7.051e+03	+2.869e+03	+1.033e+04	+0.289
98.200	+5.916e+03	+1.959e+03	+9.339e+03	+0.249
98.300	+4.281e+03	+7.151e+03	+9.744e+03	+0.626
98.400	+4.528e+03	+7.127e+03	+9.035e+03	+0.612
98.500	+3.606e+03	+6.406e+03	+9.082e+03	+0.640
98.600	+2.596e+03	+6.640e+03	+9.244e+03	+0.719
98.700	+3.140e+03	+7.202e+03	+1.021e+04	+0.696
98.800	+1.828e+03	+5.817e+03	+1.040e+04	+0.761
98.900	+2.443e+03	+6.002e+03	+9.860e+03	+0.711
99.000	+2.257e+03	+6.966e+03	+8.884e+03	+0.755
99.100	+1.304e+03	+7.419e+03	+1.040e+04	+0.851
99.200	+3.456e+03	+7.068e+03	+1.031e+04	+0.672
99.300	+2.095e+03	+7.065e+03	+9.542e+03	+0.771
99.400	+2.145e+03	+6.687e+03	+9.239e+03	+0.757
99.500	+2.789e+03	+7.320e+03	+1.024e+04	+0.724
99.600	+2.285e+03	+7.898e+03	+1.124e+04	+0.776
99.700	+3.291e+03	+6.800e+03	+9.435e+03	+0.674
99.800	+3.779e+03	+6.658e+03	+8.879e+03	+0.638
99.900	+3.411e+03	+6.492e+03	+9.547e+03	+0.656
100.000	+2.971e+03	+7.710e+03	+1.065e+04	+0.722
100.100	+2.096e+03	+7.749e+03	+9.928e+03	+0.787
100.200	+2.078e+03	+7.229e+03	+9.539e+03	+0.777
100.300	+2.371e+03	+6.644e+03	+8.981e+03	+0.737
100.400	+4.197e+03	+7.309e+03	+9.902e+03	+0.635
100.500	+2.166e+03	+8.803e+03	+1.137e+04	+0.803
100.600	+3.400e+03	+7.127e+03	+1.070e+04	+0.677
100.700	+2.840e+03	+6.347e+03	+1.012e+04	+0.691
100.800	+1.563e+03	+7.408e+03	+9.247e+03	+0.826
100.900	+1.878e+03	+7.644e+03	+9.120e+03	+0.803
101.000	+3.928e+03	+7.699e+03	+9.577e+03	+0.662
101.100	+3.390e+03	+7.389e+03	+1.175e+04	+0.685
101.200	+1.405e+03	+6.636e+03	+1.023e+04	+0.825
101.300	+3.819e+03	+6.767e+03	+1.175e+04	+0.639
101.400	+3.524e+03	+7.324e+03	+1.022e+04	+0.675
101.500	+2.378e+03	+5.177e+03	+1.017e+04	+0.685
101.600	+2.361e+03	+6.592e+03	+8.803e+03	+0.736
101.700	+2.455e+03	+7.432e+03	+9.631e+03	+0.752
101.800	+2.111e+03	+7.014e+03	+1.019e+04	+0.769
101.900	+2.093e+03	+5.881e+03	+8.876e+03	+0.738
102.000	+2.874e+03	+7.200e+03	+1.202e+04	+0.715
102.100	+1.604e+03	+5.742e+03	+1.019e+04	+0.782
102.200	+2.597e+03	+6.387e+03	+9.480e+03	+0.711
102.300	+3.396e+03	+7.605e+03	+9.750e+03	+0.691
102.400	+3.141e+03	+7.991e+03	+1.027e+04	+0.718
102.500	+6.961e+03	+3.729e+03	+8.942e+03	+0.349
102.600	+8.446e+03	+2.922e+03	+1.015e+04	+0.257
102.700	+6.239e+03	+2.719e+03	+1.016e+04	+0.304
102.800	+7.623e+03	+3.707e+03	+1.003e+04	+0.327
102.900	+7.021e+03	+2.345e+03	+1.034e+04	+0.250
103.000	+7.379e+03	+3.210e+03	+9.672e+03	+0.303
103.100	+6.417e+03	+1.927e+03	+9.486e+03	+0.231
103.200	+6.751e+03	+2.586e+03	+1.078e+04	+0.277
103.300	+7.570e+03	+4.083e+03	+8.968e+03	+0.350
103.400	+6.552e+03	+2.700e+03	+1.055e+04	+0.292
103.500	+5.493e+03	+3.105e+03	+9.720e+03	+0.361
103.600	+8.762e+03	+3.779e+03	+9.300e+03	+0.301
103.700	+7.222e+03	+2.204e+03	+9.672e+03	+0.234
103.800	+5.932e+03	+2.859e+03	+9.405e+03	+0.325
103.900	+7.466e+03	+2.129e+03	+1.048e+04	+0.222
104.000	+8.134e+03	+2.623e+03	+1.153e+04	+0.244
104.100	+5.221e+03	+3.984e+03	+1.079e+04	+0.433
104.200	+3.314e+03	+7.156e+03	+9.944e+03	+0.683
104.300	+3.566e+03	+6.670e+03	+8.466e+03	+0.652
104.400	+3.441e+03	+6.735e+03	+9.797e+03	+0.662
104.500	+2.795e+03	+6.605e+03	+1.043e+04	+0.703
104.600	+3.848e+03	+5.790e+03	+9.462e+03	+0.601
104.700	+3.814e+03	+6.820e+03	+1.084e+04	+0.641
104.800	+3.229e+03	+7.649e+03	+9.243e+03	+0.703
104.900	+2.670e+03	+5.686e+03	+8.967e+03	+0.680
105.000	+3.814e+03	+7.763e+03	+9.031e+03	+0.671
105.100	+3.158e+03	+7.179e+03	+9.914e+03	+0.694
105.200	+5.167e+03	+3.229e+03	+9.790e+03	+0.385
105.300	+6.893e+03	+2.634e+03	+8.832e+03	+0.277
105.400	+7.975e+03	+3.585e+03	+1.024e+04	+0.310
105.500	+7.611e+03	+3.607e+03	+1.051e+04	+0.322
105.600	+6.976e+03	+3.401e+03	+9.577e+03	+0.328
105.700	+6.343e+03	+3.951e+03	+1.152e+04	+0.384
105.800	+3.341e+03	+6.150e+03	+9.359e+03	+0.648
105.900	+2.283e+03	+7.100e+03	+8.837e+03	+0.757
106.000	+2.034e+03	+8.058e+03	+1.167e+04	+0.798
106.100	+2.667e+03	+6.494e+03	+9.873e+03	+0.709
106.200	+2.936e+03	+5.528e+03	+9.536e+03	+0.653
106.300	+2.294e+03	+6.333e+03	+9.906e+03	+0.734
106.400	+1.880e+03	+8.182e+03	+9.940e+03	+0.813
106.500	+2.495e+03	+5.160e+03	+1.045e+04	+0.674
106.600	+3.348e+03	+7.241e+03	+1.020e+04	+0.684
106.700	+1.869e+03	+7.443e+03	+9.789e+03	+0.799
106.800	+3.423e+03	+5.929e+03	+1.153e+04	+0.634
106.900	+1.825e+03	+6.942e+03	+1.094e+04	+0.792
107.000	+2.641e+03	+7.488e+03	+8.548e+03	+0.739
107.100	+2.272e+03	+7.160e+03	+1.064e+04	+0.759
107.200	+3.042e+03	+6.371e+03	+1.072e+04	+0.677
107.300	+2.802e+03	+8.937e+03	+9.320e+03	+0.761
107.400	+4.045e+03	+8.025e+03	+9.101e+03	+0.665
107.500	+2.921e+03	+6.990e+03	+8.904e+03	+0.705
107.600	+3.130e+03	+7.193e+03	+9.672e+03	+0.697
107.700	+3.439e+03	+7.432e+03	+1.045e+04	+0.684
107.800	+3.288e+03	+6.449e+03	+9.738e+03	+0.662
107.900	+2.920e+03	+7.509e+03	+1.059e+04	+0.720
108.000	+2.495e+03	+7.803e+03	+9.493e+03	+0.758
108.100	+3.223e+03	+8.354e+03	+1.108e+04	+0.722
108.200	+4.673e+03	+4.106e+03	+1.002e+04	+0.468
108.300	+6.349e+03	+3.140e+03	+9.183e+03	+0.331
108.400	+6.377e+03	+3.482e+03	+9.222e+03	+0.353
108.500	+7.084e+03	+3.512e+03	+9.652e+03	+0.331
108.600	+5.523e+03	+5.725e+03	+9.851e+03	+0.509
108.700	+6.569e+03	+2.257e+03	+9.651e+03	+0.256
108.800	+6.690e+03	+2.290e+03	+9.897e+03	+0.255
108.900	+5.840e+03	+4.208e+03	+1.052e+04	+0.419
109.000	+6.911e+03	+1.162e+03	+9.820e+03	+0.144
109.100	+6.956e+03	+4.463e+03	+1.121e+04	+0.391
109.200	+7.200e+03	+2.840e+03	+8.967e+03	+0.283
109.300	+7.352e+03	+2.459e+03	+9.744e+03	+0.251
109.400	+6.150e+03	+2.135e+03	+9.606e+03	+0.258
109.500	+7.355e+03	+2.828e+03	+1.189e+04	+0.278
109.600	+7.607e+03	+1.797e+03	+1.048e+04	+0.191
109.700	+7.679e+03	+2.930e+03	+9.854e+03	+0.276
109.800	+7.996e+03	+2.881e+03	+9.528e+03	+0.265
109.900	+7.235e+03	+2.567e+03	+1.120e+04	+0.262
110.000	+7.565e+03	+2.002e+03	+1.027e+04	+0.209
110.100	+6.428e+03	+3.411e+03	+1.068e+04	+0.347
110.200	+7.387e+03	+4.142e+03	+9.718e+03	+0.359
110.300	+5.829e+03	+2.593e+03	+1.037e+04	+0.308
110.400	+6.973e+03	+3.131e+03	+1.099e+04	+0.310
110.500	+6.386e+03	+3.100e+03	+9.989e+03	+0.327
110.600	+6.702e+03	+3.779e+03	+9.722e+03	+0.361
110.700	+6.454e+03	+2.197e+03	+1.135e+04	+0.254
110.800	+7.177e+03	+2.998e+03	+1.104e+04	+0.295
110.900	+6.763e+03	+2.713e+03	+1.078e+04	+0.286
111.000	+7.655e+03	+4.095e+03	+1.039e+04	+0.349
111.100	+6.487e+03	+4.604e+03	+8.782e+03	+0.415
111.200	+6.485e+03	+3.997e+03	+8.727e+03	+0.381
111.300	+6.838e+03	+3.222e+03	+1.031e+04	+0.320
111.400	+6.510e+03	+2.817e+03	+9.421e+03	+0.302
111.500	+5.961e+03	+2.328e+03	+9.381e+03	+0.281
111.600	+7.305e+03	+2.960e+03	+1.202e+04	+0.288
111.700	+7.950e+03	+3.073e+03	+1.000e+04	+0.279
111.800	+5.293e+03	+3.215e+03	+9.027e+03	+0.378
111.900	+6.529e+03	+2.781e+03	+1.001e+04	+0.299
112.000	+7.153e+03	+2.128e+03	+9.880e+03	+0.229
112.100	+4.167e+03	+5.281e+03	+9.294e+03	+0.559
112.200	+3.131e+03	+8.245e+03	+1.062e+04	+0.725
112.300	+1.854e+03	+7.129e+03	+9.927e+03	+0.794
112.400	+2.331e+03	+6.552e+03	+1.048e+04	+0.738
112.500	+2.920e+03	+7.017e+03	+9.825e+03	+0.706
112.600	+3.918e+03	+6.437e+03	+9.671e+03	+0.622
112.700	+3.496e+03	+7.374e+03	+9.552e+03	+0.678
112.800	+3.792e+03	+6.145e+03	+9.900e+03	+0.618
112.900	+3.540e+03	+6.235e+03	+1.086e+04	+0.638
113.000	+2.383e+03	+8.286e+03	+1.119e+04	+0.777
113.100	+2.035e+03	+6.231e+03	+1.016e+04	+0.754
113.200	+2.918e+03	+6.892e+03	+1.070e+04	+0.703
113.300	+3.884e+03	+6.992e+03	+9.958e+03	+0.643
113.400	+2.571e+03	+8.016e+03	+1.157e+04	+0.757
113.500	+3.144e+03	+7.189e+03	+9.747e+03	+0.696
113.600	+2.488e+03	+6.034e+03	+1.177e+04	+0.708
113.700	+2.980e+03	+6.766e+03	+1.092e+04	+0.694
113.800	+3.721e+03	+7.863e+03	+1.149e+04	+0.679
113.900	+3.096e+03	+6.719e+03	+1.017e+04	+0.685
114.000	+2.912e+03	+7.142e+03	+8.276e+03	+0.710
114.100	+2.294e+03	+8.611e+03	+9.726e+03	+0.790
114.200	+3.945e+03	+6.650e+03	+1.096e+04	+0.628
114.300	+1.920e+03	+8.348e+03	+9.374e+03	+0.813
114.400	+2.764e+03	+6.265e+03	+9.295e+03	+0.694
114.500	+3.510e+03	+7.246e+03	+1.127e+04	+0.674
114.600	+2.127e+03	+6.061e+03	+9.874e+03	+0.740
114.700	+3.057e+03	+7.017e+03	+1.145e+04	+0.697
114.800	+2.027e+03	+7.304e+03	+9.893e+03	+0.783
114.900	+3.105e+03	+6.103e+03	+1.074e+04	+0.663
115.000	+6.039e+03	+2.963e+03	+9.731e+03	+0.329
115.100	+8.019e+03	+4.158e+03	+1.012e+04	+0.341
115.200	+6.652e+03	+1.568e+03	+9.413e+03	+0.191
115.300	+3.649e+03	+6.122e+03	+9.558e+03	+0.627
115.400	+3.137e+03	+8.370e+03	+8.515e+03	+0.727
115.500	+3.128e+03	+7.070e+03	+1.156e+04	+0.693
115.600	+3.026e+03	+7.028e+03	+1.028e+04	+0.699
115.700	+4.007e+03	+6.589e+03	+1.013e+04	+0.622
115.800	+2.145e+03	+7.843e+03	+1.088e+04	+0.785
115.900	+2.602e+03	+7.335e+03	+1.028e+04	+0.738
116.000	+2.957e+03	+7.963e+03	+9.125e+03	+0.729
116.100	+1.775e+03	+6.798e+03	+9.180e+03	+0.793
116.200	+3.278e+03	+7.436e+03	+9.895e+03	+0.694
116.300	+3.373e+03	+7.835e+03	+9.956e+03	+0.699
116.400	+3.234e+03	+7.634e+03	+9.680e+03	+0.702
116.500	+2.668e+03	+7.821e+03	+1.072e+04	+0.746
116.600	+2.333e+03	+7.657e+03	+8.590e+03	+0.766
116.700	+3.106e+03	+5.772e+03	+1.063e+04	+0.650
116.800	+6.967e+03	+3.611e+03	+9.726e+03	+0.341
116.900	+8.151e+03	+2.984e+03	+9.807e+03	+0.268
117.000	+8.445e+03	+1.446e+03	+9.932e+03	+0.146
117.100	+6.312e+03	+4.807e+03	+1.052e+04	+0.432
117.200	+6.675e+03	+3.079e+03	+9.264e+03	+0.316
117.300	+3.125e+03	+5.428e+03	+1.035e+04	+0.635
117.400	+2.501e+03	+7.500e+03	+1.021e+04	+0.750
117.500	+2.808e+03	+7.165e+03	+1.003e+04	+0.718
117.600	+3.530e+03	+5.876e+03	+1.094e+04	+0.625
117.700	+3.601e+03	+7.439e+03	+1.011e+04	+0.674
117.800	+3.277e+03	+5.288e+03	+9.494e+03	+0.617
117.900	+3.234e+03	+8.856e+03	+1.036e+04	+0.733
118.000	+2.877e+03	+7.541e+03	+1.106e+04	+0.724
118.100	+2.345e+03	+7.275e+03	+9.593e+03	+0.756
118.200	+2.118e+03	+6.612e+03	+1.024e+04	+0.757
118.300	+1.977e+03	+7.421e+03	+1.073e+04	+0.790
118.400	+2.214e+03	+6.333e+03	+1.026e+04	+0.741
118.500	+7.192e+02	+7.200e+03	+9.939e+03	+0.909
118.600	+3.861e+03	+7.808e+03	+9.647e+03	+0.669
118.700	+3.408e+03	+6.368e+03	+1.034e+04	+0.651
118.800	+3.390e+03	+7.776e+03	+9.895e+03	+0.696
118.900	+2.065e+03	+6.407e+03	+9.982e+03	+0.756
119.000	+3.227e+03	+7.553e+03	+8.701e+03	+0.701
119.100	+2.269e+03	+5.911e+03	+8.262e+03	+0.723
119.200	+3.618e+03	+6.889e+03	+9.848e+03	+0.656
119.300	+2.085e+03	+6.793e+03	+1.049e+04	+0.765
119.400	+3.189e+03	+5.529e+03	+9.372e+03	+0.634
119.500	+3.004e+03	+6.941e+03	+1.083e+04	+0.698
119.600	+2.782e+03	+7.931e+03	+8.647e+03	+0.740
119.700	+3.983e+03	+8.340e+03	+8.485e+03	+0.677
119.800	+2.545e+03	+6.681e+03	+1.018e+04	+0.724
119.900	+3.236e+03	+6.695e+03	+8.391e+03	+0.674
120.000	+3.294e+03	+7.392e+03	+1.135e+04	+0.692
120.100	+3.815e+03	+6.000e+03	+1.040e+04	+0.611
120.200	+7.394e+03	+3.913e+03	+9.872e+03	+0.346
120.300	+7.986e+03	+2.768e+03	+9.299e+03	+0.257
120.400	+7.070e+03	+2.511e+03	+9.268e+03	+0.262
120.500	+7.187e+03	+1.566e+03	+9.136e+03	+0.179
120.600	+6.100e+03	+1.794e+03	+1.142e+04	+0.227
120.700	+7.292e+03	+4.067e+03	+1.034e+04	+0.358
120.800	+6.831e+03	+3.534e+03	+1.067e+04	+0.341
120.900	+7.447e+03	+2.708e+03	+8.966e+03	+0.267
121.000	+6.567e+03	+2.737e+03	+1.019e+04	+0.294
121.100	+6.643e+03	+2.409e+03	+8.851e+03	+0.266
121.200	+7.777e+03	+3.322e+03	+1.022e+04	+0.299
121.300	+6.409e+03	+1.295e+03	+9.611e+03	+0.168
121.400	+6.635e+03	+1.890e+03	+9.202e+03	+0.222
121.500	+6.343e+03	+3.856e+03	+9.614e+03	+0.378
121.600	+3.053e+03	+6.254e+03	+9.570e+03	+0.672
121.700	+3.614e+03	+5.525e+03	+9.166e+03	+0.605
121.800	+4.176e+03	+8.419e+03	+1.165e+04	+0.668
121.900	+3.565e+03	+6.612e+03	+1.174e+04	+0.650
122.000	+2.786e+03	+5.888e+03	+9.040e+03	+0.679
122.100	+3.596e+03	+8.458e+03	+9.842e+03	+0.702
122.200	+3.616e+03	+7.050e+03	+1.004e+04	+0.661
122.300	+3.475e+03	+7.079e+03	+9.206e+03	+0.671
122.400	+7.037e+03	+4.169e+03	+9.887e+03	+0.372
122.500	+6.255e+03	+2.849e+03	+1.006e+04	+0.313
122.600	+5.889e+03	+3.672e+03	+1.125e+04	+0.384
122.700	+6.956e+03	+3.801e+03	+1.082e+04	+0.353
122.800	+7.447e+03	+4.191e+03	+8.995e+03	+0.360
122.900	+6.570e+03	+4.286e+03	+9.233e+03	+0.395
123.000	+1.840e+03	+7.520e+03	+9.084e+03	+0.803
123.100	+3.967e+03	+8.432e+03	+1.141e+04	+0.680
123.200	+2.556e+03	+7.593e+03	+9.845e+03	+0.748
123.300	+2.328e+03	+6.673e+03	+1.080e+04	+0.741
123.400	+2.017e+03	+7.311e+03	+1.003e+04	+0.784
123.500	+1.982e+03	+9.020e+03	+1.042e+04	+0.820
123.600	+2.445e+03	+7.308e+03	+1.069e+04	+0.749
123.700	+2.430e+03	+8.101e+03	+9.820e+03	+0.769
123.800	+2.364e+03	+7.862e+03	+9.406e+03	+0.769
123.900	+2.464e+03	+6.071e+03	+1.011e+04	+0.711
124.000	+3.254e+03	+6.790e+03	+8.954e+03	+0.676
124.100	+4.884e+03	+6.154e+03	+1.019e+04	+0.558
124.200	+3.775e+03	+6.042e+03	+9.637e+03	+0.615
124.300	+3.775e+03	+6.578e+03	+1.030e+04	+0.635
124.400	+6.758e+03	+2.453e+03	+1.062e+04	+0.266
124.500	+8.011e+03	+2.672e+03	+1.009e+04	+0.250
124.600	+7.059e+03	+1.988e+03	+9.972e+03	+0.220
124.700	+7.306e+03	+3.649e+03	+1.000e+04	+0.333
124.800	+6.806e+03	+3.215e+03	+1.078e+04	+0.321
124.900	+7.824e+03	+3.907e+03	+9.873e+03	+0.333
125.000	+7.904e+03	+4.034e+03	+8.737e+03	+0.338
125.100	+7.386e+03	+2.965e+03	+1.013e+04	+0.286
125.200	+7.552e+03	+4.148e+03	+1.036e+04	+0.355
125.300	+8.535e+03	+3.551e+03	+9.646e+03	+0.294
125.400	+5.803e+03	+3.290e+03	+1.008e+04	+0.362
125.500	+5.563e+03	+4.022e+03	+1.046e+04	+0.420
125.600	+7.618e+03	+3.273e+03	+1.050e+04	+0.301
125.700	+5.786e+03	+1.607e+03	+8.490e+03	+0.217
125.800	+7.364e+03	+3.105e+03	+9.075e+03	+0.297
125.900	+7.835e+03	+2.737e+03	+1.045e+04	+0.259
126.000	+6.477e+03	+3.587e+03	+1.112e+04	+0.356
126.100	+7.848e+03	+3.806e+03	+1.134e+04	+0.327
126.200	+7.819e+03	+2.808e+03	+9.969e+03	+0.264
126.300	+7.438e+03	+3.293e+03	+9.694e+03	+0.307
126.400	+7.533e+03	+1.537e+03	+1.067e+04	+0.169
126.500	+7.498e+03	+3.164e+03	+9.368e+03	+0.297
126.600	+6.565e+03	+3.165e+03	+1.062e+04	+0.325
126.700	+6.170e+03	+3.151e+03	+9.723e+03	+0.338
126.800	+7.717e+03	+3.142e+03	+1.014e+04	+0.289
126.900	+6.297e+03	+3.232e+03	+9.693e+03	+0.339
127.000	+5.862e+03	+2.224e+03	+9.814e+03	+0.275
127.100	+6.726e+03	+2.208e+03	+9.950e+03	+0.247
127.200	+7.300e+03	+3.152e+03	+9.213e+03	+0.302
127.300	+6.497e+03	+3.290e+03	+9.914e+03	+0.336
127.400	+4.034e+03	+5.171e+03	+1.093e+04	+0.562
127.500	+2.088e+03	+6.170e+03	+1.009e+04	+0.747
127.600	+3.116e+03	+8.516e+03	+8.982e+03	+0.732
127.700	+3.415e+03	+7.415e+03	+1.018e+04	+0.685
127.800	+3.762e+03	+5.990e+03	+1.089e+04	+0.614
127.900	+2.375e+03	+6.552e+03	+8.949e+03	+0.734
128.000	+2.673e+03	+6.562e+03	+9.181e+03	+0.711
128.100	+2.131e+03	+6.755e+03	+1.014e+04	+0.760
128.200	+1.020e+03	+7.559e+03	+9.350e+03	+0.881
128.300	+3.280e+03	+7.118e+03	+1.070e+04	+0.685
128.400	+2.654e+03	+6.775e+03	+9.995e+03	+0.718
128.500	+1.620e+03	+7.096e+03	+1.133e+04	+0.814
128.600	+4.008e+03	+6.055e+03	+1.012e+04	+0.602
128.700	+1.245e+03	+1.023e+04	+9.989e+03	+0.891
128.800	+3.230e+03	+8.370e+03	+1.213e+04	+0.722
128.900	+3.328e+03	+6.300e+03	+9.900e+03	+0.654
129.000	+3.415e+03	+7.007e+03	+1.099e+04	+0.672
129.100	+2.023e+03	+6.425e+03	+9.251e+03	+0.761
129.200	+4.293e+03	+7.393e+03	+9.732e+03	+0.633
129.300	+7.569e+03	+3.900e+03	+1.101e+04	+0.340
129.400	+6.386e+03	+3.382e+03	+1.038e+04	+0.346
129.500	+7.242e+03	+3.427e+03	+9.845e+03	+0.321
129.600	+5.244e+03	+3.730e+03	+1.142e+04	+0.416
129.700	+7.638e+03	+3.074e+03	+1.076e+04	+0.287
129.800	+6.610e+03	+1.432e+03	+1.056e+04	+0.178
129.900	+7.463e+03	+2.415e+03	+9.146e+03	+0.244
130.000	+7.791e+03	+3.868e+03	+1.071e+04	+0.332
130.100	+6.485e+03	+2.844e+03	+9.922e+03	+0.305
130.200	+6.663e+03	+2.229e+03	+1.084e+04	+0.251
130.300	+6.041e+03	+1.613e+03	+9.859e+03	+0.211
130.400	+5.732e+03	+2.684e+03	+9.384e+03	+0.319
130.500	+7.070e+03	+3.222e+03	+1.138e+04	+0.313
130.600	+6.305e+03	+3.384e+03	+9.275e+03	+0.349
130.700	+6.219e+03	+2.953e+03	+9.459e+03	+0.322
130.800	+6.186e+03	+3.511e+03	+9.864e+03	+0.362
130.900	+3.276e+03	+6.721e+03	+8.464e+03	+0.672
131.000	+3.380e+03	+7.569e+03	+1.030e+04	+0.691
131.100	+9.948e+02	+6.180e+03	+1.128e+04	+0.861
131.200	+3.477e+03	+7.513e+03	+9.766e+03	+0.684
131.300	+2.587e+03	+7.271e+03	+1.064e+04	+0.738
131.400	+3.280e+03	+8.928e+03	+9.172e+03	+0.731
131.500	+1.996e+03	+7.556e+03	+8.917e+03	+0.791
131.600	+1.831e+03	+6.545e+03	+8.614e+03	+0.781
131.700	+2.527e+03	+6.675e+03	+1.132e+04	+0.725
131.800	+2.791e+03	+6.902e+03	+9.576e+03	+0.712
131.900	+3.467e+03	+8.118e+03	+1.158e+04	+0.701
132.000	+2.561e+03	+8.352e+03	+9.918e+03	+0.765
132.100	+3.708e+03	+6.336e+03	+1.076e+04	+0.631
132.200	+3.057e+03	+7.605e+03	+1.004e+04	+0.713
132.300	+4.646e+03	+7.173e+03	+9.352e+03	+0.607
132.400	+3.203e+03	+6.618e+03	+1.075e+04	+0.674
132.500	+3.245e+03	+7.246e+03	+9.694e+03	+0.691
132.600	+2.539e+03	+6.170e+03	+9.061e+03	+0.708
132.700	+2.433e+03	+6.605e+03	+9.904e+03	+0.731
132.800	+3.965e+03	+6.989e+03	+1.003e+04	+0.638
132.900	+1.260e+03	+7.566e+03	+9.073e+03	+0.857
133.000	+4.862e+03	+8.400e+03	+9.246e+03	+0.633
133.100	+2.205e+03	+7.353e+03	+9.847e+03	+0.769
133.200	+3.936e+03	+7.533e+03	+7.866e+03	+0.657
133.300	+2.783e+03	+5.836e+03	+9.736e+03	+0.677
133.400	+3.375e+03	+7.130e+03	+1.035e+04	+0.679
133.500	+3.275e+03	+7.665e+03	+9.994e+03	+0.701
133.600	+2.396e+03	+5.234e+03	+8.778e+03	+0.686
133.700	+2.245e+03	+6.343e+03	+1.043e+04	+0.739
133.800	+3.485e+03	+8.385e+03	+8.805e+03	+0.706
133.900	+1.762e+03	+5.672e+03	+1.028e+04	+0.763
134.000	+3.722e+03	+5.515e+03	+1.110e+04	+0.597
134.100	+4.178e+03	+6.840e+03	+1.009e+04	+0.621
134.200	+3.691e+03	+7.495e+03	+8.743e+03	+0.670
134.300	+2.345e+03	+7.549e+03	+1.035e+04	+0.763
134.400	+1.441e+03	+7.708e+03	+1.057e+04	+0.842
134.500	+1.933e+03	+6.462e+03	+1.008e+04	+0.770
134.600	+2.526e+03	+7.259e+03	+1.107e+04	+0.742
134.700	+4.383e+03	+6.679e+03	+9.855e+03	+0.604
134.800	+3.688e+03	+6.949e+03	+1.081e+04	+0.653
134.900	+5.818e+03	+4.198e+03	+1.009e+04	+0.419
135.000	+6.900e+03	+4.087e+03	+8.111e+03	+0.372
135.100	+5.092e+03	+3.185e+03	+9.257e+03	+0.385
135.200	+6.924e+03	+2.688e+03	+9.749e+03	+0.280
135.300	+6.911e+03	+4.194e+03	+1.014e+04	+0.378
135.400	+8.152e+03	+3.058e+03	+1.069e+04	+0.273
135.500	+5.660e+03	+4.031e+03	+1.032e+04	+0.416
135.600	+6.028e+03	+3.205e+03	+8.911e+03	+0.347
135.700	+6.904e+03	+3.019e+03	+8.961e+03	+0.304
135.800	+7.867e+03	+3.129e+03	+8.900e+03	+0.285
135.900	+6.608e+03	+4.095e+03	+1.025e+04	+0.383
136.000	+6.724e+03	+4.966e+03	+9.156e+03	+0.425
136.100	+5.651e+03	+3.886e+03	+9.921e+03	+0.407
